833
118  123
104  129
99  104
113  133
168  142
150  188
134  116
142  127
134  121
127  185
133  142
100  111
144  134
134  123
151  137
150  167
115  118
82  78
113  112
130  128
108  128
146  124
122  117
145  132
122  128
124  112
161  131
113  130
96  97
135  136
105  113
146  120
131  110
151  127
135  161
148  154
151  159
136  117
124  130
112  133
133  141
118  114
160  134
111  124
141  120
133  133
110  132
151  167
116  115
165  130
142  121
131  127
97  111
119  123
103  118
100  88
97  103
157  138
93  77
152  127
139  115
169  142
98  113
117  115
134  118
113  129
110  125
132  173
153  123
97  112
125  124
94  100
156  136
98  105
130  114
126  125
126  133
105  118
149  118
137  121
150  186
163  138
144  126
162  126
140  187
151  123
150  133
141  133
108  118
130  119
124  117
129  115
89  77
105  127
149  185
172  144
126  126
127  131
99  83
95  107
91  74
151  180
104  123
96  81
143  122
124  135
167  133
112  113
97  81
130  134
145  129
125  184
113  114
129  127
89  76
155  131
128  131
108  116
128  136
136  116
160  140
127  134
120  126
98  103
104  116
126  129
92  79
86  74
142  133
130  123
98  95
152  172
150  128
97  97
98  108
145  124
166  134
95  72
121  136
105  119
170  144
119  129
119  130
101  95
158  128
148  134
133  147
98  107
90  72
155  137
99  106
140  131
118  129
98  115
146  126
120  109
116  124
105  123
135  119
130  125
140  115
100  118
123  113
154  187
117  129
142  138
126  119
153  138
143  118
146  134
100  78
140  120
143  121
150  184
146  150
138  125
100  117
98  106
101  112
115  119
169  136
131  119
142  142
97  115
151  172
137  124
121  135
163  142
147  130
109  131
110  133
130  110
112  131
94  105
101  117
133  154
127  138
149  133
99  81
153  129
167  134
150  137
144  133
134  136
100  109
131  122
170  145
144  188
131  124
144  127
108  117
105  129
100  101
97  107
127  124
118  126
142  120
110  124
117  134
131  178
151  174
100  104
170  137
147  151
124  119
139  117
123  186
116  125
150  185
138  122
130  186
110  120
154  138
155  136
126  135
148  131
134  157
95  108
141  131
143  131
155  126
137  119
116  120
148  138
105  116
145  122
122  111
121  137
92  78
132  130
126  121
103  124
97  104
103  111
97  73
121  113
122  113
136  136
100  92
96  78
96  111
101  106
100  81
100  97
149  186
164  132
106  130
113  134
141  139
119  118
159  128
126  115
94  77
111  127
114  130
109  126
95  80
119  127
107  122
127  112
112  125
156  135
150  162
139  138
128  113
143  128
134  111
119  117
136  134
99  107
104  114
100  102
151  182
117  136
114  118
160  135
121  109
113  132
83  75
133  148
97  88
168  139
99  110
127  132
132  145
129  140
169  143
107  117
110  112
119  125
142  139
121  111
120  122
151  135
150  160
152  176
149  132
98  81
110  119
99  78
149  135
126  116
114  116
121  123
97  94
156  132
147  139
146  136
166  141
98  79
142  116
126  134
127  116
117  118
107  120
133  169
102  109
159  127
132  117
138  140
126  124
109  124
105  111
165  142
96  73
121  122
124  115
127  129
149  117
125  121
136  119
121  186
151  133
151  170
130  122
101  79
157  139
133  119
149  124
99  109
122  133
145  134
85  76
147  138
132  147
150  182
140  135
134  131
150  183
103  109
132  125
134  119
100  108
163  132
92  76
149  121
150  159
115  122
104  115
103  113
118  125
103  110
114  122
125  122
89  71
125  185
145  147
124  129
125  131
105  112
134  139
98  89
122  124
151  129
153  128
119  128
169  145
138  137
152  177
130  111
138  135
127  130
149  138
104  111
117  122
123  121
104  121
165  134
167  140
144  187
109  113
98  91
166  139
151  166
159  132
83  78
159  135
159  125
131  121
119  120
141  129
127  117
138  121
146  127
121  116
134  132
131  118
101  116
90  71
116  132
110  114
126  120
97  83
123  117
120  119
100  84
138  117
147  132
152  184
100  112
165  143
165  132
163  140
104  120
151  139
159  140
108  126
124  114
113  113
137  115
125  187
114  121
109  120
151  168
129  189
126  117
153  185
151  173
99  108
104  122
121  115
112  124
107  125
142  117
96  108
129  122
120  117
118  110
154  128
122  191
107  121
133  138
152  128
159  130
130  142
102  112
133  118
98  98
133  113
126  186
142  188
135  135
123  138
101  114
128  134
140  127
124  134
94  102
130  131
150  164
128  181
148  136
101  105
124  131
132  123
98  111
97  75
132  131
95  106
143  127
134  142
133  116
150  169
126  131
109  121
132  174
130  120
140  122
133  136
144  122
152  126
118  127
151  131
136  122
147  124
133  151
119  122
136  112
127  188
152  171
153  122
101  108
145  125
154  136
99  98
160  131
159  131
121  120
114  133
147  131
108  127
148  122
134  125
151  177
137  137
97  82
140  136
127  121
96  79
98  101
136  137
97  106
119  133
148  153
101  122
143  126
172  146
128  123
100  122
111  123
137  122
96  75
119  136
131  174
154  122
163  127
101  123
108  125
95  105
107  115
124  118
138  139
99  105
150  126
158  123
151  120
141  121
135  124
132  163
171  138
111  117
135  137
151  185
155  133
132  169
154  132
146  130
165  133
89  72
116  128
125  116
129  134
98  85
171  141
157  131
121  124
130  115
141  127
165  131
95  102
139  133
150  177
150  118
163  135
101  88
147  121
114  134
124  132
97  102
124  120
101  80
122  112
146  128
120  127
148  117
127  137
122  126
100  79
157  134
106  121
166  136
124  139
112  114
120  110
128  127
113  115
123  118
101  104
144  137
158  135
149  155
132  151
108  120
145  150
151  132
116  117
152  185
102  111
106  114
154  135
101  119
107  113
133  135
124  128
144  121
144  139
134  120
126  118
165  136
97  109
116  112
130  176
115  126
118  136
120  123
96  98
133  115
145  136
127  139
134  133
120  135
135  111
90  76
133  163
120  114
99  113
138  116
112  111
95  103
104  113
149  128
151  164
172  140
109  117
128  135
98  116
140  132
120  121
142  129
122  123
108  114
132  124
154  133
79  78
121  132
93  71
141  118
137  134
140  141
131  117
136  118
145  131
128  110
124  122
170  140
99  116
150  117
122  109
140  114
102  125
126  128
106  119
132  115
125  111
158  138
149  136
142  124
157  133
155  121
116  127
157  137
123  124
136  115
98  102
166  138
104  110
106  122
123  115
162  137
164  130
129  119
102  107
96  80
99  100
131  173
138  112
90  79
133  152
143  144
138  118
97  98
130  124
100  107
132  112
139  140
95  100
94  104
129  179
134  127
151  158
112  120
98  109
132  141
152  123
171  142
118  122
101  115
147  152
99  102
99  96
129  136
99  86
83  76
103  117
157  136
152  187
99  77
139  127
119  115
123  131
133  122
90  77
120  186
127  123
117  113
130  133
120  129
123  126
162  129
156  138
133  132
133  124
117  131
80  77
142  125
141  144
128  126
155  120
157  125
140  138
147  119
159  133
101  81
117  135
152  133
140  117
101  124
107  116
146  122
151  119
149  137
99  101
129  184
140  119
124  121
106  118
130  121
122  115
121  125
132  165
128  133
141  188
129  187
144  117
149  127
155  134
168  138
153  133
153  134
144  118
147  187
138  132
118  118
138  133
122  118
131  128
158  137
150  120
133  149
134  135
140  118
126  113
129  120
129  117
124  125
144  131
127  133
142  140
116  133
99  85
142  144
148  139
139  126
161  128
103  125
104  118
141  122
123  109
146  125
117  130
150  173
148  137
133  129
