897
138  83
175  96
186  110
135  87
121  85
99  69
111  90
139  84
139  90
153  103
121  92
159  87
134  96
147  115
138  121
181  101
120  85
184  103
140  111
156  156
123  93
98  55
140  102
180  109
185  108
134  105
150  92
131  93
125  88
108  87
118  97
179  104
134  97
127  87
151  159
162  98
161  99
140  105
165  108
130  94
136  82
170  104
113  85
152  142
167  102
153  129
133  86
176  107
159  94
148  85
128  104
191  110
154  138
106  88
143  84
145  96
133  147
120  160
146  104
159  90
159  104
143  90
131  155
156  87
149  107
164  91
149  106
142  100
130  92
149  97
119  92
125  91
143  91
190  107
147  94
77  75
123  94
142  91
182  108
136  94
132  98
134  104
180  98
172  94
161  110
156  109
108  84
100  68
153  101
153  99
135  93
142  89
90  65
123  97
139  100
133  84
188  102
103  76
142  99
138  112
136  99
105  75
161  105
176  97
172  105
153  151
152  128
152  123
102  70
144  98
132  112
150  109
130  102
122  162
150  97
104  71
145  94
148  95
97  59
158  87
120  106
112  85
137  93
109  93
158  91
176  106
147  157
179  108
133  93
141  102
187  110
152  88
146  98
167  94
170  92
116  103
129  105
178  107
159  107
160  99
136  96
133  100
162  102
116  94
120  105
127  160
159  111
120  99
141  85
99  61
145  108
126  103
155  90
191  107
124  84
130  87
146  158
141  105
114  84
136  122
134  89
126  98
178  97
132  151
129  99
145  105
99  64
138  132
144  96
140  101
104  72
149  158
137  119
109  84
181  100
158  106
145  158
153  98
146  85
94  66
146  111
126  99
128  89
134  84
133  83
128  94
124  108
127  98
150  160
145  101
128  101
165  105
142  95
165  93
127  90
151  103
136  137
167  91
91  65
158  99
149  87
133  101
93  60
113  89
123  104
141  103
136  116
147  114
174  94
103  79
137  95
141  94
187  103
154  136
136  91
152  152
164  93
172  95
172  93
100  59
126  101
126  100
154  145
170  100
162  95
158  89
139  101
122  85
168  105
150  95
138  87
89  65
132  109
160  91
130  93
123  100
114  95
163  98
164  98
149  89
154  147
120  91
171  100
187  109
174  105
182  103
101  79
134  139
155  107
88  64
113  94
149  88
152  96
105  88
155  111
120  95
145  113
135  94
102  71
143  88
99  77
192  109
183  110
139  127
157  102
145  102
152  156
190  108
132  88
100  60
153  138
96  56
151  123
139  97
123  107
156  92
155  155
160  100
169  105
136  119
167  90
135  137
127  104
172  107
134  87
136  86
141  111
176  101
153  133
95  59
172  108
144  97
102  57
188  103
169  93
188  106
129  87
149  109
142  106
154  149
171  101
126  94
99  65
158  98
102  66
135  89
112  97
87  65
151  88
143  87
135  102
141  86
136  134
167  101
151  110
126  160
178  100
176  108
171  109
126  93
161  88
184  105
159  93
107  81
148  117
148  97
138  96
175  94
138  135
121  91
123  92
101  64
148  101
174  101
125  99
147  85
134  146
95  56
126  83
160  108
156  104
126  107
136  88
152  157
186  108
162  106
152  145
190  106
163  111
133  97
161  89
111  82
171  96
144  111
129  83
146  156
128  85
140  127
123  95
119  88
132  101
179  98
155  94
134  99
165  109
143  86
100  69
120  162
139  83
131  159
128  110
175  108
137  124
114  99
175  101
166  104
123  89
157  87
166  106
121  95
102  84
150  87
115  96
147  119
119  161
141  92
141  90
134  88
128  90
137  122
153  104
155  154
98  58
155  93
126  159
160  104
114  89
117  89
159  97
98  62
131  87
171  98
130  111
130  110
88  66
119  159
126  97
164  106
121  160
152  133
97  65
134  106
125  93
127  102
101  81
139  102
122  161
178  102
129  88
101  70
100  84
151  86
138  133
139  89
166  108
151  111
182  98
107  87
189  108
138  98
160  88
131  110
156  155
144  94
133  106
122  158
149  101
169  102
128  84
168  103
129  159
135  104
92  57
122  95
182  105
164  110
137  107
147  88
103  67
164  104
148  158
182  107
153  128
142  108
99  78
127  96
149  111
150  120
142  84
165  101
138  122
133  87
79  74
149  108
146  102
140  89
131  96
101  68
137  106
137  115
181  107
168  106
152  143
131  106
102  60
173  105
142  101
163  90
131  88
152  89
171  107
152  126
150  98
104  73
147  103
137  91
123  101
95  62
122  86
145  95
132  100
119  89
175  109
136  112
177  97
178  106
154  151
183  106
174  95
163  94
137  103
162  96
103  86
152  111
132  86
140  95
163  99
102  65
142  112
133  107
130  97
106  84
99  70
148  108
115  85
167  105
185  106
85  67
146  107
135  111
124  94
142  85
157  103
166  100
101  76
145  156
141  89
160  109
188  104
153  107
130  89
164  107
135  103
166  93
142  94
138  91
138  90
140  98
163  107
95  60
147  105
149  121
149  85
153  106
140  87
146  97
181  105
143  89
174  96
82  68
167  92
154  148
122  99
163  103
134  111
142  87
152  159
162  99
158  88
117  96
136  89
133  103
99  71
101  75
163  105
173  108
136  102
131  92
143  103
158  96
111  86
130  96
128  108
183  98
155  98
148  99
150  106
131  154
179  106
149  103
129  102
141  96
134  94
142  90
122  94
152  87
119  87
132  91
100  66
145  107
147  87
159  103
133  88
123  98
174  100
147  92
74  78
129  106
134  144
150  105
139  93
180  101
155  87
138  99
140  97
128  158
174  99
128  107
85  63
184  102
137  99
148  86
179  96
156  102
186  100
154  90
169  99
141  88
169  106
162  101
161  93
135  90
131  85
136  136
138  125
161  97
145  89
122  87
164  109
121  98
162  111
129  84
132  87
124  103
103  63
154  146
146  106
91  64
162  108
135  136
143  157
170  99
168  95
154  153
142  103
178  109
125  97
105  81
130  109
153  148
153  100
147  101
155  104
163  95
177  96
121  106
138  84
180  97
143  98
153  134
137  100
139  104
124  96
133  90
100  81
187  102
160  96
134  82
132  90
134  107
171  99
152  108
179  99
167  107
167  106
136  115
155  156
173  97
146  115
143  97
148  96
131  95
155  95
143  93
124  101
118  90
166  105
144  101
184  110
130  86
102  79
104  64
129  95
102  76
150  159
124  106
123  158
98  66
152  103
154  144
103  57
148  104
135  143
134  100
138  85
145  99
120  159
136  93
153  150
102  85
140  93
118  100
135  84
137  84
122  98
142  98
147  102
179  107
135  83
183  101
102  82
84  68
152  127
155  88
162  90
156  95
173  93
148  90
152  98
129  96
138  110
146  87
143  94
140  85
123  105
150  104
143  110
132  105
127  84
136  87
173  109
190  109
142  88
125  160
166  91
137  102
153  143
132  103
131  84
117  98
191  109
186  107
138  106
131  109
121  99
128  92
145  84
154  128
131  91
137  134
166  97
120  101
184  109
147  96
98  63
109  86
101  80
173  106
183  100
125  103
152  150
134  110
134  102
104  83
127  101
170  108
162  89
135  96
96  65
100  78
95  54
93  65
134  90
120  161
185  103
133  148
121  94
137  83
169  95
97  58
104  90
168  107
157  109
139  126
121  159
122  105
106  92
136  117
176  102
147  104
181  108
169  107
152  110
138  86
126  84
168  91
130  83
137  101
86  63
145  93
126  90
150  100
121  93
127  100
162  110
187  105
189  107
136  118
138  101
138  105
158  97
153  156
151  158
138  94
148  94
118  104
178  108
112  82
134  142
152  155
137  137
118  98
171  102
124  90
146  86
131  100
135  110
148  157
134  83
130  98
144  88
120  90
90  62
167  110
104  78
148  110
170  105
161  111
159  91
131  158
100  55
149  96
161  91
135  119
105  74
161  101
133  151
160  89
128  99
154  96
162  105
188  105
103  64
183  104
132  85
177  105
131  97
168  97
140  100
168  94
157  91
186  105
163  108
139  98
180  108
121  103
100  79
122  100
93  61
148  161
81  69
130  95
134  109
156  108
148  100
182  104
147  113
138  88
127  91
180  104
104  66
137  121
132  84
128  86
133  149
149  104
164  102
