699
85  147
126  133
112  136
124  125
102  152
142  116
107  146
124  130
72  162
94  152
143  118
110  147
80  154
122  141
158  106
93  152
180  97
122  140
79  154
167  101
120  146
166  111
95  152
152  126
79  148
182  95
124  120
108  100
173  105
168  97
124  115
142  127
70  163
103  151
98  144
118  136
91  143
86  147
119  144
87  144
98  152
110  137
162  106
153  123
144  126
144  117
124  117
178  100
161  110
116  132
120  145
103  153
125  124
114  138
119  118
87  147
160  104
89  153
78  157
127  134
132  145
133  138
90  148
127  131
124  121
109  138
163  108
145  125
146  111
150  105
118  126
78  160
119  146
86  154
64  163
147  124
135  137
98  143
105  141
119  133
113  150
138  133
108  138
86  145
121  124
115  149
144  118
73  154
99  149
123  142
143  131
145  132
151  111
102  141
127  152
166  100
174  100
110  140
157  109
122  128
102  145
130  149
141  121
148  108
146  130
167  106
96  156
106  139
150  106
141  129
167  107
92  154
135  135
130  125
149  118
127  137
116  137
123  126
129  136
138  121
172  95
125  122
119  145
129  127
159  114
147  114
118  122
143  128
91  145
145  131
140  127
115  144
133  122
151  112
69  157
83  157
159  111
108  139
171  102
137  134
144  122
133  151
127  146
127  133
127  151
133  147
126  129
116  117
87  158
81  157
117  137
136  122
129  153
77  159
71  160
179  98
111  146
130  134
170  100
141  118
150  114
96  149
96  144
117  129
118  127
121  137
115  146
110  148
156  108
124  131
134  132
175  101
116  139
152  117
148  113
70  157
99  140
151  127
163  105
135  136
124  119
146  125
120  135
167  102
125  141
170  99
169  106
95  156
182  97
128  134
108  146
128  136
148  110
105  146
121  132
120  126
174  101
126  128
129  142
115  142
130  131
134  133
135  124
140  131
171  107
141  133
96  145
114  134
164  102
132  130
114  151
153  107
150  118
112  147
147  119
132  124
142  120
156  104
75  151
161  99
150  120
150  126
90  153
171  98
93  157
159  112
139  133
115  143
162  111
142  129
125  121
121  120
83  156
67  162
161  111
149  107
119  122
162  115
106  143
137  122
126  148
143  121
147  132
141  127
128  126
142  133
166  105
119  120
94  146
153  104
163  98
108  140
85  158
174  95
143  127
147  115
132  125
162  101
105  144
124  128
95  153
109  153
169  107
145  129
141  122
168  105
119  117
151  123
138  135
127  140
111  145
124  132
122  133
155  118
135  148
111  139
155  111
151  103
86  142
164  106
177  97
101  143
157  103
94  155
152  123
155  117
92  144
100  147
124  122
146  126
120  141
114  142
101  152
176  97
152  103
99  144
84  155
128  141
120  117
69  165
90  149
117  134
125  131
133  135
102  143
105  148
148  131
126  134
73  152
146  122
174  105
127  132
164  109
112  146
104  143
164  104
120  138
114  108
162  105
159  104
101  140
170  108
149  124
173  97
127  130
162  102
162  112
171  100
163  111
124  129
127  129
118  118
117  135
71  162
147  131
161  101
139  126
90  141
85  144
118  147
113  139
142  121
136  136
96  155
119  143
146  127
180  98
169  102
162  99
112  151
156  119
103  140
89  147
181  95
70  162
80  147
109  102
171  96
126  143
155  107
121  136
122  143
128  133
166  104
140  132
119  138
119  137
136  137
169  99
120  129
138  125
126  126
149  108
107  147
84  152
81  156
130  128
149  111
133  136
83  148
129  134
86  144
121  123
128  127
111  142
101  153
130  124
162  108
143  122
146  120
67  165
134  125
73  162
140  122
93  149
82  148
122  123
123  141
73  160
88  147
114  141
96  153
90  144
123  121
97  156
87  155
144  127
79  160
151  110
168  107
161  105
166  108
153  122
133  133
119  128
97  140
166  97
165  101
126  135
121  139
122  124
149  109
120  123
120  140
123  117
123  138
132  131
142  125
124  135
103  149
155  120
149  117
159  103
127  148
156  109
160  108
103  145
181  96
133  152
101  146
90  151
98  154
94  154
141  131
134  127
118  125
147  113
134  136
157  102
144  121
117  130
122  115
110  144
84  151
140  118
109  139
164  98
166  106
121  144
134  146
137  124
82  149
114  149
126  142
150  113
145  122
65  165
162  110
165  105
91  148
143  126
134  150
123  118
156  114
122  113
132  123
130  145
145  113
121  115
154  114
93  156
160  100
124  141
142  117
97  146
127  147
96  142
121  122
89  152
130  142
122  126
172  105
120  114
120  122
109  151
86  158
161  113
121  113
140  119
163  99
168  106
154  122
150  128
177  95
117  118
171  101
65  161
133  124
88  151
150  109
134  123
131  127
121  116
138  132
89  154
171  99
71  154
96  146
130  153
118  123
134  131
170  105
152  110
165  108
128  135
124  144
129  149
164  110
73  153
153  103
118  129
132  151
126  131
151  120
80  152
127  145
170  104
122  118
112  139
168  103
87  153
160  99
124  139
159  117
146  115
97  154
128  145
116  120
128  131
133  149
115  148
124  118
163  107
85  153
73  159
149  128
116  140
112  105
147  121
124  134
127  138
117  122
127  143
99  154
152  111
93  140
142  124
163  112
92  150
137  121
160  112
72  163
134  135
155  121
148  115
140  117
130  143
98  142
98  155
136  134
120  121
156  102
126  125
81  158
131  128
139  127
74  156
97  147
158  115
119  130
98  140
118  110
77  158
119  123
147  130
88  140
148  117
121  140
99  146
146  128
96  152
163  103
159  107
140  120
132  147
84  156
121  125
114  133
86  156
118  144
96  148
88  141
176  101
93  153
105  143
112  140
83  144
123  115
76  158
82  157
160  116
131  124
138  122
119  127
117  139
133  129
120  139
160  109
144  131
72  152
108  145
165  109
128  153
145  124
131  150
95  150
113  134
169  105
148  122
100  142
150  116
78  154
129  140
99  141
146  124
85  143
141  120
123  131
174  96
116  133
152  108
88  150
127  139
120  119
179  96
65  164
119  115
164  111
152  127
175  96
178  97
149  121
133  132
167  105
119  129
67  161
117  136
121  135
110  150
123  124
150  117
144  133
117  144
164  107
133  148
119  125
74  157
84  148
117  131
90  154
117  147
77  161
84  158
153  106
155  104
174  99
130  133
83  150
122  146
149  127
120  127
122  117
95  144
81  160
94  150
124  145
177  96
151  119
119  136
