1198
121  79
119  87
103  107
96  70
148  95
118  90
144  117
123  126
93  103
97  107
138  105
125  116
90  71
138  132
99  86
98  101
124  130
146  97
164  111
111  106
151  111
123  105
114  141
122  80
134  106
120  85
102  94
169  107
124  122
114  118
90  83
148  101
150  116
170  117
109  93
100  111
119  118
126  83
127  121
140  102
136  99
144  96
131  110
124  125
142  116
130  109
135  90
137  145
123  89
165  105
147  113
169  110
121  109
124  96
104  73
106  111
126  119
114  76
162  106
101  112
100  81
91  86
87  92
128  92
105  81
127  124
140  98
103  106
127  101
178  118
138  98
135  143
143  110
121  85
140  117
159  107
120  106
138  90
109  84
121  113
100  78
98  102
90  87
135  93
86  74
95  80
119  81
107  107
142  91
90  79
90  99
127  81
167  119
112  105
97  97
136  112
144  111
122  112
178  115
97  104
152  103
171  107
177  118
131  85
134  104
126  98
106  105
151  103
115  84
99  71
188  124
178  117
124  120
108  84
113  110
148  110
102  105
98  107
138  137
115  143
130  95
139  97
108  109
116  112
134  144
93  101
93  98
170  111
170  108
122  133
100  102
134  102
121  103
123  109
162  112
149  108
98  109
94  86
125  91
180  110
90  76
128  108
129  88
83  76
121  115
122  118
112  82
90  85
137  95
179  119
130  89
100  84
159  117
100  108
150  114
115  81
92  78
163  112
95  84
110  111
88  64
126  101
129  119
119  137
131  109
104  110
151  120
180  112
155  111
117  84
136  89
114  84
134  105
84  81
83  75
124  106
129  105
124  103
84  64
147  94
115  104
153  106
138  87
162  105
154  114
121  94
165  120
141  94
129  120
91  69
173  113
138  135
127  123
181  123
119  120
147  121
136  137
153  104
97  68
111  100
181  112
123  100
132  112
131  119
123  107
95  103
87  87
156  102
155  107
176  115
99  110
104  78
138  140
140  119
89  76
85  76
80  77
156  119
85  81
100  79
140  95
131  121
140  101
120  107
101  105
120  114
114  103
179  122
138  112
104  101
78  76
113  94
113  78
114  99
134  107
140  111
127  98
142  95
137  103
103  76
118  104
104  111
136  122
76  81
115  118
123  92
113  103
174  113
108  116
101  101
143  121
133  90
139  90
117  113
132  84
96  98
121  98
162  119
183  120
97  65
108  103
90  65
118  80
165  112
88  94
109  102
132  98
145  113
108  98
162  110
118  97
114  89
165  113
120  119
132  117
126  94
134  87
142  98
106  98
124  117
95  83
149  96
133  116
175  118
142  101
143  122
99  81
138  110
136  117
125  80
136  143
160  112
129  102
121  111
138  121
134  119
135  110
166  111
98  81
160  108
172  107
108  107
97  75
122  98
99  108
75  80
128  104
133  88
181  124
169  106
153  107
122  81
91  74
161  113
89  83
91  88
101  104
172  121
120  99
134  88
82  78
99  100
105  97
179  116
132  87
124  119
120  78
121  106
130  102
119  136
71  83
146  111
100  92
129  117
119  138
147  105
104  114
124  112
173  109
159  112
127  100
105  111
106  84
87  89
91  82
127  90
111  105
118  100
102  112
83  73
149  104
175  121
117  89
126  120
123  113
150  113
143  118
113  99
102  85
149  118
107  99
173  110
124  121
117  107
91  93
129  84
162  108
128  85
113  85
105  75
175  117
79  74
186  123
124  94
99  104
157  109
88  90
147  96
94  94
126  116
86  87
89  77
178  119
117  98
97  98
107  106
140  105
129  96
137  115
121  124
90  77
99  69
109  77
145  96
88  87
166  115
114  142
120  80
130  94
135  87
139  89
127  91
92  79
138  101
138  117
96  73
136  91
119  115
142  103
121  120
174  119
141  88
112  111
120  101
110  112
135  94
131  93
175  114
124  115
138  88
164  110
90  94
118  109
147  114
138  99
150  95
123  97
150  98
134  97
171  109
120  122
100  101
185  121
142  106
167  111
121  99
136  136
150  109
169  113
114  116
124  114
116  115
96  65
153  100
131  96
142  100
133  115
122  105
134  121
75  81
129  83
113  115
145  107
147  92
125  81
129  106
170  110
95  100
135  89
155  118
98  95
111  101
91  100
107  113
117  106
136  119
96  81
129  122
167  106
117  115
124  131
114  95
127  102
138  96
95  106
102  103
123  82
181  111
140  114
105  88
105  99
130  97
175  111
120  141
122  95
180  114
148  97
140  115
118  118
167  115
133  100
176  116
157  103
116  120
97  102
71  82
96  87
107  87
125  111
164  112
140  87
130  115
105  74
149  101
124  118
122  87
159  114
139  127
93  71
121  136
140  122
130  92
100  100
135  111
109  86
93  69
128  101
143  91
121  123
110  114
150  92
81  69
138  139
135  104
134  96
87  65
173  112
108  112
99  106
92  67
145  105
115  85
143  90
137  137
130  111
102  70
141  120
77  75
100  107
97  103
132  115
91  85
96  108
131  118
120  109
140  100
119  117
126  82
160  104
104  100
133  106
126  99
138  116
108  96
122  123
181  113
94  100
97  94
113  89
142  112
113  112
98  89
135  119
111  77
147  102
127  112
127  116
115  96
119  92
123  104
137  91
131  100
130  87
108  114
115  82
122  94
123  80
142  108
99  102
179  113
142  94
164  117
139  115
149  107
133  119
123  115
96  84
167  105
85  70
179  121
134  118
164  106
98  85
123  121
145  108
92  103
160  109
89  72
148  104
85  84
119  122
148  113
169  116
95  95
102  107
89  71
126  107
91  92
78  79
107  81
121  116
90  72
134  110
101  95
116  117
166  105
83  74
109  95
164  116
163  111
88  66
161  110
93  65
96  93
150  106
118  110
82  74
127  87
148  96
134  123
108  111
138  91
138  122
94  70
168  110
150  97
137  101
130  98
168  114
116  103
121  91
130  123
150  105
164  104
126  103
93  70
107  115
146  115
118  114
126  100
121  132
101  75
107  75
97  82
164  107
148  115
163  117
104  106
142  89
146  120
161  118
91  94
168  105
123  118
161  111
122  108
126  118
113  81
129  82
89  65
125  93
122  124
128  84
123  117
106  102
159  103
131  88
122  85
151  119
119  79
101  76
141  102
116  77
165  108
126  121
99  70
96  88
165  115
100  104
132  85
150  118
131  95
138  86
105  112
130  120
144  94
164  109
141  121
128  110
102  93
150  104
152  110
135  96
146  102
182  118
103  110
163  118
98  108
156  114
153  98
162  111
102  89
116  76
137  100
171  114
132  100
163  105
132  103
122  113
103  97
133  86
183  113
83  78
132  145
134  100
137  107
139  117
117  96
126  97
93  100
91  99
147  119
145  101
100  109
109  113
141  111
86  67
139  93
169  111
114  104
97  83
172  108
100  66
142  88
182  123
113  113
162  115
134  111
97  106
178  122
97  69
149  97
180  117
86  70
100  68
122  86
119  88
128  94
112  97
144  121
146  104
121  135
136  88
172  118
173  115
102  71
156  108
99  78
173  121
116  94
85  67
140  97
144  118
134  89
137  93
143  103
122  99
95  72
129  115
109  104
158  106
130  114
82  66
131  122
173  108
96  79
170  112
145  99
181  114
124  129
132  101
136  87
148  108
91  95
171  110
140  120
117  81
105  105
116  80
130  83
99  96
142  120
104  113
159  111
103  93
177  122
156  104
142  99
100  97
94  104
126  90
111  86
152  117
98  91
146  107
121  82
131  92
111  107
86  72
161  105
80  80
130  121
99  98
138  125
137  122
113  114
124  80
141  89
148  100
135  84
126  124
124  128
139  101
131  117
127  96
112  113
143  97
127  104
151  112
88  82
97  73
101  68
137  99
163  103
168  106
103  98
121  92
94  77
126  115
94  95
105  108
148  94
121  81
114  108
93  77
137  102
138  94
98  105
144  122
120  105
106  75
163  108
132  109
143  98
94  105
142  90
142  117
97  88
120  138
137  134
134  84
146  106
162  117
114  102
151  110
129  99
168  116
129  95
98  66
128  113
159  104
104  83
120  79
94  102
148  117
108  100
162  116
103  86
103  113
103  103
89  91
122  117
92  68
93  102
98  98
183  112
167  107
118  107
101  102
120  95
120  110
126  84
123  131
157  102
140  93
133  97
97  109
83  79
145  93
178  116
143  89
101  108
126  125
105  113
150  120
156  109
152  111
82  68
79  78
103  79
136  102
121  95
128  89
131  91
112  85
132  86
126  117
93  95
124  90
143  93
99  83
136  141
111  117
95  107
88  89
152  98
168  112
134  94
86  81
106  114
108  97
106  88
147  115
147  101
120  91
112  114
140  89
130  119
118  122
121  107
165  109
133  103
104  90
117  77
132  91
178  114
101  88
123  93
115  119
124  101
111  82
132  123
92  95
92  84
100  98
172  112
89  94
127  82
130  86
143  94
93  96
179  117
166  108
125  97
111  90
169  119
123  98
91  83
98  106
85  87
106  95
98  79
121  122
115  142
141  96
147  103
126  113
125  82
158  115
125  124
102  82
149  109
120  82
128  123
101  79
152  96
139  104
94  92
155  117
124  108
96  97
118  98
127  84
125  103
137  106
141  118
106  92
120  140
101  81
100  88
102  79
150  100
122  100
120  117
99  109
134  99
132  90
145  95
123  124
87  80
147  104
133  84
134  109
146  98
142  121
168  107
110  109
138  118
122  115
113  101
164  115
116  82
130  93
111  142
120  139
116  83
120  135
163  107
149  111
182  114
141  105
141  92
92  76
122  78
125  88
149  106
102  84
179  110
134  90
178  112
131  106
139  98
150  117
129  87
145  102
100  99
102  96
175  112
136  118
149  103
125  121
138  133
167  110
130  122
136  86
121  93
175  116
102  76
108  104
148  99
153  101
149  121
123  78
95  102
112  80
135  102
102  100
144  101
94  84
120  121
144  98
102  111
136  93
133  122
125  122
163  120
137  124
115  77
135  103
139  100
120  90
133  93
108  87
98  103
101  98
155  98
144  97
131  97
101  106
134  116
123  95
95  69
105  107
117  118
122  109
84  80
119  89
128  99
96  80
96  78
140  118
166  106
131  87
110  105
124  84
127  117
109  97
132  105
84  68
106  107
186  124
125  99
110  96
93  86
133  107
130  96
122  111
133  101
133  118
175  109
94  66
133  87
93  68
104  72
120  123
126  93
149  117
106  96
133  83
171  111
97  81
133  113
141  122
111  79
178  111
96  75
102  109
145  94
174  110
152  108
155  104
136  116
174  115
132  88
131  84
100  69
123  94
128  86
99  77
91  64
123  101
139  102
103  109
99  105
95  105
137  119
136  115
168  113
91  65
175  122
134  120
153  99
187  122
141  103
141  90
136  96
101  70
130  145
137  121
99  107
174  112
136  94
99  101
99  85
167  113
160  116
101  80
130  110
139  126
103  111
128  107
111  109
128  90
138  106
153  103
107  96
155  120
106  104
