871
122  112
136  141
144  122
145  131
130  121
106  98
131  106
126  126
114  102
138  132
140  131
100  79
104  83
102  93
150  116
189  116
104  90
117  98
122  118
124  114
124  118
165  108
162  117
138  133
150  118
151  123
120  119
147  124
163  107
142  99
101  79
133  132
133  135
112  114
117  107
158  115
98  81
134  121
136  147
113  115
146  106
175  122
128  101
147  131
149  166
119  125
119  117
153  164
111  101
123  101
114  116
136  102
147  102
96  84
153  151
133  119
148  101
178  114
117  106
163  111
150  117
141  120
123  107
180  116
139  115
134  109
109  102
162  110
166  125
105  107
152  127
151  120
101  76
111  105
114  103
176  123
113  113
109  84
120  109
96  80
168  114
149  127
139  102
100  84
123  124
152  110
146  128
90  85
97  81
106  84
136  119
140  114
136  150
86  87
135  111
110  96
153  148
141  102
109  77
128  126
107  99
163  120
170  117
147  119
150  104
142  101
112  85
155  165
178  119
153  162
172  124
122  123
159  127
107  75
158  106
128  127
108  112
106  88
125  116
140  111
161  111
102  79
137  121
106  107
122  108
132  109
124  108
155  111
124  128
108  103
170  112
177  118
163  126
126  99
120  101
162  123
148  110
126  98
127  101
161  110
134  120
123  118
176  115
143  131
133  113
99  85
175  117
129  115
108  111
161  121
120  123
164  109
139  117
119  120
108  107
147  130
145  99
121  116
140  98
122  109
175  112
129  102
148  115
126  125
132  100
117  118
115  118
134  132
126  115
165  115
138  117
149  104
146  104
154  164
116  117
119  122
153  150
126  116
190  115
107  106
169  119
109  86
103  93
109  93
171  111
126  101
125  122
134  133
131  122
118  122
130  164
133  101
147  114
134  99
145  102
142  100
138  106
132  105
149  111
123  113
161  122
104  101
155  167
135  124
99  81
116  112
141  131
138  116
162  115
181  113
130  110
158  128
107  81
142  106
169  110
106  96
141  105
143  110
127  116
129  120
185  113
120  122
167  110
127  168
107  96
132  101
151  132
101  81
102  76
127  129
165  126
164  117
111  117
126  124
169  116
154  149
149  108
106  105
105  97
173  112
96  81
118  98
174  112
106  102
152  123
154  148
137  102
156  114
165  123
153  129
137  119
126  121
159  104
130  109
139  127
127  102
111  86
123  126
127  117
114  118
156  109
119  118
184  114
135  137
133  133
97  82
108  100
142  125
153  165
148  108
111  106
184  115
144  111
165  113
116  94
135  110
149  107
101  75
127  98
160  108
150  114
148  122
111  77
109  113
113  89
172  121
167  119
149  133
130  111
145  101
123  109
100  81
85  87
179  116
106  104
162  116
129  122
96  79
187  116
151  127
137  107
123  100
153  128
168  110
141  122
121  98
158  121
131  121
145  132
149  124
133  116
191  113
137  115
126  120
155  126
125  99
137  99
154  151
130  119
135  104
148  104
120  114
156  104
105  74
117  96
113  112
135  119
155  154
108  84
149  121
118  118
118  104
168  112
143  127
154  145
165  124
139  100
131  165
175  118
120  105
115  96
155  118
117  115
139  126
137  101
133  115
154  160
154  147
164  121
189  119
150  105
154  122
130  131
132  123
133  103
111  79
167  115
136  117
154  136
122  111
125  111
166  115
103  76
126  103
152  108
145  129
138  105
130  114
148  113
149  106
142  133
105  75
132  165
132  131
155  107
170  111
178  115
138  122
155  117
121  123
159  117
166  108
123  105
101  80
102  96
121  124
124  121
180  115
112  80
121  106
150  113
154  144
173  122
139  133
102  85
152  133
134  102
173  115
127  104
131  110
103  79
107  107
111  100
175  116
139  104
166  124
77  93
133  107
108  96
141  111
152  103
123  97
111  107
156  119
137  124
110  112
114  108
126  107
166  111
142  112
113  101
105  88
128  107
134  100
114  99
165  120
128  99
147  103
106  95
118  100
104  78
124  101
157  125
109  97
151  166
128  110
144  126
188  117
122  117
131  117
130  125
162  112
168  124
155  149
108  104
157  109
107  87
132  163
133  122
121  125
172  122
105  99
151  119
122  115
129  168
100  78
130  120
138  99
129  117
112  113
115  104
182  118
97  83
118  109
179  119
113  94
124  103
127  123
136  146
153  106
182  114
126  100
103  97
137  100
132  112
153  143
153  138
155  120
104  73
168  113
124  122
121  103
134  104
159  111
103  86
133  129
151  129
161  128
132  117
122  99
132  103
120  107
142  117
155  121
186  119
109  95
138  125
142  127
143  128
154  132
119  115
121  113
148  100
102  84
106  75
109  104
138  146
130  98
142  121
138  110
122  113
173  121
143  126
148  134
151  112
125  167
122  98
150  106
118  110
175  121
125  124
99  78
129  106
134  111
134  136
120  106
153  103
150  167
134  106
146  107
164  107
126  128
141  121
132  125
144  133
175  114
128  113
126  117
182  115
119  123
152  166
134  116
170  110
133  106
137  147
179  117
108  98
179  121
186  114
162  108
151  103
127  124
149  128
152  126
106  92
110  111
132  115
146  130
154  161
135  150
144  101
133  136
159  112
141  103
136  153
164  125
155  162
129  99
110  105
174  113
145  105
134  157
146  127
148  131
159  107
129  119
130  128
150  128
136  149
123  104
155  131
130  124
121  99
169  111
183  120
111  82
165  109
120  117
159  114
138  121
134  131
131  127
128  108
189  118
113  85
151  111
134  105
160  116
152  128
113  110
112  105
125  103
113  99
141  129
166  123
131  109
122  124
140  127
163  121
162  119
152  111
154  138
118  107
118  123
127  121
99  83
135  102
131  124
140  101
121  107
141  118
156  108
130  102
145  107
136  143
163  112
151  167
103  98
178  117
149  132
94  84
116  103
134  107
114  89
176  116
112  82
133  100
151  135
121  115
145  124
167  113
169  113
134  127
118  114
134  118
165  112
144  121
84  87
121  122
105  105
108  97
164  116
130  115
133  163
138  118
155  156
150  133
155  104
131  118
151  133
80  91
159  125
123  121
142  116
164  126
117  122
153  123
95  84
142  103
149  118
144  127
124  125
174  115
164  115
134  123
137  148
164  110
155  150
120  110
162  121
138  101
147  132
126  113
121  111
142  129
137  103
159  128
173  113
141  127
153  122
146  102
131  100
146  124
115  119
172  112
162  106
154  165
113  103
104  100
164  111
126  119
131  119
149  101
136  115
141  133
129  127
152  117
140  132
116  115
105  81
132  130
160  109
147  113
91  85
142  124
72  96
130  123
138  98
136  118
172  118
144  118
123  117
127  100
116  120
108  109
124  120
136  151
98  79
139  98
137  122
167  111
95  83
164  112
145  108
150  109
114  95
143  122
108  87
163  117
147  104
171  114
118  97
154  146
136  112
155  155
179  113
180  114
146  126
146  120
112  97
147  115
154  153
124  112
158  123
140  117
102  82
128  123
147  101
177  122
149  103
134  125
149  109
144  117
161  118
142  108
155  153
154  114
126  129
154  128
123  115
117  113
111  109
122  105
142  120
135  103
178  118
147  105
137  145
128  104
163  127
151  110
160  112
136  99
178  116
121  109
136  116
124  106
175  123
120  99
180  117
140  118
143  103
140  119
99  77
120  121
138  112
133  118
110  109
122  100
140  120
161  113
146  125
162  126
124  117
125  121
150  126
92  84
155  158
78  91
77  92
162  111
124  115
150  120
187  114
102  94
163  118
132  124
134  119
121  120
168  116
111  90
140  105
153  156
143  121
148  117
174  119
149  117
160  123
186  113
183  113
136  122
140  100
146  122
163  108
132  98
133  124
131  128
130  122
151  131
122  126
140  102
127  112
145  113
153  104
113  114
105  108
145  122
134  110
145  125
146  115
140  115
139  101
124  119
134  135
155  161
126  118
143  118
163  124
137  106
144  131
154  167
181  114
153  107
146  111
114  104
129  105
123  98
147  121
112  111
110  114
140  122
