1617
161  79
179  85
170  88
151  133
174  86
177  85
149  89
122  124
140  111
116  127
182  82
146  136
150  105
142  100
155  75
139  127
176  81
82  123
139  101
142  124
151  129
181  88
151  142
164  152
141  118
130  120
141  133
149  148
187  83
101  112
167  88
170  68
122  117
141  121
173  76
142  84
129  88
123  92
121  125
180  77
123  98
145  125
152  133
111  109
173  81
165  82
116  128
176  84
135  124
150  120
121  103
142  106
160  78
122  98
105  107
119  117
153  129
102  112
96  133
103  113
134  97
146  111
131  96
148  85
161  144
140  127
151  143
120  117
111  107
144  94
106  104
108  128
155  98
151  141
109  97
156  81
128  90
147  103
146  86
186  79
94  113
135  103
161  83
152  88
145  136
142  91
89  127
178  84
143  82
121  85
151  140
155  150
116  117
92  111
86  128
149  137
107  107
130  110
135  104
176  91
159  153
138  88
130  94
149  84
133  100
86  119
169  86
87  118
113  101
126  90
155  90
143  118
188  83
105  116
158  73
131  122
124  106
135  94
181  86
123  95
104  113
146  78
176  74
157  87
93  107
124  119
147  72
158  99
160  104
150  126
123  121
148  143
146  80
157  145
180  76
143  121
99  100
161  84
80  125
124  108
123  105
188  85
142  94
163  90
166  100
98  101
91  122
118  107
100  108
147  113
137  115
95  119
140  93
168  95
162  151
157  76
136  115
183  88
160  153
94  129
111  101
153  84
128  107
153  151
154  148
168  75
96  120
110  109
138  125
107  99
151  132
132  98
88  132
184  76
103  106
120  101
183  73
141  92
108  104
140  117
158  83
159  93
90  119
146  144
133  93
157  139
159  151
138  112
173  82
129  102
176  77
182  89
143  84
126  93
168  89
97  118
87  117
144  78
148  131
149  88
152  111
91  108
128  113
157  136
157  148
119  128
162  153
135  93
94  112
143  103
132  101
95  105
159  149
108  125
160  140
150  137
119  127
99  129
134  90
137  103
90  117
185  83
93  125
122  108
142  89
148  79
131  109
142  90
129  117
156  138
102  130
181  75
180  85
146  120
142  79
139  117
151  86
152  82
125  88
149  96
114  104
150  104
166  79
124  112
174  87
136  119
141  122
155  88
147  75
127  96
92  110
136  118
155  154
120  99
106  119
155  111
151  84
145  89
160  152
141  131
130  96
165  71
155  133
103  118
108  100
137  106
112  125
144  97
141  105
152  110
152  96
121  98
152  150
99  113
84  137
123  124
153  156
121  122
130  97
116  125
162  95
140  89
105  113
111  100
157  109
124  101
162  155
90  131
93  118
156  108
92  112
147  96
154  138
137  99
108  126
156  157
167  71
91  105
127  112
101  124
109  102
95  100
154  90
87  136
148  136
109  126
159  150
104  129
134  109
162  90
151  152
118  118
146  81
101  115
135  84
94  102
124  96
128  92
107  115
95  122
157  150
147  102
155  107
122  126
96  117
161  99
87  130
103  117
92  107
93  119
118  110
104  114
145  129
127  98
152  89
112  105
187  84
164  102
123  101
149  133
97  111
104  115
130  124
89  105
162  145
180  87
147  138
95  107
161  101
149  97
113  114
135  111
78  125
100  100
138  83
172  74
164  93
163  94
102  129
101  123
148  137
153  107
182  77
166  152
121  92
133  122
85  128
100  117
84  118
94  119
141  127
149  103
92  116
139  104
154  146
157  138
150  97
150  144
144  139
189  83
153  100
153  75
126  103
87  114
134  107
171  74
103  110
155  149
101  101
152  145
103  125
120  107
154  145
162  98
140  87
145  84
133  97
118  123
126  115
98  129
134  111
94  114
94  107
92  117
135  87
143  93
92  133
123  117
156  135
145  113
149  149
119  125
147  85
158  149
145  134
83  116
127  102
157  151
94  131
145  74
104  100
124  118
137  91
181  83
146  72
96  119
155  104
87  137
137  122
134  102
156  82
132  117
108  111
98  105
160  89
157  137
147  114
162  87
104  101
120  110
107  121
84  123
158  154
86  126
130  102
145  105
130  93
87  120
148  99
163  154
138  98
149  138
164  77
157  149
170  80
105  119
126  117
149  107
164  79
134  119
154  135
147  77
134  120
93  105
147  105
90  120
161  89
145  124
161  88
170  79
142  108
125  121
175  86
153  148
148  122
142  88
156  156
110  96
112  124
189  79
93  124
90  125
93  123
133  106
165  74
85  118
162  72
158  82
149  127
138  101
153  73
183  76
94  122
152  98
101  108
151  135
117  118
146  124
148  110
171  86
142  133
116  124
128  104
156  73
121  115
94  111
152  152
139  82
170  86
123  107
122  111
135  89
145  96
145  83
146  127
138  94
157  146
95  103
174  68
100  109
138  118
103  103
167  90
138  84
89  136
111  127
127  124
149  109
146  73
168  84
143  79
159  147
80  121
77  128
174  89
127  121
107  116
123  97
190  80
151  112
138  110
153  106
124  94
173  70
138  90
118  109
118  127
122  115
99  110
122  113
87  124
122  95
160  143
120  122
166  97
162  147
91  110
108  114
113  110
104  106
120  106
114  122
81  124
83  124
150  74
121  99
118  126
143  86
108  127
171  81
155  95
173  83
185  85
148  96
155  131
157  91
172  68
168  83
159  85
133  86
142  112
76  129
153  76
114  103
98  107
123  94
184  84
153  150
146  142
144  101
126  113
172  88
77  126
134  99
85  120
146  125
127  87
176  88
146  134
123  93
113  103
114  118
101  98
134  96
135  90
157  103
89  120
157  102
97  123
183  87
158  91
180  90
150  95
163  153
166  71
123  89
129  105
95  115
126  100
186  87
100  112
163  98
186  80
104  116
83  132
156  154
110  111
143  128
142  127
166  91
102  125
133  90
132  112
95  112
155  153
100  99
142  117
87  111
138  86
115  119
81  134
119  123
104  118
171  90
130  114
96  111
123  115
156  79
133  115
90  130
131  118
165  150
159  94
119  122
144  127
95  126
127  101
156  76
167  70
107  125
146  126
122  112
169  88
158  98
122  99
173  91
142  99
126  120
128  110
147  104
155  134
161  75
118  114
108  116
99  108
152  157
129  106
99  105
77  135
141  94
162  154
130  89
155  93
160  149
138  87
105  111
126  98
146  97
177  79
140  100
104  121
108  103
167  72
172  82
89  106
124  115
103  97
149  135
89  118
103  111
121  107
149  121
108  109
139  100
154  151
159  103
94  104
157  80
86  116
158  75
152  142
185  86
97  102
106  98
148  94
136  122
141  81
174  91
120  109
134  87
162  78
137  95
117  113
101  104
92  122
167  85
99  116
131  91
151  139
144  98
87  123
184  79
151  111
111  124
130  115
146  128
133  101
140  114
111  105
124  122
145  132
85  117
172  93
74  127
160  151
144  77
175  83
144  126
122  118
149  101
147  87
126  121
175  80
81  120
134  106
159  145
132  105
97  129
121  93
184  83
143  81
159  75
96  108
120  127
169  93
124  121
82  131
155  80
156  149
172  78
160  154
146  122
108  97
160  99
150  87
118  98
134  89
105  127
163  152
146  106
159  140
145  93
151  82
76  127
158  152
148  95
185  72
92  120
105  123
135  102
129  119
144  88
174  84
155  83
117  98
144  118
166  88
115  96
188  72
83  121
108  118
97  109
137  93
132  91
131  97
108  107
122  100
159  87
151  127
162  86
85  113
115  126
151  137
161  72
139  81
162  96
88  114
175  72
131  119
165  101
148  139
110  120
85  132
106  121
148  100
144  111
165  89
158  156
174  76
130  122
84  117
88  110
170  89
152  143
97  106
127  90
147  92
162  99
124  125
143  94
140  120
144  75
168  77
84  138
122  109
116  112
98  118
90  110
102  100
184  82
169  83
132  109
111  106
144  76
129  120
179  87
98  106
94  105
177  88
120  121
152  155
94  106
148  90
165  78
124  90
106  111
132  115
146  98
134  118
174  90
121  91
117  106
127  100
155  155
159  148
141  103
161  97
158  151
173  80
99  106
100  97
146  87
167  78
148  97
156  150
115  104
142  85
165  81
120  126
87  122
76  128
145  101
124  114
156  104
126  124
174  92
103  109
173  93
106  102
130  92
152  74
134  105
163  95
125  91
143  87
160  96
94  115
98  103
144  117
101  116
126  107
87  128
108  112
152  156
99  109
130  111
92  115
118  122
142  80
153  78
150  92
146  145
164  151
138  105
172  76
113  112
173  74
97  103
130  119
145  94
141  120
112  113
171  80
167  94
125  97
164  86
98  115
148  78
113  113
190  77
158  106
154  71
83  122
160  81
155  136
122  94
170  81
142  125
159  71
139  89
175  81
119  120
137  100
144  122
149  108
86  117
88  112
106  107
183  80
103  98
162  142
169  70
97  104
159  91
128  99
121  95
155  158
138  85
140  122
80  122
109  120
105  112
151  149
136  94
157  154
173  77
183  83
123  118
139  90
147  94
154  80
127  117
92  118
179  76
103  107
98  116
127  104
107  120
131  92
135  110
145  75
87  112
121  116
148  117
107  113
152  87
98  122
142  87
161  91
125  111
104  120
143  98
151  81
175  84
108  120
159  90
153  103
119  115
155  82
155  137
140  105
129  122
96  124
140  102
91  115
123  113
157  156
109  124
121  109
136  91
98  113
136  102
126  125
148  138
150  113
182  72
155  74
128  101
163  75
181  78
138  116
116  115
146  83
149  104
82  127
148  74
139  93
163  99
143  122
176  69
94  125
117  115
154  149
180  78
131  95
91  116
121  124
143  83
152  126
126  94
131  117
136  99
132  103
144  121
99  126
135  96
120  105
99  125
143  90
128  108
185  80
102  111
134  88
118  100
159  155
155  94
183  75
100  104
161  146
122  85
178  77
166  83
136  88
118  97
179  90
116  103
99  98
174  80
120  119
148  134
141  79
152  108
148  80
89  133
143  110
151  88
191  80
162  105
143  126
120  95
105  105
149  76
114  102
153  99
136  112
146  115
85  134
147  146
106  118
97  112
149  132
178  91
175  87
171  69
149  142
84  122
135  119
123  109
177  89
143  89
95  102
99  104
167  74
161  105
145  108
130  95
164  73
174  85
138  117
101  102
147  124
100  122
140  101
172  95
129  115
152  103
110  114
86  130
155  87
121  113
133  103
92  106
96  128
147  115
166  93
126  118
134  121
137  101
134  104
163  82
108  98
106  122
162  101
109  117
148  146
153  128
162  85
181  87
112  120
147  144
161  153
143  127
163  84
106  114
104  123
121  123
147  83
148  104
150  84
159  104
184  86
114  121
150  133
123  126
161  93
105  97
139  84
141  96
156  87
93  126
102  109
163  150
150  145
140  97
125  103
146  104
142  120
144  83
136  93
184  75
117  122
178  83
100  107
131  106
96  115
137  84
150  128
94  116
78  132
143  91
112  97
104  111
84  113
136  116
90  136
145  99
144  131
82  115
83  126
131  100
150  140
169  89
92  128
125  116
125  93
108  117
153  133
137  121
153  104
132  88
94  124
154  133
151  147
99  102
110  112
163  88
102  105
167  91
141  90
90  116
88  122
158  97
153  81
82  124
131  110
85  112
156  155
91  106
144  134
163  87
101  114
148  101
128  86
130  109
147  80
137  107
182  88
163  85
122  86
91  121
76  135
118  104
170  85
145  95
94  118
99  119
115  118
148  81
118  125
171  68
147  131
177  90
158  96
138  106
160  75
87  115
116  120
168  94
189  81
111  117
113  115
151  110
151  155
107  117
82  121
141  86
98  131
163  78
152  85
134  110
130  98
182  86
109  113
148  141
91  113
155  140
98  111
79  131
145  78
184  88
130  121
141  89
92  114
110  124
113  99
156  102
127  116
145  102
117  96
92  119
150  100
148  75
160  156
151  153
181  81
188  81
173  88
83  130
105  118
151  103
88  115
153  143
130  123
110  119
146  130
149  128
136  89
95  106
140  98
147  101
141  111
143  80
145  131
101  106
141  102
165  88
167  92
169  75
140  95
185  84
149  124
98  119
140  119
156  95
131  93
180  83
159  80
140  131
126  119
120  123
117  107
97  107
141  88
146  107
94  120
129  96
127  123
121  106
156  80
189  78
162  102
124  103
155  77
91  123
101  117
122  87
158  142
177  82
156  136
140  115
160  100
182  76
153  138
158  87
124  84
139  97
86  115
123  100
106  105
99  101
128  89
149  106
126  99
93  113
143  97
173  90
111  123
85  116
133  118
172  91
144  137
90  106
153  83
164  91
80  127
107  106
161  152
139  98
158  147
147  132
95  131
171  88
167  73
145  107
147  139
189  82
158  88
124  117
182  74
95  120
137  119
172  94
112  114
168  91
148  86
154  153
143  131
138  122
154  136
178  86
91  114
164  98
99  107
114  116
94  130
139  83
136  117
156  92
148  108
104  122
97  115
105  108
179  75
138  121
121  111
170  92
146  85
171  76
155  156
149  111
133  88
110  125
146  102
133  119
88  117
188  80
177  91
107  122
132  100
86  120
147  119
142  101
140  132
101  122
150  109
101  105
133  113
100  102
134  100
139  126
95  108
133  116
158  148
158  150
101  119
144  82
124  120
94  123
150  81
96  116
102  107
95  113
100  111
138  96
104  110
132  90
126  97
148  73
101  125
139  102
149  85
166  89
147  121
155  144
140  118
163  83
158  89
155  78
138  91
151  131
119  118
150  98
125  124
144  96
126  116
149  87
133  107
99  124
163  103
134  116
174  69
154  96
109  104
93  114
142  103
142  129
123  104
97  119
128  123
148  113
155  76
100  98
175  71
142  116
126  101
156  75
98  102
141  129
150  151
83  128
138  99
158  138
136  96
134  94
137  124
153  134
177  78
83  115
75  127
153  98
145  141
145  122
165  77
176  83
100  127
139  115
154  144
154  132
160  91
179  89
142  121
110  105
98  109
142  95
133  87
160  141
149  136
120  114
100  101
129  99
89  110
167  79
89  123
102  103
88  119
152  75
152  127
93  109
90  108
182  79
128  94
156  109
148  115
105  99
182  84
141  85
151  78
131  121
81  125
161  151
179  88
136  86
127  91
125  99
164  78
165  93
178  88
186  85
154  147
143  88
146  143
97  121
95  111
180  88
82  137
144  133
122  123
121  120
153  101
114  108
140  85
186  73
112  111
93  103
125  122
109  121
136  87
100  118
159  156
151  74
150  106
79  122
158  144
149  73
115  122
145  81
173  78
81  123
114  99
181  76
121  94
171  91
189  80
93  108
150  72
177  80
151  75
103  124
185  87
147  88
160  88
159  97
93  128
150  80
142  98
162  89
83  113
122  105
152  128
145  73
98  108
171  83
83  135
129  95
137  102
147  130
150  147
