1416
131  97
82  140
67  165
134  107
131  74
169  64
131  88
130  142
68  136
130  92
73  160
148  86
134  84
128  89
88  119
68  168
73  154
99  101
126  101
140  69
101  106
75  144
132  76
130  79
101  124
108  120
70  162
120  127
141  79
111  100
118  114
99  129
142  66
113  112
72  142
113  103
94  135
138  94
110  132
76  128
143  81
65  151
78  138
137  106
109  104
125  124
125  103
77  143
131  84
72  147
149  76
108  117
98  101
109  124
127  131
143  93
118  104
148  69
143  88
128  78
126  115
72  135
61  151
76  141
105  123
149  73
135  89
131  110
142  95
150  61
151  88
133  73
131  77
101  117
139  77
146  85
139  82
96  116
151  75
135  73
161  67
111  101
149  69
70  141
138  88
74  143
128  101
119  92
92  116
90  131
127  79
80  152
100  112
113  115
114  118
116  103
141  88
73  135
106  102
137  78
80  125
122  105
141  102
93  140
155  66
157  76
152  85
130  74
116  112
151  60
66  143
76  135
101  123
149  89
78  132
93  126
97  112
139  84
117  98
108  125
110  111
156  67
133  113
117  96
124  120
142  101
134  87
156  76
65  155
68  169
133  93
111  117
141  89
106  121
85  143
100  111
138  75
122  85
130  71
126  103
112  113
122  111
71  139
102  125
166  64
85  147
78  122
130  97
163  60
93  119
125  122
121  120
80  127
163  59
145  75
128  85
138  87
107  125
74  157
132  81
140  97
118  118
103  135
159  69
126  82
140  74
132  74
131  78
96  97
137  68
138  98
160  63
94  115
147  72
142  67
108  118
151  68
101  119
171  62
121  123
80  121
153  83
130  102
147  87
140  135
71  151
104  129
95  122
121  107
137  72
168  62
87  137
108  104
115  119
89  138
126  98
132  100
96  98
127  96
129  95
146  72
126  97
137  95
66  164
119  118
104  101
97  140
121  91
100  100
134  71
99  126
144  82
104  113
106  130
142  89
124  114
140  105
120  123
141  103
109  117
126  117
139  80
130  128
84  137
87  118
167  55
97  118
111  105
83  122
115  96
102  109
129  80
91  143
77  128
137  101
169  61
151  82
146  73
110  125
74  140
134  82
85  134
124  118
141  90
90  130
108  103
99  131
169  60
68  146
127  130
122  118
155  67
140  100
147  92
127  100
119  115
143  77
132  88
105  107
102  111
94  120
129  99
124  103
104  136
131  128
127  91
115  126
122  100
109  121
121  106
126  135
126  134
101  114
165  62
164  73
142  78
99  124
118  109
120  109
110  109
169  62
113  129
128  76
81  134
130  131
71  148
76  145
134  73
124  119
78  125
104  111
111  109
130  89
121  98
108  107
93  123
173  64
91  121
100  99
136  91
121  99
140  78
126  116
158  65
137  93
137  91
135  71
136  94
129  77
156  61
90  119
124  130
147  80
91  123
97  98
136  136
123  131
138  106
136  80
141  86
153  75
136  82
160  69
133  74
146  69
65  161
166  69
70  157
147  75
127  90
126  99
101  122
142  87
156  60
126  83
104  137
98  116
126  90
128  73
137  134
131  95
125  91
161  72
124  122
121  94
147  77
121  122
151  86
102  133
68  142
90  136
152  60
117  115
149  84
81  125
77  140
126  84
148  75
153  76
138  69
105  112
79  148
158  60
169  63
66  165
124  90
138  140
134  109
127  101
137  80
125  116
99  96
112  131
112  120
144  101
126  93
121  113
143  87
142  80
169  58
120  117
99  102
138  133
143  91
142  100
135  93
109  102
131  79
135  72
125  131
67  162
118  127
108  111
101  104
142  103
71  137
161  75
144  88
170  63
157  80
105  108
118  110
137  84
130  87
162  56
120  126
100  134
98  131
127  80
71  154
139  79
163  63
113  101
135  111
136  87
69  138
172  67
136  79
146  83
122  113
121  115
127  82
130  93
153  81
140  77
155  77
94  124
99  104
126  107
65  150
71  136
154  80
129  105
152  87
99  106
98  115
100  109
163  68
96  115
135  77
128  108
103  125
67  148
118  100
125  97
123  113
100  97
120  90
104  100
166  65
140  98
117  113
108  109
133  142
62  154
104  110
118  98
72  140
107  120
141  105
137  71
152  74
108  100
61  149
122  109
66  142
134  99
159  61
107  113
105  136
136  134
153  84
159  75
122  115
120  95
82  143
86  144
162  72
80  140
97  111
97  119
118  125
132  82
103  107
129  82
136  86
107  117
129  96
108  112
136  76
83  126
86  130
144  94
140  76
89  133
79  122
127  102
75  123
134  135
153  60
123  94
97  102
126  119
59  158
160  59
136  102
132  84
62  163
96  124
148  71
77  138
161  60
96  142
134  102
135  84
138  139
144  77
127  138
132  91
144  71
104  118
128  136
92  118
73  131
135  83
105  99
61  158
160  75
134  94
103  111
80  134
117  118
138  91
135  110
124  131
128  107
77  136
149  87
128  127
136  78
123  115
122  87
61  166
138  101
134  97
99  139
155  74
134  89
93  125
64  163
106  107
159  66
143  98
124  101
153  70
165  65
125  81
85  141
129  127
100  104
130  134
143  97
104  115
88  140
112  124
116  117
86  126
133  84
89  136
145  93
100  136
99  116
97  97
135  103
111  127
170  61
64  156
138  85
140  102
161  65
165  56
97  115
128  131
107  107
126  121
155  78
97  129
139  72
134  90
131  127
104  122
70  133
90  120
149  85
150  81
152  61
166  59
120  101
139  104
131  81
122  95
143  69
102  130
103  106
133  77
105  129
120  110
137  107
111  107
90  125
144  75
97  104
158  59
165  71
145  78
123  117
101  112
65  158
96  133
151  74
138  82
146  81
127  124
105  137
123  100
103  113
128  99
136  99
116  120
98  102
69  157
64  149
145  73
131  106
129  79
125  82
119  123
154  68
74  135
144  78
76  127
89  118
99  140
82  137
121  116
102  100
130  76
144  97
166  63
105  113
63  154
92  144
145  66
147  69
108  127
158  73
122  117
101  101
145  96
98  119
124  128
143  66
121  111
142  70
128  77
157  60
87  117
124  129
67  146
137  99
119  127
152  68
124  112
100  127
124  106
129  140
94  125
122  98
167  61
100  98
67  140
170  68
100  101
112  111
134  88
132  90
155  76
145  94
123  97
98  133
130  124
87  128
145  72
116  125
85  144
132  101
104  123
86  128
123  92
123  95
68  148
123  101
106  114
164  64
129  74
67  149
143  84
78  136
68  139
77  145
146  78
83  150
72  138
70  152
141  69
77  135
79  142
146  71
90  141
145  89
171  63
130  77
140  85
151  84
133  97
138  137
145  84
105  111
161  63
99  125
135  137
114  103
81  124
136  141
127  98
126  118
121  92
134  72
125  93
85  120
137  100
78  119
76  123
75  151
105  116
87  144
139  138
159  60
158  63
88  122
143  68
126  113
138  105
139  74
80  122
146  80
136  70
106  105
136  96
148  85
66  152
160  57
150  62
123  109
79  119
121  95
129  134
98  98
134  105
164  70
90  117
135  81
161  64
126  100
118  107
127  84
156  79
129  106
122  124
128  133
118  97
94  118
133  107
116  124
134  100
104  116
85  118
127  81
134  131
65  165
81  139
169  67
138  77
83  135
113  113
123  89
135  69
148  79
132  125
92  122
75  127
139  100
168  60
81  120
124  115
100  118
65  143
136  69
129  84
140  93
141  73
101  125
112  125
95  119
63  157
150  72
138  96
99  119
146  87
162  59
86  147
132  112
103  136
126  125
131  91
158  61
146  68
133  76
144  98
142  84
102  103
131  109
135  90
137  103
108  128
92  120
154  71
124  117
120  121
133  81
89  120
130  109
140  70
152  82
123  118
133  101
133  83
119  117
119  122
81  123
134  69
134  104
111  123
112  97
143  94
95  126
109  120
130  94
121  125
95  115
148  78
138  135
73  152
124  96
138  76
106  118
138  72
133  141
147  88
106  119
87  136
87  147
132  103
137  77
90  144
119  120
96  128
67  161
138  99
110  112
143  90
141  94
122  94
127  137
71  162
102  129
131  75
153  68
151  78
112  114
167  71
96  120
114  121
124  121
129  115
133  69
101  108
87  120
80  145
151  81
153  78
118  126
147  83
103  98
135  135
141  96
154  62
166  60
129  87
94  116
133  80
138  84
121  124
66  156
140  101
83  148
129  88
132  130
129  136
133  88
103  134
125  88
142  69
167  62
64  144
100  137
73  130
71  133
143  79
133  132
156  80
92  128
136  74
139  93
166  62
71  130
122  108
110  124
89  123
172  63
79  131
107  116
100  117
127  134
125  121
65  153
70  134
91  122
130  111
152  75
136  75
109  126
159  62
105  118
105  105
122  128
166  71
137  137
88  141
134  132
145  67
163  64
133  135
134  110
99  100
139  90
114  122
128  135
126  120
74  156
115  104
98  111
157  63
132  98
149  88
104  106
138  90
141  71
156  73
129  78
120  119
86  120
96  134
131  92
165  58
95  131
125  111
132  124
139  89
108  126
133  103
133  106
145  81
135  94
132  86
84  148
130  83
105  119
69  165
162  61
130  133
114  108
136  93
123  104
132  75
150  84
132  79
124  84
113  99
94  122
133  100
140  138
81  143
110  120
143  70
134  142
129  81
133  72
134  106
165  74
130  72
126  129
126  94
132  73
82  142
98  129
85  128
112  105
86  119
121  93
109  113
131  124
131  85
95  137
71  160
62  150
100  122
130  78
132  85
154  70
99  105
120  107
150  63
141  92
140  75
125  99
85  132
135  96
134  139
133  90
93  128
142  94
117  106
159  71
79  154
128  104
157  59
168  63
103  133
77  126
92  117
117  107
158  62
143  80
94  131
101  105
160  66
134  127
96  119
116  94
142  90
97  123
127  75
144  76
79  143
135  70
128  123
73  153
70  163
129  83
128  126
164  61
113  110
145  74
107  121
148  74
69  148
139  83
63  160
161  61
153  73
148  73
139  98
107  122
126  124
150  74
88  132
104  121
113  130
120  91
145  83
64  141
121  103
138  81
120  106
99  98
98  134
78  140
142  77
98  103
68  138
128  90
135  104
116  127
97  121
167  66
84  118
108  114
130  95
123  98
151  65
137  102
114  104
148  90
122  99
78  120
83  128
60  166
94  129
73  159
82  148
142  85
91  116
128  94
62  165
83  144
150  80
127  117
147  85
103  103
124  108
84  123
82  121
68  167
155  75
123  107
87  124
121  109
140  79
130  125
165  63
136  89
82  123
162  60
148  81
126  126
122  86
63  147
138  68
140  136
172  66
104  114
114  130
84  122
79  145
122  112
131  96
142  99
107  115
136  137
130  86
65  156
162  70
150  87
59  167
149  71
127  129
153  61
129  76
78  154
119  125
116  115
155  61
110  114
113  114
159  65
143  89
96  117
143  86
105  127
123  121
120  122
103  110
127  87
133  78
142  98
122  123
126  133
138  86
102  107
165  66
98  113
72  133
136  81
131  100
127  76
95  120
134  136
133  86
172  64
159  67
98  139
171  67
99  141
120  105
162  64
110  105
111  106
65  141
76  129
142  72
155  58
120  99
123  105
64  155
87  122
127  112
126  79
104  120
140  89
154  63
139  76
65  166
127  132
84  138
94  119
138  79
86  145
166  61
131  76
134  133
127  139
167  58
110  119
136  68
103  124
102  112
150  71
106  122
65  164
98  118
109  131
69  140
67  145
135  102
142  91
154  61
108  116
133  70
132  109
167  70
157  70
133  129
82  144
128  113
74  147
100  102
159  68
148  64
166  57
93  118
72  152
71  140
139  101
130  98
131  87
127  104
139  102
69  166
127  123
134  96
130  110
123  126
82  124
101  140
94  123
115  122
82  149
134  111
87  123
132  105
94  137
83  130
124  94
114  102
61  153
131  93
141  81
123  93
63  155
128  134
133  87
100  107
128  92
101  102
163  58
160  61
134  80
102  105
94  130
115  118
103  118
143  83
98  105
93  124
124  132
130  114
89  127
129  102
83  124
128  110
101  115
132  87
132  131
143  71
66  144
134  75
74  134
100  108
63  144
139  81
142  88
89  139
82  131
154  66
140  95
144  96
120  114
128  80
124  125
126  128
99  113
137  83
126  131
156  66
118  123
92  133
83  132
97  103
123  124
80  147
118  122
130  96
128  84
135  75
148  80
69  133
132  141
136  88
103  117
107  106
101  116
60  160
83  121
134  83
103  109
129  73
122  126
146  86
128  86
98  122
133  138
62  169
158  75
139  97
142  79
135  68
135  136
92  119
156  75
88  117
137  67
117  122
98  140
133  133
93  137
164  67
114  116
86  142
127  133
140  87
145  95
74  127
135  78
144  83
87  130
127  116
114  99
131  71
135  87
111  124
155  80
164  62
161  62
82  127
106  104
101  98
141  78
69  143
141  85
140  71
99  110
106  111
133  136
138  83
143  82
