1503
157  146
93  137
124  108
159  90
138  132
117  122
163  90
160  108
159  145
162  70
182  76
142  98
131  121
119  145
150  109
167  85
147  105
152  82
132  125
154  145
141  131
157  131
89  139
148  99
150  118
114  133
125  116
96  165
155  80
92  166
177  78
159  97
162  85
127  124
132  123
150  87
166  136
149  108
153  98
151  133
133  122
124  114
162  95
147  102
165  142
81  169
126  115
142  106
110  132
105  127
152  111
138  94
83  172
81  166
190  73
118  125
78  172
174  76
147  124
171  91
123  117
109  151
133  136
121  111
143  97
128  131
116  125
175  81
164  144
166  71
96  156
175  70
140  89
165  143
149  137
126  126
117  134
126  125
96  153
91  143
129  106
86  175
128  123
143  128
146  136
180  77
176  83
152  142
151  129
168  84
133  101
118  118
155  78
144  139
111  123
98  152
130  109
145  132
146  111
142  112
163  87
137  106
188  69
127  138
96  161
159  149
137  99
121  107
85  153
133  103
158  148
91  145
155  93
160  96
166  89
144  131
104  143
86  145
159  93
96  149
141  121
132  117
138  106
114  149
80  170
172  64
134  107
150  81
151  132
145  81
86  158
140  105
126  124
133  118
120  126
158  88
98  143
130  123
157  150
78  171
94  152
136  116
81  158
137  100
116  139
124  122
166  138
127  140
129  117
125  121
134  127
148  104
127  131
155  98
139  93
84  155
180  83
138  99
129  127
135  96
87  171
184  75
160  99
145  134
148  137
128  108
174  85
146  127
164  91
91  165
159  91
160  81
155  94
159  103
117  129
172  76
158  83
160  75
157  133
138  88
89  147
157  103
153  101
171  80
103  153
110  135
158  138
138  98
80  171
146  97
126  113
161  99
149  142
94  135
88  171
136  122
120  127
155  82
149  106
96  144
111  106
81  156
120  105
183  75
168  75
86  142
143  90
121  115
99  154
124  131
161  88
142  101
143  89
145  94
164  98
147  130
152  96
143  82
142  117
173  81
154  136
114  142
158  96
134  100
113  132
110  144
137  122
121  122
130  124
191  72
156  80
167  90
119  130
146  143
142  108
151  86
95  153
134  105
95  165
158  87
125  122
118  122
110  125
173  76
156  79
137  124
161  75
125  141
101  143
98  154
110  148
103  155
172  82
156  95
141  103
138  133
132  100
111  105
121  125
145  124
121  116
180  76
85  158
87  158
81  175
154  80
150  100
160  149
141  111
143  126
138  96
132  109
145  131
88  140
152  110
84  167
99  141
132  101
80  152
145  107
132  103
150  126
112  140
140  135
96  133
153  143
130  131
183  69
155  88
108  127
163  138
140  117
150  137
74  169
153  134
188  67
163  83
153  84
115  148
129  140
151  139
122  143
145  141
148  141
115  119
165  132
147  144
146  80
102  130
95  161
180  78
123  118
92  165
167  78
114  141
144  83
176  81
101  153
119  118
146  124
147  121
135  103
146  98
115  143
120  107
138  117
187  64
157  138
98  133
154  90
86  176
99  144
113  101
116  137
144  137
84  156
183  76
145  113
108  98
117  118
148  139
131  110
95  150
146  115
94  137
126  121
165  74
92  150
110  140
130  120
144  127
92  161
128  136
113  139
85  162
125  111
84  163
177  80
114  108
148  117
186  67
150  147
109  138
90  153
93  158
122  123
111  107
141  89
171  88
150  92
176  66
145  93
136  99
171  83
134  97
147  113
93  166
154  144
121  140
113  150
135  111
183  73
134  116
134  132
161  84
82  157
155  136
159  132
159  94
152  88
153  100
103  135
144  111
147  96
161  101
132  124
101  140
133  124
138  110
111  139
140  95
90  148
156  132
114  118
142  127
114  138
155  76
98  129
157  109
96  142
147  132
95  137
164  143
121  120
138  118
82  167
163  99
81  157
166  69
108  138
159  104
172  78
164  70
121  109
148  136
155  134
149  121
151  135
99  139
170  88
94  146
153  129
146  107
94  155
83  160
165  88
147  115
121  113
141  94
144  122
145  102
144  88
142  120
108  145
181  78
129  119
147  114
114  122
105  146
103  149
155  83
85  168
140  120
99  131
124  132
166  139
142  88
119  127
148  147
131  117
94  162
146  126
167  88
148  80
158  150
170  68
133  129
174  87
151  140
131  122
143  86
151  127
182  61
129  122
121  139
140  98
155  77
118  123
168  94
154  148
119  125
141  120
88  165
160  100
141  92
112  139
119  115
122  118
129  136
87  170
119  122
95  152
145  125
142  94
163  142
121  106
143  87
134  135
148  81
148  79
169  83
160  89
101  160
101  157
131  100
165  77
102  129
106  155
115  118
143  122
133  106
84  151
114  130
123  142
132  131
103  145
117  147
89  163
95  156
82  170
111  146
103  136
106  130
121  135
163  135
123  109
137  102
162  96
149  133
157  136
149  104
186  73
116  140
146  130
120  121
83  157
167  73
165  133
149  117
154  146
170  81
108  125
147  103
142  95
156  149
119  137
142  138
118  109
166  144
110  105
107  146
162  89
97  163
108  126
99  149
127  132
139  100
150  116
88  173
153  83
130  110
177  85
149  89
92  163
163  94
124  106
137  93
161  79
105  129
130  119
167  70
122  140
169  70
127  123
162  101
162  142
96  134
105  137
156  75
123  141
135  102
117  139
89  152
88  151
145  101
155  140
153  104
171  81
171  67
173  77
158  91
132  112
116  103
122  105
123  105
123  121
102  145
139  117
116  128
135  104
171  90
141  127
83  171
148  115
165  93
87  164
113  103
152  87
172  88
159  87
94  165
134  99
131  118
170  86
158  82
154  132
136  93
81  172
142  85
139  104
164  93
163  140
136  134
147  131
145  84
130  122
119  123
153  76
176  74
97  147
123  138
145  122
165  78
153  148
151  84
93  153
174  86
104  137
94  130
179  75
150  84
140  127
166  93
151  111
142  116
86  154
156  92
163  78
144  97
85  160
112  146
92  169
133  116
117  106
120  110
137  134
156  73
103  134
92  168
156  138
140  115
169  86
126  119
150  104
144  117
89  167
152  128
87  161
147  139
122  113
117  131
124  134
94  154
175  72
158  142
154  114
162  145
122  111
97  146
164  132
117  107
124  128
133  113
176  77
155  137
158  135
111  127
148  138
130  134
97  140
96  145
129  134
157  145
175  87
108  140
140  97
145  105
158  97
162  98
146  83
126  107
131  127
158  137
144  134
132  115
173  78
173  70
124  117
82  175
133  107
123  104
115  122
116  133
119  136
160  104
162  137
77  168
150  97
167  94
158  75
132  130
165  81
93  152
100  127
173  64
138  125
78  173
137  101
170  79
161  91
77  161
172  67
183  68
174  80
189  72
166  91
159  150
138  122
169  89
142  89
145  129
167  72
160  135
86  156
152  150
88  170
143  88
149  84
149  103
152  89
84  168
126  128
103  125
93  167
156  104
150  140
171  68
150  133
156  81
157  139
150  117
146  134
148  113
158  106
165  82
117  135
147  87
156  150
150  105
125  124
111  100
81  168
148  100
147  80
121  136
92  144
162  99
115  142
103  151
160  91
153  133
118  114
131  124
125  131
148  148
147  85
145  96
139  90
151  110
84  148
138  90
139  89
89  170
93  157
109  126
76  169
123  124
124  119
142  103
144  126
179  76
171  74
185  72
157  80
153  107
124  135
146  85
116  115
143  103
89  154
188  74
151  78
134  102
139  127
156  82
127  130
124  121
79  176
149  132
143  80
146  81
144  118
120  138
129  105
166  88
87  153
113  134
80  163
155  75
148  95
124  130
155  95
93  163
97  159
96  152
124  141
83  150
120  141
86  169
128  127
126  135
119  146
104  136
112  133
120  135
108  135
128  107
134  131
106  139
86  171
158  99
128  134
130  114
149  107
182  77
80  173
117  115
98  131
97  156
137  95
122  108
118  144
109  131
149  88
174  68
138  87
155  90
157  102
163  88
109  124
98  134
162  78
131  106
171  76
148  143
148  101
98  144
128  104
161  131
149  138
137  107
116  127
141  96
119  129
143  84
127  117
139  97
185  68
84  152
79  178
121  123
163  144
178  84
141  129
167  71
120  114
151  142
121  103
156  76
143  140
132  98
148  86
150  145
87  168
76  168
141  88
172  68
105  141
143  118
146  142
138  116
149  136
151  81
95  159
110  124
134  111
82  172
122  126
103  140
122  128
146  125
89  158
150  144
134  110
186  71
148  146
88  150
98  160
155  104
87  147
184  76
143  131
145  136
191  66
185  70
130  115
156  87
167  74
140  114
163  132
159  85
113  133
135  135
151  82
123  113
175  83
130  125
82  168
119  117
85  147
155  111
149  111
143  93
122  141
157  91
100  137
133  115
152  145
147  101
142  91
83  156
152  133
102  152
133  97
175  66
143  127
168  91
150  98
118  104
174  84
173  83
166  141
150  95
156  109
86  147
172  74
153  150
152  85
147  83
86  144
140  101
162  102
163  85
150  113
118  107
98  142
145  89
149  148
133  135
158  149
90  170
128  110
163  84
81  170
115  126
150  120
158  89
160  140
128  126
154  147
116  112
159  80
116  120
190  66
146  122
94  167
121  137
155  150
91  148
79  171
115  146
120  123
159  140
170  89
96  148
94  131
110  133
154  135
126  133
106  143
144  98
168  89
153  99
87  155
152  75
114  103
167  91
157  149
164  78
92  154
173  65
134  104
141  86
154  133
100  134
153  138
107  147
130  111
116  124
112  120
126  134
144  101
127  134
147  138
158  147
101  152
134  136
130  121
103  157
99  146
139  102
161  97
142  87
157  137
118  127
116  117
84  162
159  131
114  121
173  82
147  119
94  150
154  96
151  75
111  101
96  158
149  118
107  125
161  89
90  167
168  77
136  91
143  83
164  86
111  124
122  112
126  120
77  169
136  112
108  146
131  119
143  81
139  98
151  143
136  115
105  148
160  131
160  109
137  119
83  161
87  163
126  118
114  102
156  136
161  93
160  143
121  124
115  144
136  118
134  123
90  136
117  137
173  74
102  155
111  142
154  149
114  104
179  70
92  164
136  96
126  142
110  137
133  119
97  162
150  80
96  155
128  133
134  120
148  94
95  144
152  117
145  108
117  130
119  144
99  140
116  148
163  75
149  128
89  153
150  114
153  106
133  133
143  110
155  131
98  162
153  81
112  136
168  83
97  154
155  107
139  101
148  85
96  146
89  168
93  140
127  104
160  88
147  94
151  112
129  115
120  129
142  124
141  102
85  161
158  73
110  150
189  67
148  134
149  96
120  117
144  96
88  159
162  147
163  82
142  125
167  92
157  87
167  79
142  99
90  154
93  149
166  79
99  161
179  64
157  148
169  88
178  70
134  109
138  112
127  121
149  76
100  147
122  124
149  85
140  100
91  162
123  131
143  91
159  75
138  121
147  88
115  104
119  133
103  133
165  136
148  110
142  121
113  130
137  115
161  72
170  85
171  86
175  71
165  71
90  144
83  173
165  134
138  101
164  77
137  121
90  149
117  144
108  139
86  161
155  133
114  134
120  140
152  108
118  136
104  129
161  146
151  103
172  66
147  92
144  133
102  141
112  147
84  160
144  82
159  147
140  111
175  86
87  144
88  162
128  113
100  136
117  136
140  122
149  149
126  129
161  144
136  117
98  155
139  126
138  105
128  141
126  117
89  169
122  109
158  98
142  129
120  119
124  120
145  99
130  128
126  116
135  119
146  128
90  163
177  82
161  105
140  87
127  133
153  103
99  129
119  128
134  133
110  147
99  157
154  138
157  134
130  102
171  69
162  90
102  160
160  78
122  117
141  133
90  160
92  133
109  153
127  116
121  144
124  139
149  127
123  107
134  125
182  67
81  164
118  147
164  73
98  139
151  149
176  69
151  88
86  162
177  79
180  63
81  165
149  135
175  80
98  140
88  141
118  110
152  98
78  157
154  128
142  90
163  98
90  165
131  128
140  119
145  83
78  167
160  134
135  94
120  122
84  169
155  144
87  162
112  105
119  143
148  131
182  74
144  121
81  160
135  93
146  106
157  76
156  108
118  126
79  160
146  102
170  80
144  94
138  91
161  83
87  166
111  145
105  144
155  149
149  101
151  147
121  132
109  139
112  125
176  84
184  70
169  75
146  120
153  75
143  121
120  109
84  164
119  120
148  122
163  95
159  130
181  70
84  158
175  84
148  96
120  139
173  88
136  119
148  90
114  116
127  139
112  124
173  80
124  115
150  128
90  141
84  172
153  128
159  107
124  118
162  87
124  112
146  87
151  141
99  162
116  132
150  106
142  133
117  113
140  93
124  125
182  72
140  131
152  143
153  78
166  83
130  133
146  86
152  103
105  136
122  133
75  169
115  149
181  75
155  74
89  138
113  129
134  121
152  127
143  94
147  104
162  72
155  87
123  115
102  143
148  78
80  176
85  173
133  132
159  133
123  126
134  119
156  135
190  72
124  129
122  115
142  84
136  102
120  106
101  156
162  86
132  105
88  147
140  118
145  95
158  144
133  100
80  154
174  69
137  103
112  131
140  102
151  131
135  110
136  94
151  137
159  148
149  97
118  129
141  105
103  156
97  129
128  135
90  151
119  138
146  104
127  112
160  141
100  142
141  90
140  132
164  79
180  64
134  118
149  87
149  109
179  68
139  115
93  156
137  91
141  122
91  158
78  160
95  131
142  100
156  102
129  120
127  129
134  106
181  76
85  165
82  164
148  108
108  128
85  144
95  162
169  67
101  146
181  81
131  109
84  174
178  83
165  89
135  124
75  163
126  131
143  98
127  137
139  133
148  97
105  143
102  133
159  135
141  118
141  85
178  77
