1548
104  113
77  98
105  88
104  118
106  104
97  129
85  76
100  107
119  89
122  105
79  97
124  134
143  131
152  127
94  112
98  111
113  132
123  124
87  101
111  107
126  125
163  138
123  94
104  114
125  103
133  135
114  104
92  67
168  134
88  66
135  124
159  125
117  113
101  106
148  110
124  90
93  100
84  81
142  116
90  94
128  113
155  120
98  160
147  130
138  105
134  94
77  100
79  74
120  119
86  117
96  97
174  140
131  122
109  131
146  130
97  107
142  124
77  71
135  137
102  133
110  125
155  118
147  103
107  158
87  104
108  158
107  106
81  98
135  111
110  96
114  89
149  118
168  142
103  113
132  103
108  118
83  113
174  149
146  134
110  135
126  115
112  140
98  85
103  106
86  74
80  97
120  105
148  134
138  106
165  131
177  144
81  93
103  86
96  80
101  114
101  112
132  115
93  68
93  119
108  100
121  135
138  118
161  128
126  128
94  118
101  95
173  142
124  121
86  67
121  106
98  102
91  64
98  155
78  105
93  86
121  139
129  122
110  159
109  117
169  143
106  107
116  103
124  135
128  133
108  109
135  94
97  73
137  100
132  101
157  136
89  83
85  70
172  140
102  160
133  116
122  133
80  110
94  94
111  117
95  107
133  101
175  143
94  92
127  137
104  129
154  135
149  124
135  96
125  99
171  134
149  132
147  105
101  122
105  113
98  113
99  119
151  131
94  104
127  116
91  121
82  81
140  102
134  123
84  80
100  102
121  116
93  124
70  68
82  68
179  146
143  128
119  130
113  101
100  118
93  113
105  119
149  109
95  69
126  120
146  127
133  93
129  95
89  105
105  97
103  107
89  71
116  117
82  107
108  87
134  106
129  96
100  92
95  156
95  84
136  112
83  73
148  136
87  111
118  100
98  89
99  110
104  116
159  132
110  147
131  92
103  98
136  119
136  136
99  116
120  122
155  126
122  123
128  101
145  129
141  120
136  117
78  81
145  134
111  123
127  117
123  118
94  119
121  113
135  102
118  107
101  98
117  107
91  83
93  77
116  124
101  123
93  114
91  95
142  117
125  111
120  138
126  135
87  114
121  103
110  119
83  93
90  65
127  104
123  101
157  138
161  144
90  106
165  126
132  105
131  128
89  77
98  119
109  151
177  143
124  118
133  113
95  102
86  103
144  117
140  132
146  102
107  117
79  100
132  98
130  119
110  111
174  134
110  150
120  121
123  105
118  123
152  110
103  103
168  138
119  128
111  146
168  146
113  110
146  107
142  103
111  100
121  120
119  129
122  109
93  118
111  109
149  117
99  106
91  92
84  101
153  123
145  132
75  70
149  135
103  93
98  122
138  121
102  100
111  101
85  112
110  109
126  103
91  99
99  98
105  99
120  126
114  141
82  113
140  111
87  105
114  133
87  92
134  99
142  106
132  117
78  76
94  77
109  97
175  139
149  121
107  113
111  145
117  131
105  161
137  102
134  127
114  116
95  95
120  110
121  125
123  100
88  102
153  134
126  90
147  124
96  78
126  116
147  114
107  125
126  119
111  124
151  111
86  101
155  133
115  96
170  140
129  99
132  100
148  108
128  99
141  122
107  107
128  134
95  106
116  132
111  86
168  128
97  75
151  110
109  154
94  105
140  117
118  90
101  116
172  137
151  112
86  106
97  104
107  96
128  104
91  114
166  144
158  135
94  95
102  155
86  63
101  156
102  109
125  121
94  107
90  117
118  110
104  115
149  108
110  144
122  113
171  133
124  128
123  98
85  91
95  119
175  148
146  120
128  92
139  104
133  107
99  131
133  97
109  86
79  67
134  100
85  117
146  125
111  139
103  110
134  132
162  145
91  100
144  101
89  72
93  71
96  158
152  126
106  114
154  128
86  119
133  136
120  101
87  87
87  96
103  156
126  99
94  66
99  126
142  120
94  115
97  69
108  97
108  116
91  106
95  80
92  117
128  110
127  90
114  142
162  137
90  102
127  123
107  120
134  136
97  115
81  104
82  102
124  129
113  99
99  109
123  95
130  109
137  106
97  94
117  137
134  96
84  95
90  76
121  136
159  128
101  102
91  103
100  84
160  131
143  118
84  111
114  102
99  86
115  157
93  126
95  105
102  112
89  91
124  108
98  107
105  107
130  121
167  127
90  87
98  98
133  118
77  96
75  74
131  93
117  135
93  69
83  106
175  141
148  122
116  128
124  139
96  124
101  157
161  121
170  132
97  97
163  132
152  111
93  96
97  81
99  124
101  115
94  102
120  114
110  112
142  121
160  140
140  105
93  105
75  68
130  98
115  122
85  87
172  144
93  103
149  128
140  98
103  125
147  119
71  72
175  144
73  67
130  96
96  84
79  78
104  120
119  136
137  95
109  120
150  106
146  115
165  133
133  103
163  140
89  110
96  75
121  107
83  96
84  87
167  133
151  129
133  119
95  122
151  120
143  122
103  157
122  126
132  112
124  120
150  128
126  98
113  134
106  102
118  98
85  107
115  126
133  106
85  102
130  115
163  144
131  97
174  143
112  146
98  79
115  104
112  131
121  92
133  100
91  94
100  122
98  91
92  107
133  133
124  125
112  124
117  118
99  107
94  123
138  137
123  109
119  117
158  137
143  103
122  128
139  97
131  121
105  118
105  112
91  113
110  140
100  100
156  135
176  139
118  97
113  94
100  81
113  133
127  138
85  81
85  113
141  129
167  131
76  72
108  107
108  98
87  109
102  125
90  77
109  124
134  109
124  114
86  120
84  104
124  117
154  122
104  110
127  96
112  136
91  69
149  127
106  119
160  135
139  138
135  119
119  88
83  75
76  64
123  138
81  109
83  99
179  142
156  136
112  139
81  107
109  153
94  114
145  136
109  126
150  114
129  136
157  134
116  94
142  125
106  111
85  63
88  90
166  138
102  89
107  122
109  104
126  93
108  84
165  130
96  88
109  155
159  133
92  106
126  121
103  109
149  106
74  72
172  146
169  147
134  135
128  107
114  118
121  109
84  112
90  119
130  110
177  137
126  97
92  79
172  131
138  101
130  93
154  133
178  146
92  116
142  112
117  122
121  122
108  120
165  136
92  120
88  89
85  84
140  100
135  110
112  114
88  97
112  147
118  136
108  157
130  114
118  109
108  111
149  111
156  132
105  111
170  127
152  128
129  127
106  122
134  125
91  110
150  118
163  124
138  96
99  161
159  117
176  137
107  121
88  99
80  80
136  118
93  156
118  118
74  67
137  122
165  132
167  134
121  91
106  88
81  63
173  132
150  126
94  84
174  144
112  133
92  112
110  105
116  133
95  115
177  142
134  110
112  105
121  115
94  124
79  98
109  121
153  122
95  159
126  129
88  94
98  101
98  162
127  98
96  116
110  132
93  101
84  102
78  91
91  122
99  157
83  116
134  111
129  117
133  122
101  88
172  133
88  112
79  105
100  111
77  75
179  139
140  114
128  136
145  125
82  74
142  129
130  95
82  106
120  109
99  104
87  117
169  142
151  135
139  126
117  106
81  69
134  116
124  132
91  86
112  111
102  107
116  137
91  123
90  108
150  109
85  99
88  82
123  121
128  94
105  157
121  98
89  65
88  110
99  96
130  122
80  108
136  102
87  95
118  127
93  108
87  99
83  105
89  106
120  123
139  100
144  133
176  145
114  130
87  65
165  134
96  156
148  104
146  124
163  142
94  111
82  61
93  65
90  116
89  76
119  137
142  101
97  83
141  121
137  99
127  102
111  142
122  118
162  142
148  117
137  115
116  139
77  93
112  113
154  114
122  100
143  126
180  139
99  100
88  115
127  133
94  120
103  134
83  110
108  135
102  85
173  145
117  89
125  131
96  73
155  131
88  100
97  119
87  112
123  115
143  121
99  105
130  128
147  132
148  131
129  134
123  117
104  90
126  124
137  107
104  122
124  122
80  104
177  139
122  124
105  123
162  121
128  135
84  64
82  111
125  122
146  136
106  159
147  131
122  98
82  109
130  111
96  115
123  97
140  122
141  133
144  122
136  96
93  70
126  100
85  96
100  101
131  96
83  74
103  97
139  101
134  131
112  85
93  102
122  117
113  113
149  133
106  105
117  96
108  126
130  133
119  122
90  71
131  110
122  95
136  116
77  92
175  140
80  95
139  127
145  108
137  137
176  141
105  108
131  124
168  147
134  97
82  104
134  107
84  108
103  155
114  122
140  138
109  84
95  83
88  122
140  119
166  139
95  113
104  101
143  110
96  117
169  136
86  116
91  88
117  134
100  99
170  146
116  120
139  102
110  137
124  131
121  94
170  137
107  115
76  74
137  119
160  123
90  62
124  119
170  129
85  108
99  85
109  102
125  93
123  104
128  127
144  137
144  127
140  131
90  79
126  94
106  118
86  111
137  134
87  115
99  101
92  118
130  124
113  112
89  101
116  112
97  103
141  102
119  133
138  110
85  116
117  136
155  117
107  87
130  131
175  134
99  129
112  125
114  103
82  66
79  94
97  102
120  117
160  141
140  101
84  117
141  111
86  87
144  134
144  111
102  93
78  64
125  97
107  99
83  76
129  102
113  114
118  126
130  125
137  103
126  117
85  118
89  94
121  124
130  102
118  104
88  119
159  135
163  127
99  102
84  99
164  130
163  126
148  115
164  132
147  115
106  130
134  120
105  127
177  140
92  110
92  111
159  140
103  124
78  79
96  87
98  105
124  96
116  127
158  138
136  137
83  79
91  93
176  144
129  120
118  114
117  115
139  98
95  103
97  88
95  126
115  119
127  100
95  108
126  126
151  132
132  109
102  130
102  105
134  121
134  139
102  84
162  129
118  122
101  105
111  105
102  129
87  106
106  96
87  80
141  118
98  129
157  133
127  112
83  78
134  104
126  101
84  68
113  103
135  136
131  100
108  114
96  79
138  116
119  120
125  91
81  83
90  85
150  120
121  137
113  85
141  127
152  117
91  116
165  142
123  126
155  121
165  143
100  117
171  142
118  129
98  109
127  121
113  129
97  68
71  70
127  91
155  136
127  124
127  130
130  134
123  131
140  127
95  111
91  85
93  109
101  104
173  149
133  124
100  109
122  99
136  122
145  131
106  155
109  157
146  104
132  125
120  90
92  119
136  134
127  129
96  119
97  123
172  136
98  116
79  106
86  115
145  105
99  113
97  98
85  67
151  123
102  94
159  127
140  135
174  146
126  107
168  129
97  121
102  96
86  102
147  104
78  63
88  64
114  99
107  159
101  124
157  131
86  81
111  106
124  130
151  119
93  125
119  92
148  113
128  123
121  132
85  104
141  103
125  116
89  120
120  106
83  98
93  158
95  100
106  84
127  132
158  121
135  104
146  111
100  88
80  77
81  113
142  108
169  134
134  118
130  123
108  146
113  89
94  100
93  157
121  99
120  95
138  125
166  136
147  113
85  101
121  93
153  133
104  111
92  115
86  109
144  121
91  74
97  118
92  78
75  75
91  105
94  86
89  118
131  119
158  128
117  98
131  117
99  83
110  133
126  118
127  139
123  93
98  103
166  124
133  138
84  110
114  108
140  120
138  98
92  84
131  106
131  95
136  115
103  118
98  81
119  127
140  118
132  131
95  112
134  133
171  141
81  65
105  129
141  105
101  119
96  70
113  115
145  113
119  125
102  111
108  127
97  111
106  95
161  122
132  124
120  135
138  122
145  124
171  146
163  135
120  91
156  119
94  70
167  128
94  106
119  123
99  108
100  112
128  90
124  115
100  98
110  120
94  116
145  122
143  127
167  140
110  154
117  129
122  111
176  140
101  153
138  132
96  111
125  124
90  120
135  103
92  95
119  118
112  120
98  106
134  119
79  109
129  115
87  97
92  103
142  127
88  114
139  115
126  133
156  114
115  118
138  133
144  126
96  93
160  143
137  121
120  129
114  121
87  89
103  111
121  95
130  97
122  112
100  104
170  145
131  109
96  98
94  122
102  162
117  139
151  127
111  127
104  123
111  158
120  99
97  159
110  158
108  112
128  131
140  136
96  120
146  126
108  155
132  130
121  111
178  147
111  90
101  117
116  115
91  65
103  153
142  100
110  148
94  125
88  87
103  133
97  106
110  114
137  124
150  116
128  108
103  117
86  104
84  94
104  121
81  94
86  70
129  105
150  117
90  83
124  103
114  134
109  113
159  130
108  128
117  130
157  137
113  139
167  130
114  95
97  112
85  60
146  122
134  105
105  105
164  125
120  107
122  115
162  123
93  98
92  114
180  146
92  76
133  129
108  104
91  108
91  82
138  112
139  133
124  106
175  136
146  106
92  68
126  131
101  101
116  125
138  135
123  113
84  106
166  141
166  125
146  128
110  124
149  107
165  124
122  94
172  135
153  129
166  134
131  118
102  103
98  118
98  108
170  144
87  102
95  120
90  110
161  131
114  138
97  82
84  113
104  100
109  138
109  93
109  95
101  108
124  101
96  81
159  131
119  138
150  133
97  154
80  91
84  92
138  117
151  133
106  92
108  117
130  92
97  109
131  127
162  126
108  125
164  143
129  119
164  126
149  136
92  122
107  116
96  128
130  94
108  103
120  127
123  92
142  133
90  103
139  117
93  107
150  113
122  108
119  115
145  107
89  104
100  127
160  134
77  68
87  103
99  125
120  139
98  95
112  97
100  97
99  81
168  139
141  131
153  128
173  137
123  107
134  102
171  132
94  113
152  123
106  98
82  97
173  140
126  134
108  96
86  72
126  113
113  130
96  108
133  132
135  135
118  125
105  116
83  115
136  99
90  99
138  99
101  160
174  148
158  123
121  123
98  115
90  72
97  156
171  135
145  102
154  132
88  117
171  138
101  125
129  106
157  125
173  141
147  121
123  89
127  101
91  115
124  112
93  95
128  126
169  145
164  144
127  134
127  131
78  100
130  120
80  81
100  108
137  101
140  115
82  78
102  82
104  83
83  61
144  118
133  115
93  123
87  118
98  154
106  121
155  134
95  72
104  106
124  94
144  131
152  133
132  123
80  94
