1548
82  81
155  121
126  129
62  50
109  124
83  124
65  50
62  71
126  125
81  107
60  104
59  101
96  115
101  105
103  111
146  125
88  99
70  54
86  117
107  117
98  160
161  128
63  77
139  126
59  118
55  106
93  125
109  131
82  113
133  129
138  121
119  117
68  79
75  75
144  122
126  126
141  120
101  125
81  157
98  140
126  128
106  114
75  123
98  113
157  134
106  121
146  120
74  51
71  109
157  133
78  79
93  119
126  134
98  162
100  98
147  124
133  116
86  101
70  109
77  93
104  113
124  118
151  123
76  106
130  121
76  115
91  121
83  128
108  128
97  121
87  111
74  118
67  123
140  118
86  126
114  118
126  116
80  108
131  124
86  145
116  132
77  158
149  124
129  122
110  124
138  132
82  127
92  111
133  124
67  66
67  110
86  128
131  119
105  129
157  136
147  119
164  130
85  153
75  113
98  98
68  105
111  109
128  127
93  98
78  64
89  139
121  124
104  116
64  61
96  161
83  116
143  118
81  104
123  126
77  96
64  75
119  133
91  94
86  111
69  80
96  120
66  116
94  155
107  122
96  152
71  65
91  113
158  128
93  102
140  136
75  109
152  128
95  159
90  160
93  137
76  74
66  65
117  113
62  116
85  120
79  119
78  157
97  102
134  125
59  56
76  111
77  111
150  118
91  122
81  156
84  110
155  120
124  131
61  64
84  148
88  115
86  147
100  122
128  134
85  160
122  115
127  129
103  136
58  83
107  120
108  103
164  125
72  47
113  134
96  149
94  122
58  84
68  93
89  138
124  120
70  110
163  127
120  122
99  105
105  113
71  113
118  125
122  124
78  119
79  109
75  110
87  106
72  102
86  158
77  100
76  104
74  100
121  123
86  162
73  77
159  128
84  92
77  126
60  79
136  118
57  103
101  160
95  107
96  98
90  136
62  58
100  134
74  127
61  60
86  104
80  81
108  116
54  100
143  128
62  119
84  152
70  76
71  82
85  117
128  110
113  114
80  118
123  131
95  102
163  132
119  129
85  91
88  94
63  115
123  121
94  150
146  115
130  125
74  78
66  66
69  104
141  129
71  75
101  115
122  111
65  64
160  135
68  112
91  116
99  109
137  121
87  137
73  121
117  135
60  118
140  122
138  125
68  59
124  119
70  62
62  100
72  94
134  127
78  113
92  120
132  125
144  127
98  142
81  63
96  128
92  154
70  50
94  152
105  116
99  161
93  149
94  114
104  106
106  130
107  115
66  109
135  135
93  156
57  59
72  55
62  66
108  104
77  71
78  91
91  158
79  105
55  55
60  82
67  49
88  100
64  55
83  130
120  109
110  120
80  113
123  124
121  113
84  104
67  96
97  140
110  132
128  135
69  103
66  119
72  77
114  133
101  124
73  160
148  136
122  133
93  101
94  107
97  147
159  131
86  109
110  119
124  121
137  134
120  135
88  112
87  118
120  127
124  128
87  120
63  45
123  118
87  96
75  116
149  121
144  117
105  123
124  130
99  107
139  133
68  110
118  136
56  85
85  96
101  119
95  108
118  127
71  66
94  118
94  113
119  118
93  153
96  144
72  114
90  94
81  65
60  96
80  95
99  157
130  128
80  121
94  137
94  104
97  107
69  73
105  107
114  134
124  117
87  122
101  116
135  136
76  108
93  100
71  79
126  115
111  105
73  104
90  110
84  111
106  111
143  121
91  105
134  133
73  123
74  117
116  120
69  66
71  64
80  116
94  146
70  60
118  118
87  95
67  121
127  112
124  129
65  75
63  119
137  115
90  106
86  115
60  119
113  115
136  119
91  145
74  55
92  114
103  133
99  131
76  72
95  137
127  116
103  110
60  101
70  98
92  133
105  112
60  78
153  122
72  125
68  64
82  68
91  106
162  126
98  119
120  121
98  106
145  124
118  114
61  54
68  53
163  126
96  108
72  75
136  115
121  120
69  49
144  118
66  90
66  117
145  125
128  126
91  92
126  131
90  119
72  65
61  115
75  99
63  52
119  127
76  83
82  123
160  131
70  68
105  105
90  141
102  100
79  97
120  129
102  111
73  159
77  128
78  160
122  128
79  114
56  50
73  57
138  122
125  116
124  108
98  143
83  106
142  133
150  126
85  116
72  112
81  123
75  127
118  129
76  123
113  129
95  119
79  118
147  121
96  116
98  107
65  76
95  122
83  121
88  132
142  116
98  102
72  107
99  129
97  103
117  134
122  108
62  67
75  55
108  109
141  133
67  116
140  131
149  133
98  133
117  122
101  117
98  108
100  109
78  120
114  108
84  122
128  136
75  63
92  119
98  116
87  144
87  147
62  105
112  113
85  158
82  121
84  101
85  118
70  49
99  104
120  119
75  117
77  114
125  124
162  129
134  119
157  125
113  113
96  148
98  101
59  62
65  103
70  123
145  129
142  117
75  74
93  113
64  114
69  111
59  48
141  118
63  96
119  123
95  106
65  122
115  119
91  108
95  131
70  112
99  98
98  118
147  131
133  133
161  131
91  114
74  115
119  120
59  54
74  75
110  137
93  108
141  121
146  127
93  124
67  115
91  123
83  98
59  103
85  147
96  119
133  132
82  74
97  123
151  119
104  115
100  104
122  123
100  102
105  136
71  99
67  69
83  132
95  103
90  144
84  123
124  134
127  130
91  95
106  122
78  84
61  53
71  118
85  112
69  72
118  126
64  101
106  107
163  124
84  156
104  118
94  116
117  137
95  126
131  118
96  134
79  160
133  119
93  96
117  115
71  78
107  113
72  90
133  136
116  128
81  113
62  69
149  127
87  155
144  133
137  122
117  118
108  111
65  89
99  144
89  105
107  121
66  94
110  105
84  99
64  122
78  87
76  128
159  133
123  117
94  100
75  111
152  133
159  132
100  111
124  125
59  90
67  104
59  83
56  52
69  64
98  105
87  109
73  75
127  131
124  115
74  122
84  158
87  112
64  70
87  124
99  119
80  127
127  117
59  98
129  119
64  68
156  132
106  119
101  112
127  124
61  103
74  67
87  101
66  78
69  101
85  132
91  99
134  131
145  131
61  107
74  101
99  141
100  127
150  128
130  114
122  117
98  111
67  114
130  133
74  72
88  102
81  94
88  114
95  105
103  125
121  116
87  123
56  93
96  158
93  126
133  113
72  62
84  95
76  110
112  124
127  121
140  135
150  133
67  98
92  122
154  133
98  134
73  88
155  126
74  62
153  134
64  62
89  136
69  118
138  116
146  134
79  94
94  131
81  93
64  73
78  115
102  141
109  117
77  159
154  135
67  100
121  109
118  109
64  60
69  67
84  160
122  113
86  130
58  53
145  132
87  105
64  72
88  122
102  105
81  83
131  128
67  86
82  78
71  77
84  113
117  129
59  92
152  126
146  126
87  153
96  146
103  135
63  75
129  127
90  148
80  110
63  114
134  132
136  122
89  110
56  96
112  136
111  107
148  117
74  105
71  72
97  119
133  118
126  124
129  115
74  58
93  140
71  60
82  104
94  120
70  119
99  124
78  114
87  115
78  125
78  76
142  120
101  114
58  60
66  62
101  102
101  98
70  117
63  116
149  135
93  107
120  117
92  95
53  53
63  94
111  117
93  95
108  114
103  109
99  140
99  110
121  115
108  120
70  75
82  97
83  160
104  100
153  123
145  122
132  115
142  121
70  95
91  148
143  127
89  94
73  73
59  115
154  128
131  121
112  105
93  105
58  94
66  114
102  103
73  55
114  121
88  150
101  140
64  115
155  131
99  106
76  120
143  122
68  97
73  103
76  118
147  130
78  122
77  118
162  123
125  121
66  102
151  131
108  107
97  112
94  111
76  113
87  136
62  68
89  123
120  126
95  113
90  103
152  117
154  122
156  135
144  131
97  115
76  91
78  63
99  101
136  117
100  107
126  118
84  94
57  51
134  135
68  71
79  115
78  112
125  131
73  101
148  134
72  108
117  130
104  122
97  146
87  128
151  132
76  49
129  117
70  122
68  100
91  143
70  102
61  62
70  94
134  120
82  106
80  115
61  81
116  127
75  102
58  80
54  99
79  67
72  119
78  53
67  55
62  47
72  73
76  85
76  116
85  161
70  48
67  111
116  124
90  120
103  103
132  123
128  113
63  113
81  124
133  115
108  135
81  98
132  112
135  124
84  106
132  124
64  63
126  117
83  93
58  113
105  119
84  87
76  119
89  118
138  133
61  76
69  110
146  136
65  116
65  85
79  78
107  107
85  101
98  144
145  136
94  106
102  109
74  116
86  156
87  97
80  97
53  99
149  128
61  91
67  78
61  48
83  126
102  133
129  120
68  102
134  121
57  94
99  146
82  107
109  104
141  127
121  122
94  95
94  154
159  135
130  119
98  139
112  120
92  106
110  111
89  120
83  157
94  112
80  94
94  123
87  99
149  117
100  136
97  97
93  109
86  120
124  112
63  100
94  130
83  150
74  107
62  76
54  95
94  94
130  134
110  135
58  92
127  132
111  124
89  127
140  127
100  100
78  100
118  122
155  133
79  112
95  115
95  112
143  131
127  134
120  123
81  120
73  114
106  102
71  90
98  131
86  103
103  107
128  123
79  122
74  90
89  133
115  122
77  92
109  102
98  109
97  129
67  63
59  77
81  115
63  83
68  68
77  75
97  104
73  100
97  109
158  123
97  118
79  100
57  110
71  104
69  123
75  52
111  123
94  102
127  137
65  67
66  115
82  124
158  135
151  127
91  93
92  128
62  113
100  142
132  131
71  105
74  121
54  105
103  134
100  108
121  132
126  135
122  118
141  122
69  108
111  127
61  102
77  98
84  151
134  123
88  110
159  130
125  122
95  95
73  111
136  116
153  128
68  77
148  122
136  136
68  51
99  125
97  156
71  83
103  106
66  121
75  121
126  133
142  129
101  104
97  159
122  126
74  60
66  74
85  107
75  81
99  108
108  126
87  117
132  130
104  120
135  119
57  58
78  111
101  101
130  131
58  50
83  96
104  101
67  119
65  71
79  74
65  97
65  48
66  98
96  111
97  98
155  134
62  93
60  115
58  49
100  118
65  46
82  102
92  112
67  52
86  102
132  117
93  128
106  105
96  142
101  108
83  122
62  72
109  120
77  161
66  110
139  117
74  112
83  99
98  129
94  105
81  125
116  125
130  124
105  118
76  107
94  135
98  122
92  117
130  122
84  117
83  156
140  114
74  89
64  95
110  109
59  78
88  117
142  125
71  115
131  122
82  111
96  155
138  117
116  133
90  108
86  116
95  100
90  102
116  115
121  125
63  89
99  126
78  81
121  137
84  155
75  80
67  51
123  115
138  135
85  104
102  125
104  114
77  68
75  112
66  83
128  133
134  116
96  133
151  129
100  99
98  103
61  77
68  69
93  103
89  106
128  131
122  109
114  116
63  47
110  112
150  117
130  111
131  127
124  132
104  110
89  101
116  137
131  117
133  135
114  130
106  104
119  130
85  128
119  136
154  132
101  106
60  102
155  136
93  158
100  112
67  65
67  108
126  121
118  110
115  118
122  112
113  112
81  158
130  120
89  147
149  136
121  111
90  131
64  66
109  113
104  136
90  154
62  99
69  115
107  125
70  100
112  111
90  125
119  115
103  117
66  76
153  129
138  118
129  134
113  132
90  117
127  123
126  119
85  113
80  122
139  127
83  110
95  152
100  117
87  103
79  106
119  137
104  111
120  110
73  116
68  99
64  47
153  133
98  115
88  147
76  127
96  145
151  133
108  125
69  46
66  57
85  99
87  102
79  111
121  135
55  96
152  123
91  103
92  116
151  135
75  68
144  126
92  110
56  106
139  115
85  134
86  161
159  125
64  65
71  74
88  140
99  100
86  106
69  114
94  124
63  71
81  109
142  127
102  129
108  127
140  117
93  123
112  133
63  93
91  110
99  113
94  115
108  112
121  136
68  113
84  112
95  111
91  115
68  52
81  69
96  97
115  126
152  127
160  134
120  114
71  117
146  124
77  115
94  125
124  122
77  112
96  156
56  110
54  97
126  113
92  103
144  121
134  118
88  119
93  118
64  52
80  80
90  99
84  108
65  73
164  126
93  152
73  99
117  106
73  89
147  132
73  67
113  130
71  62
105  108
100  101
117  131
85  108
74  61
64  67
137  119
80  104
124  135
103  124
116  112
92  115
154  136
94  129
110  125
102  107
55  100
97  111
98  155
71  70
82  157
82  109
116  117
75  87
99  116
106  118
56  105
96  117
105  111
145  134
159  127
66  112
111  106
66  73
64  83
85  102
142  124
112  114
77  61
140  119
79  52
108  118
64  58
96  124
140  115
55  97
127  133
90  130
140  132
80  77
78  105
133  122
108  117
91  100
99  102
94  119
84  118
72  117
87  114
74  48
119  138
141  131
77  107
160  123
117  136
114  122
149  132
151  120
70  66
61  78
68  123
93  157
105  127
146  130
129  136
118  107
104  123
123  109
75  70
136  134
71  112
54  93
126  120
87  92
86  154
112  131
73  109
158  121
68  56
65  104
70  106
102  130
83  115
79  98
60  73
103  118
72  115
80  91
65  72
83  105
119  122
143  126
92  107
67  82
118  123
101  143
69  84
149  118
84  102
87  130
62  89
95  156
69  100
77  49
81  160
95  150
80  125
57  108
112  125
64  64
68  98
113  110
73  64
109  126
71  123
146  128
92  144
144  134
102  112
92  118
88  97
90  149
72  96
71  91
119  128
119  125
90  116
130  123
100  137
110  133
104  121
146  122
117  107
99  139
63  72
157  131
134  136
95  144
109  121
140  120
148  131
57  81
71  96
67  120
76  112
88  151
73  122
82  115
69  45
113  133
97  106
70  121
62  120
150  120
83  113
110  114
101  123
88  141
87  104
130  115
89  104
124  114
86  119
125  111
95  120
123  113
137  124
63  62
107  106
103  113
156  136
58  104
93  114
74  123
76  64
85  162
68  116
76  81
95  153
59  53
65  65
57  102
104  129
64  106
101  122
107  116
64  59
