903
137  119
144  97
112  70
111  60
173  109
114  75
128  90
128  133
206  112
113  103
204  111
200  108
131  117
105  74
142  117
184  109
129  95
104  78
153  103
178  107
132  88
108  64
117  113
119  81
137  102
176  108
126  115
123  82
97  75
126  97
123  104
100  98
128  99
141  90
127  116
148  95
104  90
162  105
96  78
153  106
134  110
102  96
197  115
119  79
177  105
148  104
109  77
164  102
183  112
173  110
194  115
97  83
169  106
144  101
121  81
143  103
138  117
117  115
108  70
115  104
131  87
134  116
185  106
168  107
145  93
120  91
149  106
122  94
109  104
135  89
126  120
107  75
169  107
146  102
126  117
117  96
109  93
131  93
133  90
142  112
111  82
179  110
171  102
105  64
113  94
139  98
127  90
118  97
134  99
135  119
198  117
133  87
182  107
131  100
132  91
100  84
188  106
172  105
112  97
175  111
122  109
145  105
196  106
170  108
118  98
99  78
101  98
138  105
187  114
108  98
118  110
156  109
136  116
102  89
122  87
101  81
124  90
160  109
181  105
119  89
104  72
130  87
111  77
108  65
151  111
123  107
191  110
138  91
189  107
101  68
149  101
99  77
182  103
107  99
181  112
112  68
185  112
125  82
111  65
112  64
138  118
113  78
138  122
131  110
187  111
134  118
139  100
162  108
130  96
117  77
150  100
147  96
134  120
110  105
129  88
99  96
131  95
102  65
98  81
124  139
176  107
114  104
116  94
200  113
115  74
158  99
127  87
140  117
97  69
166  105
134  119
123  105
125  111
124  94
136  99
189  108
148  108
115  73
129  117
103  67
120  78
131  96
146  106
181  111
105  75
123  95
117  81
124  96
128  101
178  108
171  107
139  90
128  89
184  111
96  80
134  111
163  108
145  99
107  107
106  104
110  70
133  107
180  108
127  121
190  104
131  109
150  95
105  66
146  98
121  95
120  95
106  84
125  91
137  124
108  103
98  79
135  103
186  110
138  106
138  116
139  101
99  86
186  107
97  82
147  104
140  111
142  106
106  68
148  110
137  100
203  109
191  109
182  104
165  105
139  93
132  86
179  104
155  107
109  97
106  102
120  107
121  107
96  73
115  82
99  69
178  112
166  104
113  99
176  106
132  98
118  107
162  106
201  117
121  85
140  114
168  103
123  92
142  108
203  113
122  86
181  110
109  65
129  115
138  88
104  83
182  111
108  87
110  109
112  113
121  92
185  113
117  98
120  110
173  105
130  92
183  104
130  109
133  116
130  111
132  130
205  115
199  106
95  72
132  101
100  88
101  88
151  110
112  111
127  101
193  115
112  74
127  84
112  82
120  109
180  110
128  84
120  106
127  100
188  104
132  115
128  135
126  118
164  106
129  96
121  109
131  92
201  113
117  75
134  88
113  85
132  112
92  76
109  95
103  98
190  111
204  116
134  90
135  111
198  109
155  98
131  119
127  117
150  104
129  87
158  106
128  94
100  97
140  119
123  115
128  104
137  99
140  118
121  103
180  112
108  104
109  84
144  111
135  90
159  103
108  84
113  130
190  106
161  105
126  116
204  113
149  109
118  109
138  98
99  83
126  93
140  97
124  84
165  109
93  77
126  90
129  84
140  102
118  104
106  88
171  109
102  79
144  94
128  113
116  77
128  85
110  96
97  73
148  101
110  66
121  94
143  110
139  115
96  75
122  105
134  105
99  81
117  84
141  94
124  112
138  99
138  90
131  88
156  102
147  103
110  68
136  102
147  101
101  95
116  115
107  106
115  77
144  98
141  118
170  105
144  96
133  119
126  107
136  89
164  109
134  106
140  100
145  108
130  120
124  117
133  118
107  73
117  106
172  107
124  114
127  137
115  96
162  102
100  81
150  97
134  109
191  107
112  80
124  115
147  94
130  89
100  92
175  109
186  113
128  110
122  123
152  103
104  66
135  104
104  101
180  104
112  105
130  102
135  93
208  113
159  107
136  119
142  95
116  76
105  88
108  62
201  112
156  104
178  106
97  81
168  105
124  106
102  84
190  108
106  92
197  113
108  100
131  91
120  90
149  107
101  70
183  106
105  65
151  112
137  91
124  103
133  129
141  103
138  101
129  120
181  107
152  110
153  104
167  105
98  85
114  72
122  112
130  86
131  118
94  77
182  108
122  117
116  82
153  100
145  113
126  119
104  71
99  70
124  101
111  109
123  89
111  105
112  131
123  118
106  107
106  75
120  114
141  111
135  96
129  99
147  105
133  100
107  81
193  114
149  104
191  113
120  80
193  116
167  106
119  115
138  96
187  105
128  86
108  96
157  102
123  98
120  99
197  107
149  108
114  84
111  107
186  105
119  125
106  96
138  112
137  95
126  100
167  107
145  96
130  95
130  115
102  71
126  121
100  79
113  81
119  88
134  94
120  79
107  63
169  102
202  114
123  117
130  114
102  66
128  92
122  115
142  101
141  102
142  100
122  111
133  97
143  93
116  127
167  102
103  103
179  106
196  107
132  100
116  112
184  110
132  87
146  97
139  117
160  108
153  107
137  106
135  94
106  105
147  113
133  106
161  101
178  111
120  105
96  70
157  109
139  102
140  101
136  94
165  108
110  111
148  113
104  64
180  109
105  105
111  101
148  96
132  105
146  104
114  89
163  103
110  112
198  108
164  104
133  115
120  117
122  113
130  94
188  105
126  98
173  108
185  108
178  109
196  115
96  81
187  109
107  96
110  63
133  93
190  115
113  112
124  122
111  106
98  89
130  131
111  67
184  105
114  99
140  95
141  92
206  109
130  93
150  106
116  103
108  109
134  97
115  84
130  119
126  84
174  105
141  96
103  64
199  108
114  108
148  99
137  121
139  97
126  99
103  86
122  98
133  101
137  93
127  112
182  105
179  107
143  97
133  88
137  122
174  110
130  133
100  66
105  99
137  101
134  100
126  101
183  111
122  95
102  70
101  79
120  85
136  96
136  91
149  97
138  121
139  89
116  80
134  107
129  102
122  108
101  80
186  108
123  113
102  100
151  103
136  118
125  99
133  103
140  93
137  103
114  102
115  126
111  100
113  113
118  125
104  73
123  93
160  100
129  105
149  103
134  96
99  71
147  102
121  99
109  102
118  90
136  117
145  101
186  112
107  68
115  81
100  78
122  99
105  97
153  101
153  99
135  102
162  101
135  110
111  90
116  125
126  83
114  103
160  104
129  134
113  89
130  110
131  106
121  123
152  111
122  85
103  79
118  80
142  99
138  125
132  117
142  91
121  106
125  121
152  98
125  93
121  82
102  93
121  111
121  98
203  114
123  100
138  94
109  86
143  94
173  106
120  123
187  110
198  110
166  106
122  100
102  76
116  74
170  104
136  93
125  116
169  105
111  79
148  100
192  109
123  97
106  98
140  105
159  104
127  98
136  88
141  105
189  111
181  108
152  108
101  76
106  63
124  108
197  108
127  91
96  79
109  71
119  87
137  107
146  111
140  115
101  75
183  113
190  109
127  96
156  108
205  112
127  102
108  107
134  127
183  110
117  89
142  103
163  105
150  105
129  106
134  104
175  108
138  110
100  69
148  97
123  109
125  122
114  95
140  98
120  82
123  94
186  114
132  90
121  93
133  86
102  85
149  111
108  97
166  108
121  116
100  68
121  113
145  107
130  98
103  76
136  112
204  114
134  102
109  72
150  109
123  101
115  85
142  94
131  97
112  85
102  82
134  89
106  95
145  94
125  97
157  103
134  87
137  115
122  118
136  122
203  116
128  107
122  81
132  103
163  107
127  104
133  113
113  101
107  87
130  97
139  104
189  112
190  107
142  98
102  94
118  114
124  118
145  102
149  96
91  74
155  111
103  93
153  98
126  103
171  110
168  106
143  98
116  83
112  66
204  115
114  76
103  97
203  117
135  87
150  98
192  105
121  115
201  107
119  92
145  95
134  121
136  115
131  85
117  107
132  131
132  109
118  100
172  108
113  110
191  112
121  124
128  108
107  62
125  103
179  108
126  113
99  85
142  116
125  88
105  81
111  71
148  94
129  119
120  101
128  134
126  94
121  91
104  100
146  107
155  104
164  107
111  86
113  129
110  132
152  96
