1247
129  120
110  70
121  95
101  112
138  110
123  94
117  96
104  90
173  129
118  125
95  80
133  103
97  94
84  94
130  122
100  100
93  86
138  101
97  111
189  141
90  94
121  124
94  112
149  117
86  104
90  77
157  131
91  95
99  106
119  145
169  125
187  133
185  144
121  123
150  118
97  68
133  119
141  118
112  146
181  131
90  99
124  94
143  118
102  112
118  110
116  112
131  121
118  97
147  121
148  108
125  141
106  88
118  123
118  147
150  113
76  72
121  113
137  124
90  71
153  128
170  140
100  109
159  133
151  123
97  98
104  106
190  130
134  125
141  105
188  133
130  111
130  119
112  147
88  102
108  112
111  86
181  142
156  114
128  104
177  123
102  71
145  129
89  101
101  104
138  125
163  118
177  142
84  99
89  83
179  139
126  100
159  130
119  127
108  109
193  132
110  120
92  79
128  99
107  122
166  136
100  111
130  125
100  97
141  122
103  79
175  136
93  98
180  139
129  122
187  140
187  139
103  113
108  65
123  101
137  119
95  112
88  82
172  131
163  132
89  105
128  145
177  137
109  95
120  129
102  85
162  116
97  103
99  109
160  116
98  109
100  101
140  111
159  128
175  143
168  124
166  123
102  66
123  113
127  117
172  122
103  86
192  134
132  123
133  116
181  139
126  93
97  83
136  112
110  109
138  122
141  127
146  111
91  88
101  80
115  146
102  107
99  64
120  127
165  134
130  102
102  111
130  128
92  76
126  124
158  121
137  121
130  114
118  118
132  98
109  72
114  108
98  63
113  85
167  131
96  97
184  133
99  83
108  120
167  127
122  108
114  118
123  121
152  111
109  77
142  120
174  130
165  131
106  118
148  122
141  120
105  108
119  129
122  117
123  117
89  76
176  123
132  101
106  119
100  66
135  104
140  127
172  124
160  135
129  102
146  122
84  95
98  95
103  76
86  72
117  122
132  124
139  100
133  129
108  97
127  112
103  97
83  96
147  114
96  81
104  120
100  99
124  106
182  141
113  150
178  133
112  124
124  141
115  104
175  122
117  144
102  93
144  127
91  69
87  97
105  97
90  76
130  120
129  106
97  109
121  93
93  70
175  134
165  132
173  122
109  113
99  113
118  126
100  79
179  142
109  102
117  147
177  144
180  143
126  116
99  101
101  115
120  126
103  117
127  146
115  119
97  106
126  126
107  121
99  110
191  136
85  70
104  71
125  111
174  140
87  102
104  101
150  116
90  83
90  79
112  105
139  101
144  126
145  124
130  110
125  99
115  142
172  140
144  122
93  108
103  109
148  110
99  71
133  122
147  115
121  94
87  92
98  81
119  92
126  117
120  114
124  114
146  126
103  98
142  129
171  135
101  88
173  127
98  105
175  127
127  116
181  128
154  122
159  117
179  129
137  103
103  63
96  65
147  130
117  118
118  144
129  127
82  68
177  140
184  140
104  114
177  124
113  99
95  95
99  107
97  73
127  121
134  127
138  112
136  118
123  109
186  139
132  103
166  139
105  112
118  109
101  64
121  116
95  69
177  130
85  102
98  89
174  127
160  134
89  104
161  131
131  110
150  126
140  118
164  121
116  148
176  145
94  84
107  113
105  65
101  81
131  118
124  145
177  129
141  102
110  119
106  84
147  131
164  117
131  119
124  132
91  92
130  121
130  109
184  137
93  103
98  102
127  104
180  144
95  111
126  94
171  138
103  64
96  73
125  97
98  107
140  102
119  128
189  135
170  132
108  145
119  125
122  141
129  117
99  78
126  118
132  117
128  123
124  121
155  126
174  143
137  102
142  108
114  95
123  115
106  114
118  100
160  123
183  141
143  122
125  121
113  89
86  70
91  105
116  115
137  100
96  108
130  123
102  84
102  96
113  112
162  115
102  105
138  117
134  123
117  106
110  68
152  117
173  142
132  100
109  104
150  120
108  98
150  109
111  145
121  144
157  134
142  103
95  102
125  124
130  96
142  117
128  108
121  135
120  123
107  75
161  128
147  124
151  129
177  139
116  125
120  145
114  142
122  140
122  105
112  114
185  137
119  123
123  97
99  65
101  95
97  97
149  124
173  141
115  150
163  126
140  114
121  98
133  100
129  115
119  146
118  104
101  106
167  134
136  117
107  116
120  107
140  115
101  116
181  127
122  98
133  97
139  117
109  71
166  134
145  122
179  130
176  139
152  127
129  99
121  107
115  122
131  97
143  121
124  129
168  128
117  98
106  107
186  138
103  93
115  144
118  127
111  90
127  96
124  144
155  120
94  111
169  134
108  146
130  95
122  112
159  125
87  95
97  69
123  126
133  107
150  117
132  109
148  117
127  123
103  106
109  93
105  74
124  112
185  136
90  106
123  105
126  101
131  127
115  118
149  128
174  134
142  124
188  131
88  90
99  96
114  149
122  133
105  81
133  118
126  128
102  100
103  118
120  91
134  97
134  111
137  122
126  98
137  101
119  122
88  89
166  141
88  87
139  115
98  111
167  128
101  75
159  131
106  96
177  143
120  109
88  100
127  124
134  118
185  133
94  86
96  79
142  121
121  136
182  144
116  124
166  124
111  146
122  118
100  84
113  103
98  91
117  113
129  119
163  124
143  128
113  115
115  96
123  118
105  66
179  124
126  121
121  125
170  127
124  115
180  138
104  83
94  100
131  124
100  108
100  104
107  81
115  149
86  101
191  137
183  143
134  116
135  111
96  70
122  128
188  137
99  108
93  96
100  78
122  111
106  105
133  106
99  105
85  96
146  128
108  104
125  122
139  102
144  117
150  114
107  106
123  95
124  108
124  122
131  128
142  127
103  103
109  117
103  110
104  118
173  140
99  116
134  106
111  106
151  127
85  101
121  91
107  117
100  102
92  78
85  87
116  150
89  72
93  102
121  122
99  98
150  128
120  122
186  128
126  103
122  109
107  107
172  136
123  148
96  98
97  107
120  119
111  107
179  134
119  117
167  133
104  113
169  142
100  98
166  125
120  95
104  116
119  144
93  71
100  88
146  130
99  86
93  77
124  120
185  142
98  101
161  122
163  117
126  113
121  115
118  107
103  67
155  133
165  120
141  111
93  68
159  114
155  111
99  70
107  146
181  132
142  116
120  99
101  76
176  137
143  127
133  124
137  115
89  77
140  120
126  120
131  109
95  105
148  131
90  85
109  86
102  82
114  121
89  71
93  101
97  102
106  102
85  91
158  115
192  133
123  124
87  99
90  87
91  100
98  103
102  70
119  115
119  120
100  92
108  84
121  106
136  116
180  141
158  123
161  121
171  132
95  107
96  80
101  101
144  118
100  117
104  72
124  139
168  138
131  106
143  110
172  133
105  111
119  118
113  101
174  128
127  101
146  127
94  66
124  101
87  87
175  123
134  100
151  110
98  66
98  79
161  118
99  100
191  130
98  113
94  105
122  126
130  98
122  99
113  113
101  102
151  131
136  119
136  102
142  112
147  113
171  127
176  141
136  122
134  120
99  102
108  111
108  116
160  131
93  100
119  133
124  103
104  100
95  103
157  133
188  136
110  148
117  107
140  119
105  118
121  139
102  103
93  95
124  134
181  126
112  120
172  121
155  131
171  134
87  106
120  110
118  122
155  121
164  130
100  69
110  150
151  119
92  107
112  97
131  122
145  108
99  104
164  126
155  117
106  75
155  118
144  121
100  81
99  81
146  115
127  102
174  144
122  123
97  82
120  106
152  110
87  103
95  100
106  92
173  132
170  137
94  77
154  114
121  111
123  92
134  121
110  147
121  99
146  106
122  115
175  144
165  126
124  135
134  105
148  113
94  106
136  115
153  123
105  64
171  126
97  112
102  89
111  117
175  132
100  107
141  103
105  75
134  104
95  84
94  92
122  113
153  122
108  70
107  73
193  131
139  126
122  124
120  135
101  68
99  85
101  98
111  100
162  121
99  61
166  138
129  95
111  109
186  140
140  105
114  99
101  114
114  104
104  64
90  102
99  77
123  131
163  121
107  68
191  132
182  140
97  75
114  116
108  87
135  110
132  112
111  124
120  146
126  107
88  94
156  132
107  87
92  68
100  68
98  106
153  129
92  84
180  129
104  110
100  112
165  136
141  121
127  100
194  134
96  87
123  98
179  128
193  134
156  119
90  103
122  146
128  110
134  109
93  107
125  93
159  132
183  138
121  109
126  97
118  148
109  97
85  99
110  112
176  140
108  103
102  109
103  107
94  95
92  106
98  108
141  129
119  89
135  124
123  141
127  145
97  81
124  128
172  135
186  135
162  126
97  104
122  95
168  129
140  101
177  133
106  121
144  111
91  83
168  134
138  116
119  130
113  110
163  120
105  105
134  107
135  102
146  125
118  90
88  99
114  89
128  107
108  117
182  134
124  130
182  139
104  115
121  103
97  88
168  142
143  126
165  123
146  120
112  113
140  117
122  143
109  120
118  114
123  104
96  93
174  131
91  108
124  96
102  76
147  119
110  96
139  127
138  105
94  94
109  121
102  94
121  137
138  106
151  120
186  143
103  111
91  85
98  62
91  93
128  126
132  105
137  106
142  106
98  115
105  119
87  104
93  65
131  117
181  130
91  74
162  123
126  115
101  108
122  94
104  111
121  140
112  111
87  89
138  118
173  137
175  141
118  98
94  102
124  119
115  143
169  136
154  132
176  144
108  96
151  112
135  119
95  108
149  109
84  92
124  146
93  105
120  101
122  100
111  123
123  142
110  114
98  98
114  103
171  133
139  104
123  107
107  120
164  125
130  124
108  114
128  113
100  118
113  94
91  94
172  144
113  114
137  107
175  140
107  115
89  106
130  97
116  120
190  134
181  137
91  86
187  134
101  105
126  125
105  113
126  119
152  128
107  99
145  105
170  129
123  100
149  121
101  70
124  118
182  126
108  118
106  98
167  130
104  73
91  82
106  68
163  127
108  107
87  96
182  143
87  101
115  148
98  116
98  85
124  131
145  113
146  124
91  106
114  122
120  117
86  87
128  101
158  128
142  125
106  95
175  139
116  117
101  117
134  110
81  69
131  96
104  66
167  119
102  79
181  135
104  78
106  111
186  127
112  85
111  105
184  142
168  139
120  90
190  136
134  102
121  120
96  78
193  136
138  121
111  101
133  115
135  103
165  133
149  127
152  123
162  129
102  65
129  96
105  99
93  69
105  116
131  100
128  94
181  134
125  116
180  136
145  125
95  83
157  125
164  132
94  104
133  101
132  125
117  89
96  111
92  95
114  102
87  105
132  115
182  130
110  105
110  111
159  135
154  128
88  97
165  130
90  72
124  125
129  105
123  93
163  138
89  94
128  127
86  103
92  110
159  127
182  133
171  141
151  111
106  104
94  70
105  107
105  88
109  84
101  79
123  138
149  108
90  108
95  72
92  67
171  142
107  96
116  103
130  115
162  137
169  143
93  109
108  100
148  115
91  103
145  107
127  98
92  103
96  88
145  131
134  119
162  117
94  107
140  122
134  99
121  92
116  94
158  135
152  126
167  140
126  99
136  99
83  73
162  119
185  141
163  135
86  102
133  113
149  118
120  105
96  75
120  121
111  77
149  111
96  84
95  106
165  124
146  107
172  137
111  71
186  134
122  149
183  133
89  91
117  115
99  69
97  65
124  117
121  132
91  99
125  103
