1193
187  116
186  113
161  111
155  134
190  104
143  140
106  170
113  167
148  143
180  109
136  137
155  155
187  105
152  133
103  171
162  159
165  167
165  112
122  162
127  161
128  154
146  143
128  161
154  122
117  155
142  144
139  143
108  164
110  162
154  149
134  144
124  144
140  131
103  163
153  151
135  136
155  153
154  135
162  126
165  108
162  142
115  146
96  186
135  146
126  143
165  156
129  149
182  115
101  173
167  134
121  144
154  148
121  156
119  159
118  144
163  117
129  142
166  141
168  166
113  153
165  120
149  155
125  166
184  110
146  130
125  155
92  181
181  110
140  136
173  113
137  148
123  153
179  116
156  119
199  103
143  155
157  139
153  156
172  174
175  117
155  158
104  168
145  153
142  155
179  119
153  148
139  127
155  118
165  136
198  109
109  162
183  113
190  106
167  172
127  151
160  112
159  140
101  166
147  139
185  112
168  107
176  171
142  133
139  161
96  187
151  149
92  184
118  159
119  145
197  107
127  146
164  130
175  114
146  158
156  154
160  151
167  162
170  137
189  101
124  152
163  154
157  146
122  146
171  110
122  149
162  147
168  173
158  121
129  153
182  107
140  151
147  151
173  110
155  150
131  154
105  157
128  163
178  106
112  161
148  141
162  129
164  162
128  145
160  149
175  162
163  118
142  139
188  117
160  154
173  132
150  153
101  160
186  108
112  146
189  107
91  186
167  140
127  160
185  113
204  101
162  167
148  139
153  128
193  103
136  159
172  131
151  142
159  150
158  158
151  143
191  112
140  147
163  157
106  162
148  157
149  133
161  128
188  103
123  142
190  107
170  108
104  174
152  142
112  154
172  175
146  126
166  158
93  182
147  131
163  144
151  155
113  162
115  150
166  111
136  143
167  131
160  162
116  170
149  150
116  173
176  162
109  172
98  169
172  135
178  108
135  148
132  145
170  129
122  158
155  133
179  124
122  161
140  138
179  108
174  110
178  107
162  158
143  144
151  120
169  172
182  103
167  158
152  143
191  107
141  149
180  108
186  119
157  145
156  114
119  155
153  138
116  158
190  108
133  135
189  108
127  164
129  156
116  167
110  171
174  128
159  160
186  105
99  171
171  107
165  159
114  170
172  136
159  130
152  150
115  159
181  107
151  153
143  152
135  135
108  157
125  167
138  156
168  139
174  173
117  147
190  111
166  138
154  132
159  127
142  138
164  163
127  143
163  135
179  107
104  180
146  128
183  106
163  111
203  104
162  166
132  130
170  171
159  111
166  154
172  133
136  146
133  136
100  178
138  155
155  120
106  172
95  174
110  169
156  160
138  132
149  124
164  125
163  112
133  148
104  175
115  152
160  131
117  151
166  125
174  131
119  167
172  173
176  168
119  144
179  117
163  142
92  179
110  148
125  156
178  119
152  123
114  158
122  153
165  132
102  168
103  182
139  158
177  105
157  138
160  123
157  133
121  151
109  151
119  165
167  159
130  149
110  158
138  150
145  136
105  173
127  139
164  167
94  180
95  180
152  126
123  156
197  103
141  129
108  170
134  152
163  126
92  182
148  158
115  161
112  166
191  103
159  149
140  127
175  173
167  169
122  165
94  184
133  138
178  111
166  123
128  157
131  155
172  118
100  171
102  162
163  153
127  155
138  163
146  156
155  126
151  140
170  111
169  136
171  135
158  128
162  115
159  156
123  148
153  123
141  133
163  158
147  124
189  116
112  170
124  145
131  158
174  168
163  163
166  144
172  176
98  177
158  150
168  124
98  166
116  148
185  108
173  167
169  113
144  137
118  147
175  109
178  174
168  113
150  126
148  154
93  181
163  152
139  138
165  134
112  151
175  111
176  115
175  170
156  155
133  152
193  114
184  109
146  134
157  137
133  133
149  132
176  176
117  170
155  137
126  159
165  164
128  141
107  159
136  151
175  108
128  160
118  166
119  161
109  166
136  150
170  163
126  148
135  143
168  168
169  119
149  127
165  166
172  137
185  121
173  115
127  148
158  138
116  159
138  140
152  152
183  110
103  168
129  140
103  172
180  172
160  141
94  189
182  118
163  138
191  110
183  104
114  154
150  128
163  165
95  175
157  125
194  101
156  150
168  159
171  111
184  114
159  145
199  108
109  155
145  158
170  127
155  121
177  123
164  111
170  110
106  174
127  152
123  164
145  131
155  140
166  166
173  122
150  140
180  117
133  147
120  164
95  186
159  117
128  158
152  157
161  131
159  133
107  166
110  170
183  112
116  160
164  110
168  134
160  152
153  150
159  132
164  143
145  151
166  139
128  153
132  165
178  109
132  141
204  100
164  152
196  106
159  157
96  177
111  172
150  152
180  116
129  160
145  132
132  131
134  157
190  103
109  169
179  165
142  154
165  133
127  162
174  105
173  121
146  145
105  180
177  172
180  169
170  112
106  164
202  106
136  136
142  157
146  142
148  137
149  158
140  148
147  146
165  113
114  167
91  188
149  148
141  153
181  111
149  149
93  186
162  112
136  147
171  168
173  109
167  113
181  172
126  160
187  109
186  112
106  159
164  144
134  135
160  140
110  165
159  159
156  159
187  103
140  144
172  172
177  118
115  158
160  143
167  161
134  136
117  164
96  171
165  155
142  160
159  163
146  154
145  146
122  155
171  165
110  164
166  160
154  147
159  125
102  179
147  157
146  144
132  151
157  149
120  162
124  167
168  116
164  117
174  113
178  114
177  122
176  123
171  126
178  116
138  146
169  116
131  165
108  158
166  169
140  159
102  165
173  127
145  134
192  109
133  129
136  158
122  150
137  145
147  130
156  157
169  160
186  114
141  144
165  126
162  116
136  134
158  151
164  153
150  120
152  156
139  147
171  133
155  131
139  163
200  108
164  109
102  171
133  149
118  155
141  151
122  166
137  137
158  149
99  173
171  109
131  150
141  155
188  101
100  181
190  109
196  104
106  165
162  121
162  161
156  132
143  131
165  142
127  145
180  115
111  158
151  141
161  144
139  140
102  160
147  132
112  147
94  186
129  159
174  166
99  175
135  150
143  157
135  137
102  167
160  160
115  148
165  124
149  151
99  165
115  171
167  157
149  142
171  134
142  129
101  163
134  150
178  118
153  129
171  162
157  150
160  156
175  122
109  154
123  149
156  138
182  108
149  137
184  103
176  116
143  156
150  147
159  155
119  143
148  134
205  103
160  116
108  165
154  144
170  162
167  115
162  117
111  177
139  156
132  160
113  150
154  145
169  125
146  136
178  117
115  144
163  120
168  114
157  156
181  113
134  142
124  154
158  154
170  166
126  165
174  115
152  117
153  133
178  122
96  182
115  157
167  110
182  123
154  136
122  143
166  115
110  159
159  153
135  162
178  112
104  176
139  133
133  142
125  141
171  163
139  148
154  138
133  154
141  146
107  158
181  114
191  113
118  170
151  147
99  167
151  131
101  162
160  134
171  114
124  151
173  112
149  135
144  133
124  146
109  157
124  141
193  115
158  148
149  128
99  183
153  143
127  147
149  136
162  111
131  159
160  164
164  158
118  164
111  173
170  165
161  146
137  154
144  131
98  176
168  160
166  108
171  127
113  164
116  153
168  162
202  102
134  164
147  147
132  163
174  112
170  117
175  116
159  114
167  155
162  156
173  170
156  156
156  149
95  181
160  135
138  142
152  155
94  185
106  176
179  168
183  120
181  105
185  103
161  122
125  150
144  151
120  161
186  110
170  132
163  140
144  154
141  154
151  156
145  156
136  141
108  162
201  107
175  112
136  149
137  134
134  131
159  131
91  189
179  166
127  140
182  105
190  115
114  151
173  129
145  141
118  156
107  162
97  173
105  161
164  132
135  161
159  147
147  144
130  128
116  150
172  107
173  105
169  111
120  159
156  135
158  142
181  124
145  129
181  112
120  146
177  124
96  181
158  144
197  108
157  131
141  139
165  109
125  163
168  138
168  110
191  116
156  136
100  170
151  129
144  127
153  134
95  172
131  128
126  158
187  111
155  144
147  152
110  147
175  121
136  153
167  119
116  163
174  127
125  160
121  159
165  115
102  173
165  130
144  158
163  127
117  156
174  171
154  133
155  156
150  144
168  129
172  124
132  161
122  168
100  172
169  107
159  151
120  169
179  113
130  143
159  148
113  160
163  124
101  164
126  142
157  134
111  169
166  124
198  108
184  111
119  146
167  133
196  107
142  142
151  132
158  147
183  111
174  175
94  182
146  150
106  175
151  139
126  157
171  132
133  151
186  120
111  167
166  157
126  156
163  159
124  168
166  136
101  172
151  133
168  172
148  131
188  102
103  157
161  153
158  115
142  150
161  160
162  151
140  161
111  164
110  150
180  104
126  162
148  153
172  121
164  112
119  152
162  153
154  151
150  133
138  135
188  104
130  155
94  178
114  171
167  164
180  114
133  132
138  137
155  154
108  155
179  104
115  149
95  179
138  139
151  137
132  147
121  157
158  161
164  121
136  163
114  156
179  122
184  115
145  147
115  164
184  105
149  138
148  138
140  155
182  104
174  170
173  108
150  151
144  139
130  142
148  146
178  176
120  145
147  138
93  180
173  106
110  166
159  112
130  145
162  155
179  121
179  106
182  114
146  147
159  135
123  158
151  152
150  154
121  160
110  154
120  160
97  182
130  164
143  158
109  178
159  162
140  135
163  132
106  179
168  112
172  112
186  107
192  105
162  145
106  155
165  168
142  140
191  109
163  166
123  157
148  136
143  148
175  127
133  141
107  170
180  112
167  127
161  121
113  165
121  167
175  118
152  145
162  123
109  153
161  151
175  123
160  153
187  114
154  128
174  119
134  133
172  108
99  168
189  111
188  106
188  105
146  160
167  111
167  160
153  122
130  153
164  115
152  127
181  108
162  154
116  169
100  177
157  148
137  147
141  131
182  111
147  149
162  110
117  160
165  123
201  104
150  137
103  180
140  132
124  157
158  137
180  110
146  127
158  123
108  177
158  156
145  150
169  134
131  160
167  130
131  127
185  106
131  162
134  132
161  118
104  165
163  121
165  131
134  146
157  154
99  179
157  136
152  128
165  143
96  176
166  170
165  154
144  155
187  110
139  152
139  153
174  130
151  123
120  151
166  134
103  181
189  112
110  167
175  132
124  158
178  115
176  106
167  128
176  108
169  110
196  103
154  153
168  128
155  136
115  151
164  126
155  117
106  168
144  134
140  141
148  147
148  148
179  110
157  151
110  161
170  159
159  128
154  146
151  127
125  164
123  154
161  110
199  106
141  157
168  163
181  123
117  144
112  171
158  152
133  163
150  145
114  149
134  127
162  137
161  152
151  135
109  171
93  184
117  165
138  133
155  149
118  148
161  113
166  162
162  119
176  107
158  135
134  139
164  116
168  158
172  122
113  154
101  168
124  149
162  160
