548
144  134
154  128
134  121
137  122
145  129
146  136
149  133
108  128
165  123
132  124
163  124
135  135
147  131
214  123
132  125
166  124
139  126
183  133
118  126
101  125
144  126
136  137
186  135
172  133
174  127
141  122
160  123
212  122
160  134
181  131
124  129
188  126
99  124
124  121
136  122
174  134
191  125
194  124
201  128
113  130
105  127
183  138
104  129
102  129
207  123
158  137
163  135
167  134
175  127
154  133
188  131
134  131
125  131
133  135
163  132
159  127
129  122
161  128
119  123
118  125
165  126
188  127
157  136
172  135
134  135
148  122
118  122
194  132
105  123
127  133
181  134
108  135
182  134
121  125
201  126
127  129
120  121
195  130
148  131
119  136
139  127
168  129
137  124
103  133
182  130
156  136
195  128
126  124
123  126
142  133
111  127
204  122
155  126
148  137
127  130
193  131
132  123
128  133
143  127
170  129
145  136
125  141
135  136
146  126
171  134
108  125
133  136
134  127
144  127
106  130
120  122
166  136
155  133
191  132
190  128
142  129
114  134
201  123
171  133
130  145
151  123
149  135
117  134
142  121
128  127
133  141
196  126
162  129
99  126
159  132
129  134
142  124
171  132
157  134
110  132
152  133
138  133
187  134
144  121
146  124
123  131
174  130
196  132
203  123
170  127
132  131
188  133
203  124
186  139
151  137
185  133
208  126
133  138
131  122
169  134
138  121
211  128
103  125
99  129
177  130
122  123
121  124
213  122
167  131
173  129
162  126
106  122
119  133
194  128
125  124
149  128
152  127
172  131
193  124
199  126
107  122
117  122
138  122
103  134
153  134
164  132
130  142
158  135
114  121
153  123
113  133
111  123
114  133
182  133
101  124
112  125
123  121
127  140
128  136
143  126
127  121
99  125
137  137
120  135
186  134
181  128
112  131
185  137
209  125
188  136
188  128
118  136
118  123
133  133
122  133
165  133
126  121
163  126
116  127
130  128
119  125
99  131
179  134
154  136
120  123
127  137
164  130
146  134
171  135
131  128
202  128
124  132
153  138
166  134
134  125
174  131
151  139
193  127
150  126
128  134
121  135
190  130
145  132
203  128
138  132
153  128
128  145
179  129
147  132
147  130
173  127
196  129
188  125
149  136
132  130
162  123
121  136
124  122
132  141
127  138
200  128
127  132
189  125
133  124
202  124
154  135
110  125
163  127
167  128
107  125
128  126
198  127
118  129
149  138
110  124
127  131
206  129
115  122
155  131
187  127
117  136
119  128
157  138
159  135
109  126
184  133
191  126
146  125
215  123
126  143
206  122
165  130
140  131
124  135
123  138
133  122
140  132
150  128
109  131
144  133
130  134
116  133
145  134
211  125
128  123
140  127
181  132
179  128
95  126
151  131
173  132
127  145
124  139
124  130
197  128
134  139
202  127
200  125
167  130
152  128
130  123
130  131
125  121
102  125
120  129
134  132
129  140
130  122
119  127
168  128
141  133
98  129
140  136
167  133
124  128
164  126
193  129
110  135
168  134
149  137
166  125
122  126
119  130
134  133
213  126
139  133
159  125
167  127
127  123
113  134
152  126
153  129
121  122
112  136
124  134
155  137
126  142
105  129
114  130
159  131
131  127
110  133
116  125
187  139
152  123
127  143
124  125
191  128
159  133
181  135
191  130
102  133
102  130
160  131
130  121
175  132
157  133
126  134
200  129
165  124
189  135
154  132
142  125
127  139
204  127
134  123
138  125
129  136
142  127
192  133
177  133
98  131
130  143
193  132
126  129
165  134
147  124
126  126
177  129
144  131
126  131
191  129
155  136
112  133
166  123
159  130
108  127
136  134
195  125
137  121
123  124
113  132
116  124
208  123
111  124
190  129
129  142
197  125
140  122
104  123
146  130
119  129
193  134
114  122
151  129
121  132
157  137
143  128
136  136
148  134
135  124
140  135
138  135
201  122
144  137
179  130
214  124
109  124
169  136
141  129
96  128
205  122
150  133
128  131
186  128
143  122
164  121
174  128
141  131
126  135
181  130
188  137
187  133
209  126
159  128
103  124
181  127
157  125
117  130
133  129
151  133
190  134
189  127
214  128
151  132
145  122
130  125
185  136
117  135
108  126
143  131
211  122
194  133
118  127
145  124
190  136
146  127
141  121
186  138
165  131
145  131
130  124
148  136
120  126
149  124
100  127
206  126
122  128
143  121
117  131
156  135
164  125
117  129
214  125
160  135
122  124
126  128
97  129
127  124
128  141
165  132
137  134
129  127
121  123
113  129
126  125
178  133
116  128
150  137
186  127
120  127
151  127
154  138
146  128
138  137
116  132
133  132
135  137
112  124
124  131
128  135
156  138
175  134
203  129
119  122
115  126
192  134
155  134
146  122
184  137
180  129
141  127
161  131
209  124
130  133
131  124
131  121
126  133
151  135
153  133
158  128
149  127
149  132
157  131
134  136
127  134
170  132
171  127
201  130
156  132
144  122
145  125
125  122
