731
98  109
132  112
130  89
108  96
186  107
176  107
141  105
148  97
144  96
132  87
123  105
173  110
126  98
168  107
118  107
135  111
99  110
172  108
106  107
123  97
85  101
122  111
107  113
99  104
150  105
147  104
170  105
131  85
134  94
104  100
153  106
97  104
144  94
139  102
124  106
168  105
152  103
104  101
120  90
114  122
194  101
121  109
176  106
159  107
134  104
127  87
130  111
139  101
169  102
132  98
188  103
91  99
112  120
106  111
149  97
122  108
171  107
90  99
129  106
130  94
135  103
151  110
111  106
95  106
116  115
131  106
139  100
128  99
173  115
130  110
103  107
155  104
128  104
193  100
86  101
95  100
138  105
141  94
137  106
155  107
150  106
92  103
143  98
172  105
162  101
108  98
120  107
98  103
137  93
171  110
92  107
120  105
115  119
178  111
130  96
104  111
117  98
111  101
187  103
114  108
148  99
188  102
110  119
126  99
189  107
97  97
186  105
97  102
121  91
145  107
103  106
127  96
93  102
170  104
173  112
127  98
133  107
150  97
165  108
168  110
199  103
127  104
83  99
132  86
82  97
140  97
117  106
121  107
156  109
113  114
100  99
149  107
102  100
135  94
96  98
122  99
175  108
129  87
131  91
117  96
83  98
148  96
172  107
107  107
134  97
188  104
117  107
180  108
116  94
93  96
131  93
106  102
156  102
143  110
89  104
126  90
105  112
178  114
138  99
123  109
83  96
163  105
139  98
92  95
131  110
87  97
145  96
145  102
129  95
113  94
132  90
103  98
156  108
104  110
111  107
120  91
132  91
176  108
178  112
170  111
148  100
100  100
117  113
133  106
109  95
159  111
158  99
146  106
142  98
166  106
127  84
181  107
165  109
120  101
113  99
187  102
111  123
139  97
100  109
137  95
145  101
174  115
103  109
109  102
169  111
145  105
164  102
180  104
138  106
150  98
157  102
140  93
106  96
132  103
161  110
95  95
108  107
141  96
125  88
98  102
118  97
95  103
173  108
105  99
184  109
135  104
100  107
174  105
163  107
86  102
94  106
173  109
148  110
112  97
130  97
134  111
110  105
134  99
84  101
123  94
176  102
88  100
101  108
122  100
93  108
135  96
94  102
107  106
130  109
99  100
116  112
134  107
183  104
138  110
122  109
110  111
162  112
130  86
98  101
101  105
122  112
113  110
92  106
162  102
105  111
162  105
149  101
152  110
123  93
161  99
159  103
119  92
125  103
136  93
190  107
123  98
110  96
96  108
160  100
121  92
131  95
106  95
101  106
153  107
126  101
168  103
130  98
135  110
121  113
128  85
98  108
123  89
130  95
143  94
150  100
85  96
178  102
129  84
99  105
131  87
120  109
164  104
189  101
129  102
175  111
128  89
146  107
118  98
86  103
122  95
123  101
179  107
88  102
133  101
87  101
149  106
144  98
166  104
148  101
176  115
90  106
171  111
125  111
87  105
91  106
149  108
182  105
102  105
143  97
84  102
123  107
132  100
137  103
88  99
134  109
124  108
150  104
153  98
178  108
158  106
147  94
122  98
112  105
152  96
99  107
161  105
129  96
147  102
139  93
118  109
144  101
190  104
171  102
156  104
98  105
196  104
136  99
141  102
101  104
188  106
193  103
182  103
135  102
131  109
162  110
134  106
138  94
142  95
148  108
136  96
121  94
171  114
121  106
173  106
169  106
122  94
130  83
114  121
165  101
181  101
109  120
95  102
149  96
102  107
167  102
124  90
108  114
162  106
183  106
108  104
138  98
114  104
94  107
183  101
134  100
127  112
85  99
123  92
117  118
136  94
101  102
128  94
87  102
93  98
153  103
127  90
188  105
190  106
107  99
81  98
97  109
93  103
168  106
120  95
196  99
146  102
118  110
98  95
118  104
138  96
121  99
174  112
145  108
142  108
134  96
105  108
133  100
115  122
87  99
123  104
128  110
137  100
126  107
175  114
169  107
109  121
184  103
111  117
188  101
169  105
163  103
178  107
126  93
108  103
128  86
100  108
173  105
202  102
96  97
129  105
94  95
89  105
131  100
201  99
185  108
112  111
101  101
148  95
164  109
128  108
99  101
174  113
108  109
124  103
115  96
129  99
111  100
127  91
140  98
181  108
103  110
93  100
185  106
132  88
185  103
179  104
112  113
110  114
109  104
149  104
173  113
184  102
95  108
142  99
102  103
90  102
85  102
165  105
175  112
124  94
130  93
142  94
88  97
128  90
146  104
113  113
116  124
133  103
192  105
108  97
140  101
161  101
98  107
114  99
153  104
147  101
97  106
102  109
94  105
149  109
140  95
97  98
146  98
93  101
104  106
182  107
139  104
155  98
136  102
99  106
140  105
171  109
102  96
167  107
110  109
100  97
132  109
100  104
87  96
152  108
131  92
140  100
90  103
159  104
84  99
114  116
108  111
130  102
93  95
105  105
130  92
174  110
128  84
108  100
120  110
131  96
100  102
114  102
121  93
111  105
125  97
126  94
99  98
103  97
112  114
162  108
125  91
174  101
127  100
131  97
140  102
143  103
129  83
141  103
116  103
93  105
167  101
101  98
124  96
95  105
95  107
114  118
121  103
137  107
179  106
109  117
116  120
98  98
128  101
153  100
147  105
190  103
166  105
134  102
106  98
179  108
110  112
125  93
131  84
133  97
150  109
182  104
99  102
167  110
94  104
197  103
101  95
137  99
113  115
147  96
153  99
134  110
186  108
152  98
160  99
103  111
132  105
91  100
103  103
126  97
137  102
142  101
137  101
164  106
109  97
124  112
100  98
106  104
87  103
125  99
91  95
121  98
105  107
99  109
91  103
166  108
149  103
97  107
145  99
121  95
100  101
110  120
148  104
191  107
175  109
144  97
163  112
142  100
163  108
178  106
91  105
115  118
118  100
105  97
161  111
87  104
131  88
196  103
99  108
167  105
138  101
151  103
107  96
160  109
123  100
108  112
111  109
145  94
123  95
169  110
102  94
182  108
172  112
160  104
187  105
120  99
164  111
180  101
157  109
121  111
164  110
170  110
106  105
115  104
113  103
98  106
116  117
112  124
162  111
113  112
129  88
122  105
128  107
97  94
184  105
134  105
164  107
170  112
97  103
124  101
132  101
142  106
153  101
133  93
86  104
109  113
127  101
99  96
108  116
180  109
145  95
157  103
94  100
114  95
177  105
175  101
191  103
120  106
130  87
160  108
135  93
146  97
127  102
114  103
142  103
170  108
176  101
128  92
126  103
102  111
178  109
113  101
163  111
181  105
179  110
89  101
147  103
93  107
126  100
167  106
160  112
