1042
111  106
197  115
96  120
138  101
189  119
90  125
134  127
199  108
100  118
106  114
113  115
131  121
136  96
198  108
138  140
147  124
191  128
136  134
114  116
186  125
149  107
80  118
163  111
192  121
97  107
117  115
172  121
128  127
160  112
87  122
188  125
126  115
192  133
163  124
98  111
110  114
138  116
162  129
195  119
135  124
151  131
96  124
103  117
105  105
104  111
138  110
142  117
144  134
200  108
133  100
164  121
123  126
84  113
164  117
182  130
147  121
87  112
145  105
147  114
94  114
124  106
162  110
139  104
117  131
184  115
187  133
114  103
193  119
165  123
142  133
169  125
187  114
91  110
132  98
131  109
124  134
168  128
146  111
106  130
155  111
126  116
119  118
115  104
166  123
141  122
172  122
144  111
187  127
147  105
85  116
129  102
153  128
193  120
196  135
84  118
152  108
131  122
109  104
121  115
112  114
99  110
132  125
147  115
91  114
96  119
116  112
140  122
130  133
94  113
152  110
113  103
162  123
163  120
163  118
137  122
108  117
117  118
135  111
194  133
95  112
136  116
104  118
127  101
119  125
161  128
104  106
102  107
162  115
173  127
114  122
90  110
134  99
151  119
103  111
133  97
109  124
108  128
122  112
93  108
85  120
119  128
150  113
123  121
153  106
87  124
103  125
92  122
151  123
104  129
189  122
135  110
133  138
118  125
195  135
116  115
103  110
193  115
138  98
105  123
97  119
112  113
104  113
106  122
107  121
182  126
197  113
124  132
124  118
151  129
93  119
108  104
191  112
187  122
103  107
135  143
155  117
191  113
94  112
132  131
137  106
96  111
134  118
122  126
188  128
193  114
140  127
133  113
152  128
127  131
130  123
92  118
105  113
191  130
128  134
95  126
136  137
126  113
154  114
109  131
145  132
128  123
196  115
165  108
148  108
120  127
167  127
145  122
147  130
162  112
103  106
132  100
134  136
138  106
99  107
141  103
114  130
169  113
150  128
118  107
150  109
111  107
136  102
135  96
129  119
98  106
94  118
191  126
133  119
146  120
121  123
171  126
140  136
138  133
122  115
131  127
144  118
141  105
101  108
149  127
105  111
137  121
118  104
126  125
138  105
88  112
110  125
121  122
130  124
123  104
120  101
121  116
121  124
159  114
100  112
142  106
126  118
102  112
133  116
117  113
131  117
105  119
179  117
128  126
139  115
94  120
122  113
190  128
94  124
103  124
149  117
93  124
124  112
85  113
97  121
108  118
127  124
200  113
81  115
168  114
155  126
87  123
113  132
109  113
148  113
149  118
162  126
114  121
139  102
119  130
162  108
195  134
124  125
181  128
175  127
118  118
132  141
101  123
116  120
142  129
160  108
128  131
120  123
122  118
112  111
173  121
163  108
95  108
196  133
120  109
140  111
138  112
187  116
110  109
102  105
124  122
140  115
94  123
137  103
178  118
85  117
117  107
124  121
142  116
159  130
141  133
111  117
136  122
163  107
104  122
184  114
83  122
100  117
125  121
156  119
140  105
97  109
124  119
147  131
103  118
91  116
88  114
105  118
127  134
95  122
146  130
159  127
89  120
164  116
142  120
140  131
106  111
93  109
175  118
101  116
146  126
143  122
126  107
105  127
186  124
127  123
83  121
130  134
119  133
117  122
120  106
87  120
99  119
87  118
108  127
89  118
179  128
134  110
110  112
89  123
191  132
144  127
165  126
102  125
197  136
107  122
120  110
134  123
134  102
88  115
189  121
90  116
118  122
141  121
163  121
100  109
149  132
108  114
130  121
193  132
194  134
100  108
107  106
188  117
150  118
99  126
120  107
110  105
95  113
133  122
139  138
101  119
197  133
167  128
168  116
130  128
83  116
136  143
170  117
115  126
95  111
143  110
93  125
89  110
133  107
135  104
150  120
118  114
165  120
110  120
179  124
127  117
93  118
100  107
193  131
128  136
146  107
143  126
118  127
140  120
127  102
135  102
158  121
113  110
194  117
112  125
159  117
117  106
123  105
133  135
129  105
128  108
136  119
101  117
128  107
117  129
107  120
98  119
131  119
86  115
121  109
130  119
160  116
119  129
124  115
130  111
130  125
144  121
131  110
134  96
140  138
152  123
134  100
90  119
122  109
101  125
134  109
178  119
131  118
133  133
159  128
108  126
156  109
84  123
119  120
123  118
134  104
109  117
92  112
139  117
144  117
179  119
134  119
114  104
194  128
116  117
162  119
133  142
84  117
124  103
99  108
189  120
142  125
97  115
145  129
110  132
106  121
131  106
133  103
124  128
123  107
109  120
101  114
119  123
122  128
127  133
186  113
129  115
152  126
108  116
149  128
125  131
131  100
134  121
132  103
126  126
140  118
131  124
190  118
148  131
134  107
150  106
138  121
186  128
161  111
86  119
149  109
92  120
93  113
162  116
104  115
144  133
110  111
146  128
121  111
190  123
98  122
163  127
198  110
191  117
198  109
106  119
149  121
153  122
192  134
104  114
190  115
189  118
177  123
194  132
180  116
151  110
134  106
98  118
98  116
101  105
128  113
141  127
134  125
97  123
112  105
121  107
92  116
111  127
152  127
161  113
147  132
146  125
172  124
177  122
117  130
138  132
93  114
127  137
123  113
133  118
126  117
191  116
162  121
169  116
149  106
104  121
164  126
191  123
194  115
111  123
186  120
126  124
119  117
192  118
104  116
146  106
134  97
167  119
88  117
138  122
135  136
140  117
94  115
193  136
175  122
167  110
189  125
191  118
115  118
174  119
147  119
116  125
105  116
141  111
115  119
159  125
92  119
96  117
151  112
145  124
129  127
122  105
150  114
177  118
126  129
182  123
115  122
108  125
100  111
88  119
181  123
111  124
163  126
140  135
175  121
128  101
189  112
193  134
127  121
137  124
147  113
161  122
173  122
87  117
125  122
126  103
82  121
118  129
94  116
125  103
138  137
179  121
91  121
102  129
121  125
156  108
128  110
186  114
122  123
95  115
116  124
98  107
188  126
110  124
105  108
139  127
165  115
174  127
83  115
104  123
142  108
136  117
183  120
103  109
160  123
133  101
99  116
90  117
153  129
186  119
92  117
118  110
183  125
130  114
118  109
116  132
168  113
160  109
136  112
138  99
101  124
138  135
165  113
121  106
137  107
138  125
106  105
141  118
145  108
86  116
152  111
122  117
91  113
144  126
107  116
164  109
106  104
127  129
135  119
91  122
126  131
162  117
191  129
105  129
86  117
148  117
167  115
133  115
136  99
108  112
92  114
146  122
120  119
124  117
188  124
87  114
139  100
191  122
166  115
114  118
152  117
180  129
158  115
151  111
107  107
114  108
189  116
124  108
125  116
134  135
161  118
159  112
99  106
146  127
123  131
164  112
101  106
92  111
155  120
166  124
196  132
197  108
133  124
82  115
129  134
101  122
128  104
123  101
105  107
96  108
164  111
129  122
120  117
100  127
122  108
102  130
150  117
149  108
138  117
122  111
140  101
132  109
151  127
112  131
127  104
137  115
120  129
145  131
100  122
113  113
120  114
143  118
133  129
148  115
141  131
132  117
134  131
96  116
141  120
113  112
136  136
96  115
137  99
97  111
120  121
126  133
137  119
104  120
144  122
109  121
135  135
127  130
92  110
143  121
132  124
149  124
157  109
135  103
133  141
123  109
143  131
140  119
93  126
193  127
164  115
145  113
91  115
96  128
188  131
179  116
105  112
171  127
136  141
130  109
149  111
134  120
142  103
98  113
132  130
84  122
101  112
130  131
123  115
154  122
99  109
120  105
122  133
108  120
121  132
185  121
161  121
172  118
182  118
140  132
103  113
94  125
130  110
151  120
158  128
93  123
98  108
158  123
178  117
122  124
90  120
186  127
126  135
104  110
126  120
119  127
129  120
142  112
186  123
180  117
80  116
94  119
148  122
153  107
107  117
170  127
167  111
130  102
88  122
86  120
146  124
168  124
134  116
118  126
107  113
131  128
112  120
92  115
142  124
190  134
136  115
113  129
125  124
195  130
97  112
129  136
150  116
188  127
116  127
133  132
154  128
139  126
181  124
127  116
113  130
130  122
139  101
181  126
129  140
85  118
124  129
133  136
132  123
178  122
106  107
189  127
145  107
126  134
124  130
134  142
164  110
116  128
110  119
159  111
108  109
91  123
95  120
129  117
123  117
98  109
116  103
97  118
125  111
106  118
133  106
113  114
166  125
137  102
162  111
155  118
94  122
126  119
94  111
101  115
95  107
138  118
167  113
165  112
121  103
99  124
99  125
150  126
129  106
165  109
143  103
99  113
139  133
161  110
119  122
111  105
137  101
126  101
142  121
171  114
134  139
120  122
98  115
132  105
174  128
140  114
135  137
157  125
108  107
191  125
179  122
95  119
124  101
107  115
155  121
136  118
165  124
112  124
175  123
121  113
177  124
192  120
193  116
127  112
109  126
169  119
137  100
102  111
134  105
188  133
120  126
164  125
138  139
193  129
143  128
137  137
128  133
102  109
132  101
176  123
107  125
190  121
153  123
118  123
87  115
132  115
163  117
128  135
124  120
123  124
140  102
127  132
163  112
145  125
137  134
124  131
108  111
130  115
111  109
141  129
190  129
143  127
156  114
195  128
126  121
166  111
168  112
191  121
81  120
134  133
134  111
121  120
134  132
190  130
119  115
142  127
181  127
144  131
130  120
132  112
148  110
126  128
146  115
124  114
