887
161  144
145  124
92  76
140  119
99  81
134  119
131  119
114  84
127  116
90  76
123  118
165  155
171  150
135  124
160  160
131  109
136  118
106  96
141  118
130  110
101  68
136  119
179  159
136  116
88  64
148  141
102  71
88  82
137  107
163  168
92  79
136  117
145  129
91  93
135  103
125  116
147  115
130  114
158  156
159  155
96  93
112  74
175  152
150  118
122  94
101  79
144  126
149  124
140  122
111  77
160  141
95  83
134  106
108  104
151  129
144  122
140  127
103  86
97  88
120  114
146  124
154  138
142  120
127  117
148  117
166  157
127  102
111  86
102  84
163  157
96  65
119  120
97  81
160  149
116  103
139  126
143  128
90  65
175  155
167  158
97  97
109  95
122  100
117  106
162  159
115  81
151  142
168  158
102  82
96  79
104  78
135  110
116  82
90  62
91  94
132  109
83  61
94  66
175  153
120  107
159  150
157  154
167  157
131  118
166  160
118  110
166  171
105  97
169  150
116  94
121  109
163  152
121  113
151  143
96  80
104  90
91  83
104  72
163  166
125  99
185  157
93  69
108  107
114  89
130  102
120  121
122  98
126  98
96  98
123  101
104  100
182  158
103  97
101  95
103  98
95  84
98  81
91  74
126  94
133  122
89  77
106  95
117  89
118  104
108  84
116  115
82  66
132  105
129  102
130  122
149  118
118  97
124  106
133  119
130  115
157  148
175  151
128  123
167  169
133  101
117  113
185  154
75  55
130  125
118  114
168  148
85  63
118  100
131  110
172  155
100  84
99  100
185  158
122  112
159  147
91  65
180  159
138  117
156  150
134  125
165  166
93  77
152  142
127  98
118  98
100  68
151  137
150  113
151  132
105  75
121  95
141  120
125  121
128  107
162  161
159  156
89  65
134  110
157  138
109  84
78  64
107  96
122  118
91  64
118  107
101  76
123  100
126  120
122  115
161  160
111  105
105  81
91  86
135  102
93  65
96  97
113  101
119  117
116  112
102  79
126  101
121  99
173  151
86  74
129  120
86  55
117  115
129  122
130  123
124  120
164  152
159  149
124  117
104  83
135  104
97  83
115  85
90  72
134  109
141  131
159  145
177  151
82  61
160  151
144  118
158  142
137  124
145  136
180  152
111  90
82  68
124  122
155  144
130  111
99  85
121  107
150  116
91  82
167  148
140  135
151  141
118  118
132  103
138  112
122  109
178  157
97  65
120  119
123  93
171  153
131  100
183  153
142  125
90  71
159  160
134  123
99  69
146  128
137  115
136  115
131  124
150  128
121  116
179  152
86  67
155  134
132  100
123  121
162  153
83  59
128  101
126  103
156  149
126  118
153  133
105  99
172  154
174  157
135  111
111  107
114  108
124  96
148  137
127  101
161  146
101  98
152  145
127  112
139  133
106  98
162  156
166  149
132  101
139  127
117  84
160  154
149  121
160  153
154  145
123  92
162  160
132  115
166  152
152  133
138  132
145  131
120  109
102  93
157  151
102  94
176  152
156  135
145  125
114  99
162  155
119  88
171  149
89  76
93  70
176  151
138  106
162  151
188  158
153  143
144  121
134  121
160  152
124  94
159  157
125  111
146  125
165  154
109  72
143  122
115  104
100  100
154  135
178  156
123  113
167  150
108  97
154  146
126  99
140  120
89  71
98  85
114  104
146  134
164  163
99  96
157  146
128  113
133  116
111  79
120  91
97  94
177  156
159  151
127  104
146  127
123  97
99  71
154  136
111  106
92  68
81  63
124  121
159  159
117  98
97  69
132  130
126  100
116  80
126  107
106  88
140  111
95  95
137  106
108  96
140  131
149  142
156  154
134  111
129  117
180  153
149  117
104  73
151  135
95  80
100  78
145  132
109  77
147  130
98  98
134  120
130  119
143  127
123  94
103  103
126  93
138  110
168  154
119  87
96  87
150  117
125  97
91  88
117  81
160  164
158  152
166  154
96  88
179  151
168  159
99  77
170  156
154  144
101  75
168  155
85  70
141  127
136  122
149  128
169  149
185  159
142  133
78  63
98  79
107  107
138  116
160  156
123  95
131  97
101  80
130  96
128  99
138  125
130  121
133  103
134  105
120  101
99  86
141  111
122  95
113  103
143  126
176  150
123  115
107  81
147  131
102  96
113  110
155  137
134  116
146  130
94  70
109  86
115  82
133  113
179  153
98  66
102  76
127  123
165  159
123  107
127  100
159  153
164  168
163  165
91  92
160  143
183  155
124  103
158  144
181  154
110  105
94  92
105  74
109  97
132  112
137  119
150  126
150  144
129  105
123  89
148  136
107  75
120  117
151  127
103  79
125  91
144  133
112  80
129  106
113  85
98  89
108  100
146  126
96  73
92  84
83  57
125  122
130  124
130  98
166  166
92  95
130  120
101  88
100  79
107  73
161  152
173  155
78  53
131  117
122  117
166  169
109  93
127  124
85  67
126  121
97  73
164  162
146  136
112  97
131  121
112  105
86  70
133  124
94  77
129  96
165  164
106  92
100  99
90  77
128  104
137  121
171  154
91  85
152  128
134  127
86  63
122  87
116  83
129  119
132  124
129  115
145  122
99  98
159  140
106  105
113  99
111  71
153  134
147  124
126  119
119  92
165  156
158  147
152  143
129  95
77  61
143  118
114  103
131  127
167  161
157  145
102  70
147  114
151  139
108  103
148  131
82  57
162  147
107  99
126  115
170  149
142  116
161  153
178  152
142  121
142  124
164  167
154  133
120  90
94  84
177  154
165  168
173  154
155  140
149  137
146  122
99  78
150  133
100  97
134  104
131  106
85  76
120  105
122  111
162  158
101  101
177  153
101  81
167  160
184  154
96  78
121  91
163  163
163  150
165  167
173  152
173  150
172  153
108  98
144  131
140  117
150  114
110  96
115  96
163  158
140  118
102  100
149  133
147  119
93  68
157  139
167  159
106  84
155  136
91  69
111  82
151  133
100  69
141  121
123  109
109  102
151  140
84  56
93  71
96  81
127  96
92  67
133  129
149  136
106  75
186  156
113  81
109  71
120  99
81  65
122  99
112  82
99  83
133  107
139  115
108  87
168  153
148  122
173  149
148  139
121  94
158  151
186  155
142  127
140  132
114  95
97  82
158  154
184  153
133  106
104  101
158  149
115  84
167  164
95  69
120  85
147  139
121  115
89  72
163  159
121  93
148  134
124  101
142  112
87  65
102  89
111  100
96  70
146  120
87  57
187  157
99  70
93  86
144  137
160  162
147  138
164  153
144  127
137  122
161  151
124  115
140  115
169  151
120  110
181  156
149  138
133  118
144  117
124  119
117  96
124  118
172  149
125  93
141  129
157  150
93  96
164  158
155  133
90  79
142  117
116  117
132  125
127  121
156  138
147  121
178  154
150  140
147  132
119  118
148  138
173  153
85  60
153  138
123  104
109  104
121  111
155  149
145  134
92  78
84  64
150  137
138  121
125  103
134  107
119  89
146  115
138  122
95  72
167  162
159  148
134  102
132  117
138  118
107  106
103  93
180  154
162  154
124  112
106  104
123  105
151  131
81  69
122  113
121  92
102  85
149  135
122  108
120  122
123  98
131  122
96  75
98  95
98  91
86  72
123  117
124  108
158  148
141  122
113  94
156  136
113  78
112  85
130  109
126  117
118  90
124  114
178  155
163  154
149  127
154  132
166  170
167  155
90  83
105  88
126  113
133  115
128  108
129  99
142  129
128  110
117  118
96  84
114  102
120  95
113  89
166  158
174  149
143  121
104  71
162  145
97  75
134  118
145  113
166  162
162  166
126  116
130  97
120  106
158  150
100  98
94  86
107  87
121  120
149  132
97  98
185  156
135  119
148  115
94  95
148  113
84  68
83  73
136  112
100  92
140  114
122  105
172  151
164  151
106  102
157  149
97  68
143  131
121  122
93  95
121  106
165  150
163  153
100  88
144  134
121  98
101  70
100  81
103  76
94  94
139  117
88  66
124  90
118  109
132  123
121  103
126  97
111  101
141  133
119  115
152  127
117  107
86  56
