1484
160  168
152  145
125  116
113  134
159  171
146  160
96  116
141  153
179  189
151  140
165  131
139  138
159  153
162  172
187  201
191  205
149  132
120  107
99  125
183  195
126  135
138  116
170  140
122  117
136  122
148  131
167  158
121  120
171  177
140  151
174  157
162  156
136  141
133  133
146  144
157  146
136  137
164  167
113  130
119  122
146  145
124  132
179  166
127  129
170  156
106  96
168  148
108  97
114  95
97  102
178  176
160  167
114  121
98  118
150  144
158  158
166  160
126  128
167  133
146  128
114  102
169  180
137  137
185  182
174  168
95  119
94  130
131  118
109  124
138  112
164  158
124  121
118  100
158  121
166  123
141  127
141  121
99  126
167  177
132  112
100  98
130  110
143  157
144  155
107  106
109  126
188  185
176  171
159  147
103  93
154  153
152  160
107  113
100  97
134  135
162  169
142  139
155  131
176  162
99  100
160  153
95  126
169  125
130  109
156  135
109  102
175  158
145  158
162  153
185  192
113  129
115  96
161  121
150  147
174  180
98  105
161  131
165  166
107  120
181  165
154  122
184  176
167  181
129  142
182  182
165  132
130  122
165  124
149  158
120  95
96  124
186  182
166  138
101  117
100  118
165  134
148  154
172  179
127  124
155  133
198  194
138  133
109  120
100  127
158  144
146  154
149  137
115  104
165  177
175  173
168  154
190  208
108  100
168  153
153  150
133  107
127  104
143  121
155  134
152  150
200  189
143  126
154  151
165  176
166  124
185  193
184  192
110  105
151  129
178  182
93  125
184  197
193  205
165  155
103  124
154  135
166  181
103  107
173  178
172  177
119  133
143  127
105  112
191  184
151  153
98  102
159  169
168  174
155  165
170  127
143  118
163  140
116  127
130  115
121  111
152  126
98  116
161  153
133  138
126  118
100  117
174  171
104  121
149  128
140  141
106  102
148  122
162  151
183  193
141  129
163  138
149  124
136  147
159  162
113  133
96  97
194  192
152  143
149  149
101  108
180  189
126  99
124  125
141  146
94  116
148  148
156  160
121  115
139  148
136  117
180  177
169  176
124  122
93  123
142  138
131  128
94  118
117  106
167  134
127  132
112  111
188  205
169  143
118  127
193  183
158  123
98  134
138  142
100  92
127  139
102  107
148  137
147  119
163  168
160  152
106  92
168  159
118  110
124  114
147  121
140  148
111  123
96  134
123  109
163  159
115  126
102  129
143  148
140  115
142  120
105  113
147  149
110  96
106  111
103  97
108  114
188  181
165  156
106  105
173  170
167  172
99  102
110  109
133  135
100  134
187  190
129  119
105  127
123  124
137  148
147  151
126  124
145  131
118  118
162  145
127  137
160  156
108  135
159  133
127  140
101  95
123  100
163  126
95  120
152  157
139  143
166  172
112  105
186  194
154  133
134  127
105  118
134  132
117  96
185  194
154  148
169  134
108  117
171  126
93  126
132  124
97  97
188  201
126  131
159  130
158  138
170  171
171  162
144  122
166  171
150  145
112  113
122  126
165  136
168  163
156  136
143  158
164  126
193  194
150  160
109  121
187  178
125  122
110  124
103  113
133  106
161  146
140  144
142  124
147  146
105  119
152  133
191  187
93  128
105  108
164  144
149  127
145  151
129  120
168  160
158  152
128  110
124  118
157  156
185  191
121  116
148  136
122  118
129  115
186  186
172  172
133  122
108  128
176  183
124  117
160  162
142  144
121  109
133  116
108  104
163  158
120  129
183  173
168  124
119  120
133  132
122  133
180  172
190  197
152  152
132  105
123  105
94  125
135  136
164  130
114  104
166  158
173  158
138  150
126  107
155  149
154  132
106  121
140  118
159  135
105  107
131  117
104  100
116  112
156  155
152  159
167  160
188  189
154  147
179  168
131  106
155  155
145  153
195  187
123  126
185  185
153  165
145  129
151  166
167  130
124  120
146  163
189  188
106  119
157  149
162  173
165  173
122  123
181  172
136  115
113  115
148  163
133  141
109  97
147  131
163  135
176  168
140  135
120  101
137  121
201  192
113  113
108  111
181  186
153  164
150  162
163  171
104  110
147  162
124  101
140  147
113  114
127  123
102  93
100  101
171  163
148  157
120  126
186  190
145  141
131  109
134  142
199  194
102  133
153  128
151  123
177  172
135  111
108  120
98  91
142  133
162  154
118  129
107  121
121  106
97  129
121  124
124  106
160  164
103  98
98  103
152  142
171  168
112  125
124  131
163  124
110  120
168  139
145  132
132  115
146  143
135  104
121  136
172  173
163  121
125  103
146  127
114  122
144  137
144  126
101  119
196  194
162  121
180  174
103  118
148  138
108  126
184  194
130  134
118  125
168  168
134  146
130  131
175  184
162  167
139  127
118  136
94  123
109  95
119  130
154  145
115  122
148  134
101  102
143  152
183  190
117  131
152  162
99  119
122  115
163  165
167  180
178  177
192  201
130  121
147  152
184  181
135  143
189  184
99  96
129  117
183  176
120  117
134  131
133  103
147  130
178  174
135  135
121  99
186  184
180  181
169  160
161  171
187  187
134  120
144  127
134  111
121  113
121  123
139  152
119  117
114  133
145  136
167  174
151  155
127  102
200  191
150  159
151  137
168  155
99  105
107  107
187  181
137  124
181  188
126  101
134  109
113  94
110  119
184  190
182  193
134  119
161  122
162  155
162  158
161  151
144  139
163  172
114  118
148  141
126  116
167  159
183  196
96  98
102  103
156  150
185  180
163  157
118  122
107  116
104  113
146  136
172  155
122  108
139  115
141  118
151  142
146  158
165  150
157  136
154  161
129  140
163  154
99  101
170  162
160  143
155  162
106  104
105  97
144  121
145  163
104  111
192  182
168  128
141  131
151  133
180  179
126  121
154  136
147  157
158  149
134  118
179  177
128  135
189  179
133  129
96  133
150  128
122  124
182  185
186  180
106  118
146  164
168  138
138  146
137  147
111  106
198  191
103  133
167  157
140  119
185  186
127  116
170  132
184  186
117  129
94  120
185  177
176  176
126  117
182  192
146  142
161  175
186  178
169  145
167  148
128  108
150  153
148  158
186  202
134  133
155  137
140  114
160  174
136  118
130  119
144  158
129  136
187  192
190  207
124  128
117  115
178  162
189  193
150  164
175  162
151  147
151  131
159  163
156  166
196  191
131  121
103  135
146  156
146  126
97  123
165  180
126  103
156  149
111  124
142  116
177  185
182  196
113  110
123  121
179  184
115  118
154  160
202  187
184  184
110  111
148  139
168  162
189  199
184  191
98  131
143  128
126  100
152  164
132  125
179  185
167  169
128  101
161  170
179  160
117  136
96  117
157  139
158  147
130  124
142  127
160  141
111  100
108  116
185  179
178  188
151  158
106  122
117  134
145  162
140  122
94  131
107  122
149  150
163  153
164  125
145  124
121  132
119  118
166  144
180  184
139  117
151  164
130  111
191  186
133  113
155  126
116  94
168  176
170  129
120  121
120  127
170  137
100  107
132  117
150  140
168  147
157  138
159  157
134  110
166  152
157  131
120  123
94  122
108  112
176  181
140  136
144  151
148  153
178  179
187  184
137  145
165  130
129  134
183  181
149  142
149  151
183  172
140  127
167  131
102  109
147  124
133  119
165  133
158  137
138  118
182  191
181  189
168  158
166  139
148  143
150  126
170  176
131  119
176  160
155  136
101  104
137  119
130  114
116  115
157  148
159  145
110  132
165  142
134  105
111  127
151  132
155  167
141  144
183  180
108  118
116  124
187  189
120  110
154  128
93  118
157  151
164  162
132  141
109  93
198  193
139  126
159  159
159  131
110  114
165  126
128  136
163  127
135  119
145  147
185  189
118  109
136  146
102  130
146  122
182  189
146  124
126  134
165  168
156  156
120  135
132  123
164  168
105  129
163  174
146  120
153  129
137  134
134  123
105  111
185  198
110  125
179  165
135  137
108  125
192  183
169  136
156  154
155  154
140  132
178  187
195  184
99  104
122  99
169  142
129  122
98  133
172  176
162  142
122  98
168  134
119  125
131  127
121  98
127  121
136  143
171  154
118  104
190  195
111  107
161  152
114  103
170  165
160  134
158  135
157  150
101  105
153  133
145  122
100  104
164  163
138  121
104  106
167  128
153  134
166  179
121  107
103  103
96  119
131  124
170  166
151  135
175  160
163  144
171  165
158  142
172  174
104  123
157  154
157  165
166  162
117  135
190  196
155  150
140  138
195  185
169  150
168  166
133  118
164  143
122  112
162  171
132  103
109  104
166  170
137  122
179  181
105  105
153  162
138  122
155  140
101  124
162  137
151  152
142  117
163  142
151  139
141  122
129  105
128  134
158  161
92  133
138  132
123  98
119  127
100  102
144  133
144  117
132  130
131  110
143  144
185  196
98  98
152  123
99  98
173  167
173  155
128  133
138  117
179  176
124  135
151  120
187  183
93  119
143  122
127  133
127  117
151  149
148  161
125  124
113  132
151  167
136  112
163  166
120  106
160  131
97  94
162  159
171  127
104  118
133  115
193  193
117  98
188  197
159  127
126  129
162  123
124  119
127  100
167  140
165  154
141  120
143  155
96  120
140  111
186  189
189  208
158  154
128  141
187  182
184  183
113  103
114  134
140  131
145  134
97  121
158  151
193  202
128  127
154  146
180  175
142  129
149  133
168  129
170  163
147  147
184  180
125  99
189  204
123  131
164  121
191  206
138  139
138  140
145  125
113  101
111  117
130  102
191  196
186  203
94  119
98  95
107  99
116  125
155  161
108  96
156  159
143  131
101  123
192  203
150  152
98  119
136  136
120  109
166  157
124  134
168  172
144  131
146  130
105  123
123  118
150  133
157  145
153  122
148  147
150  151
133  142
116  117
148  146
103  109
159  151
126  126
203  192
167  164
167  155
134  106
121  122
157  133
157  134
104  120
130  123
174  179
195  183
126  115
145  150
123  104
114  99
127  112
135  110
166  154
93  124
159  148
121  95
136  119
139  140
165  143
135  146
103  117
121  135
166  141
100  100
181  176
180  169
166  166
142  140
108  107
124  112
119  129
127  138
128  113
138  137
102  125
188  187
187  194
116  120
128  131
155  158
163  150
125  131
158  165
144  154
161  144
180  187
187  193
104  101
168  177
162  126
105  99
164  132
188  186
162  166
103  111
184  200
158  156
120  122
107  125
116  133
182  187
159  156
130  128
174  175
150  154
145  146
171  153
137  115
108  109
144  134
146  147
168  142
160  123
123  115
190  198
143  140
184  198
146  150
141  149
159  125
102  105
174  166
112  97
135  124
110  112
102  100
128  123
134  136
165  164
107  115
111  109
99  131
162  160
134  116
156  157
122  113
152  155
198  184
116  132
149  121
166  125
174  173
158  169
188  182
106  114
117  130
147  164
156  138
97  119
169  178
186  176
152  127
142  150
189  187
163  152
101  98
144  118
166  149
133  136
188  176
119  115
100  108
187  199
191  194
141  133
120  105
127  134
190  191
138  135
94  124
160  149
149  155
130  120
126  133
118  107
103  110
124  129
134  125
114  130
152  128
110  133
188  193
106  95
161  172
142  125
110  135
146  125
101  101
134  104
171  132
117  113
171  133
180  192
146  134
108  98
119  123
151  141
167  179
172  175
140  120
138  110
134  139
161  160
143  156
164  152
157  167
162  161
138  125
164  153
126  119
184  187
157  125
133  124
159  149
188  196
181  191
185  178
112  114
162  147
155  121
163  132
153  151
183  185
151  159
154  165
160  140
184  185
106  98
139  147
159  150
154  144
160  160
118  123
152  166
120  99
151  119
96  128
186  188
156  167
101  122
165  159
125  111
124  108
191  189
149  136
159  132
97  118
182  190
164  151
104  114
122  100
166  136
141  151
153  148
134  107
174  170
112  131
136  134
191  203
139  133
192  195
169  149
108  103
183  175
158  148
148  162
107  96
154  167
151  143
124  103
119  128
98  101
127  131
181  174
175  179
99  124
94  129
183  182
163  163
120  114
136  116
122  105
114  108
185  190
147  144
190  186
128  99
127  101
146  162
139  153
134  144
122  109
189  191
156  132
129  127
153  138
104  129
128  126
150  137
158  150
184  188
160  135
154  149
159  160
187  180
112  124
109  131
117  107
153  156
122  128
173  180
111  105
166  169
153  123
175  170
118  98
95  122
168  179
155  153
163  170
109  113
147  138
102  94
131  122
97  98
120  119
134  121
154  138
152  156
103  134
155  156
142  121
123  101
149  138
127  130
182  183
142  142
106  130
126  125
122  111
128  107
159  155
114  116
165  167
141  139
103  125
151  156
112  133
116  103
166  134
149  148
129  106
155  144
160  151
167  162
160  154
126  120
161  128
184  201
108  127
162  129
140  117
186  205
112  120
98  129
119  136
121  103
180  190
169  151
159  140
142  154
111  101
123  107
118  126
113  99
125  121
117  122
126  113
130  133
123  113
124  130
159  128
116  128
99  129
128  104
151  127
95  131
109  117
103  106
130  142
190  200
101  125
162  174
145  156
183  183
104  90
147  139
100  122
148  164
193  196
154  164
100  99
150  120
178  186
147  132
167  150
157  137
175  182
158  166
170  159
168  173
123  117
158  128
115  119
124  115
132  131
149  135
98  122
132  109
153  143
123  97
101  106
102  96
106  107
118  97
195  186
107  117
129  102
165  123
167  161
167  127
113  112
130  125
121  125
104  122
169  172
148  165
137  107
118  114
149  162
189  183
117  118
