1250
142  139
91  114
134  157
121  115
162  178
130  149
103  113
102  129
116  115
128  135
141  157
117  118
121  109
145  151
75  80
88  102
149  162
113  112
120  117
129  153
88  110
151  155
116  124
136  136
100  127
124  131
91  113
103  136
156  167
106  104
121  135
75  81
121  120
126  126
118  147
131  122
104  136
117  106
109  102
122  133
109  126
134  132
126  117
143  140
162  189
124  117
117  130
161  191
132  131
156  157
96  116
122  113
98  129
152  159
153  156
131  128
144  134
133  124
147  132
146  160
119  145
85  102
145  132
91  110
102  105
154  167
113  133
125  141
135  146
85  81
146  142
148  143
164  188
91  94
139  147
93  95
159  162
136  146
94  124
100  118
159  171
143  131
140  151
118  136
110  124
81  98
118  109
131  121
117  115
111  109
97  111
93  123
129  149
126  120
142  133
109  121
93  126
124  115
104  123
133  154
127  151
112  125
127  152
118  144
115  104
141  153
163  191
128  127
130  120
74  89
95  119
159  183
104  115
134  139
141  129
89  118
151  167
96  124
120  106
91  100
155  162
87  101
94  112
123  142
182  165
120  109
123  141
159  186
105  111
89  106
109  93
105  97
163  172
97  88
155  161
117  135
126  128
108  107
106  96
147  152
134  150
134  146
145  156
90  125
132  141
124  144
119  144
96  98
138  137
110  132
170  163
112  113
116  103
166  166
71  82
103  97
176  171
130  123
170  171
130  124
145  150
124  128
95  115
129  119
122  126
94  105
130  131
95  111
100  98
127  116
135  135
165  173
118  148
133  147
159  191
126  125
133  142
120  114
84  80
131  124
110  125
115  146
145  136
113  114
159  187
139  148
154  164
121  125
101  104
129  142
85  104
144  155
167  162
95  107
154  165
103  117
108  117
94  86
87  106
128  153
94  107
100  100
96  128
95  102
109  97
183  165
103  98
159  163
101  98
119  123
90  94
151  164
99  105
155  169
149  149
140  131
133  119
87  92
104  116
162  179
111  90
120  129
120  126
161  190
134  127
126  116
89  123
132  124
143  156
125  116
144  131
119  146
93  100
113  103
106  88
129  120
174  168
127  140
115  151
94  120
175  170
108  116
100  101
122  123
100  97
100  112
112  105
93  103
110  111
113  134
148  153
118  107
149  128
151  156
123  124
85  91
88  117
180  169
117  147
163  168
86  111
142  150
128  131
150  152
98  108
103  125
115  119
102  96
94  123
124  121
124  122
82  97
147  149
114  130
76  83
94  119
139  153
134  135
87  89
149  132
88  94
120  146
93  125
137  154
102  130
131  154
127  147
91  86
143  144
80  81
103  110
159  169
152  162
133  133
117  113
148  131
73  88
101  124
114  121
113  101
99  107
140  155
92  103
100  99
155  175
126  118
119  120
136  149
122  109
152  152
134  144
158  171
143  161
96  117
106  92
88  90
127  134
117  144
116  140
136  143
172  172
102  103
138  132
165  166
122  124
108  112
156  160
87  102
160  183
124  135
118  114
77  93
97  119
117  131
163  166
147  147
148  161
123  121
86  104
185  166
95  95
151  149
89  127
102  109
141  146
98  91
128  141
147  130
154  169
124  112
158  181
94  104
154  176
91  85
143  152
130  119
99  131
121  124
100  117
96  111
111  106
88  112
123  131
106  111
135  136
94  129
141  144
171  163
94  114
156  172
129  140
97  109
110  109
89  110
121  140
117  151
97  103
152  164
113  113
105  116
152  155
138  142
93  124
104  137
80  91
104  90
97  123
121  106
109  131
120  121
114  138
78  84
162  174
146  145
94  115
148  158
118  127
108  120
86  102
149  166
108  118
162  171
80  95
174  166
148  165
160  184
158  184
126  115
162  167
123  138
104  101
117  122
136  150
128  136
149  148
124  146
99  109
115  144
145  163
93  113
103  107
142  129
108  126
97  98
162  181
89  94
122  128
114  118
98  98
120  139
123  115
116  128
87  112
99  98
157  170
161  175
114  141
143  163
162  192
118  125
127  138
122  115
133  132
138  140
146  144
157  180
152  157
103  106
98  119
169  172
98  109
164  180
111  124
140  141
95  112
150  159
124  141
101  115
90  103
160  168
115  142
98  102
92  110
112  111
120  145
120  107
143  127
184  168
105  127
102  125
127  132
92  107
145  147
94  111
173  170
106  122
141  149
111  127
92  119
154  175
165  177
84  106
112  140
121  111
151  158
88  119
98  113
133  138
107  125
126  148
124  139
81  83
83  96
160  164
106  118
134  152
116  150
146  156
137  124
98  95
129  136
163  184
108  96
103  133
122  143
85  96
92  115
140  135
138  156
146  154
87  104
90  108
165  167
161  171
79  94
130  142
104  100
107  116
119  137
96  88
132  125
141  139
128  134
116  137
165  186
79  98
120  122
158  169
132  145
114  149
91  115
112  136
158  166
146  127
119  136
105  99
163  195
126  124
95  126
117  134
148  162
142  160
157  187
137  145
125  124
71  83
101  105
118  123
85  107
143  155
138  133
126  129
136  151
104  121
112  120
88  114
140  138
96  93
123  126
108  100
146  143
164  167
104  118
93  86
145  153
152  160
103  118
104  113
79  100
80  80
141  154
144  154
122  149
163  192
127  129
101  116
114  103
92  122
140  136
153  165
114  104
82  104
105  112
89  105
158  161
141  133
130  133
121  116
171  162
132  130
157  167
81  93
103  134
106  98
158  185
130  121
107  106
100  109
101  122
119  128
149  155
115  148
97  102
149  151
162  185
88  99
157  171
134  123
105  123
95  122
168  168
96  115
121  113
94  94
102  93
162  195
127  143
145  146
140  127
97  129
114  108
146  130
110  137
152  156
136  134
98  101
98  118
102  107
126  143
73  89
155  156
81  94
163  174
85  84
99  106
114  133
109  95
157  173
155  180
102  112
144  162
97  107
91  93
107  121
99  113
135  137
105  129
160  181
149  158
91  92
98  111
119  133
115  150
92  95
163  170
109  117
167  164
144  127
126  131
146  150
134  136
84  94
106  119
140  144
118  122
83  98
131  150
162  169
100  104
108  103
134  133
140  159
109  113
87  109
97  106
146  128
98  107
156  173
111  107
129  127
91  95
98  122
149  150
168  163
105  108
77  92
171  165
127  124
130  128
155  155
124  114
114  142
106  107
123  117
119  117
146  162
136  158
107  117
133  148
120  138
102  133
111  139
104  129
139  152
118  118
88  97
105  136
133  135
154  174
138  155
142  142
140  161
93  96
101  112
93  98
105  105
151  166
145  158
81  104
157  184
115  118
107  96
135  148
98  103
89  120
158  170
110  120
123  149
142  154
102  94
122  146
153  164
88  122
154  153
135  143
115  143
138  135
147  144
97  112
120  123
128  145
83  99
105  113
162  166
121  137
143  157
142  155
75  87
126  134
121  139
140  148
82  102
133  152
112  139
119  143
109  104
124  118
111  117
127  139
105  88
101  125
166  162
115  149
118  104
145  131
106  130
91  99
168  166
99  110
183  168
114  116
145  141
142  138
91  108
144  137
144  161
139  158
109  120
124  129
157  182
113  132
146  158
159  177
155  167
127  130
160  174
140  147
92  106
150  160
139  127
95  105
150  153
108  98
130  125
87  114
84  95
161  195
85  87
108  127
118  129
134  121
127  123
110  114
150  164
94  106
93  107
110  112
127  121
103  135
91  106
113  99
114  134
104  111
101  95
146  147
99  124
122  108
95  120
126  119
108  128
87  87
155  154
127  131
166  172
155  158
93  114
142  127
143  148
160  162
90  116
144  151
148  154
95  106
86  101
113  110
156  186
135  124
163  165
147  146
138  146
108  114
117  129
92  118
166  171
148  146
114  102
118  110
124  149
112  133
157  165
87  99
130  143
117  139
92  120
155  173
102  100
144  163
94  122
97  94
91  121
165  176
89  104
141  155
125  131
109  138
159  178
131  117
91  103
93  105
104  120
117  107
127  146
119  122
87  111
90  99
166  170
129  134
147  131
124  145
99  104
91  105
110  133
111  123
158  175
88  89
145  162
84  99
96  108
163  194
103  109
163  163
179  165
116  112
144  158
108  135
89  101
105  118
98  105
94  116
86  106
182  163
163  187
99  108
113  115
116  117
174  170
122  117
101  114
116  125
125  122
128  126
139  156
156  178
164  168
76  91
108  125
106  102
96  120
141  127
154  161
142  144
124  134
100  92
156  159
127  145
176  168
126  133
104  114
170  162
161  172
136  137
167  172
116  139
145  129
134  131
88  100
165  164
162  173
164  163
101  123
104  106
110  119
101  108
138  150
99  129
126  121
155  170
151  159
119  115
101  117
84  102
141  151
162  172
111  101
95  100
84  87
84  108
94  92
90  87
148  166
123  109
118  126
90  117
83  106
86  87
148  147
170  165
159  182
78  91
121  136
101  119
91  88
131  127
120  119
115  126
165  183
98  89
133  136
158  165
90  119
170  166
120  140
134  125
139  126
130  122
139  143
154  168
94  113
144  139
107  115
133  122
121  122
124  119
108  104
153  162
156  166
99  125
119  127
106  121
107  99
165  184
94  100
131  119
124  132
85  99
108  109
153  168
99  116
139  133
120  141
77  98
150  154
74  90
119  138
151  152
104  110
125  121
179  168
78  81
136  141
106  114
90  85
100  102
129  117
122  111
157  186
97  121
150  162
124  130
165  168
107  122
120  110
137  147
157  185
114  151
132  123
97  97
128  133
135  150
161  185
113  129
147  164
96  119
76  85
95  113
98  115
147  151
99  96
101  101
92  128
76  81
94  102
136  147
84  104
112  114
93  101
105  119
117  136
137  137
108  111
142  140
104  122
90  120
131  118
156  177
88  115
113  139
126  135
115  122
122  140
110  105
94  125
121  107
110  135
112  131
93  128
93  108
91  116
128  123
103  103
157  178
101  106
103  124
94  95
150  167
98  131
122  141
87  103
132  151
124  120
92  111
119  129
90  110
106  95
91  123
107  107
132  147
90  106
143  128
168  162
155  165
119  125
142  157
105  137
111  105
120  127
85  108
121  144
150  151
98  116
116  127
174  171
109  124
93  102
95  108
116  120
146  163
92  112
179  166
83  93
159  174
84  101
117  137
99  100
163  189
97  104
148  157
86  109
154  170
127  148
74  78
102  111
82  81
113  130
133  129
126  142
121  132
126  113
80  97
78  87
92  117
114  122
137  134
116  148
148  163
139  138
99  101
130  145
159  190
87  95
123  118
133  141
130  134
100  107
93  119
107  113
97  115
138  139
103  111
127  117
166  169
134  142
152  166
137  148
107  120
114  99
123  113
94  118
84  92
116  132
133  151
87  97
86  103
143  158
105  107
100  111
123  148
120  105
121  123
120  135
165  189
122  118
158  172
88  87
87  96
92  116
106  105
85  101
78  79
95  103
89  91
93  109
181  165
116  133
92  114
101  102
84  81
97  118
99  126
98  106
99  119
87  105
119  118
167  169
96  97
154  160
163  171
160  167
112  124
100  122
147  162
168  172
146  164
122  112
133  149
108  97
79  97
127  133
141  131
161  170
77  96
124  125
92  84
91  122
129  122
130  153
136  153
99  102
171  168
139  140
140  132
103  93
127  137
83  105
100  108
111  100
173  167
102  89
156  170
148  164
160  187
148  148
151  153
80  94
119  130
125  150
93  118
147  157
84  110
90  102
