1128
145  146
142  121
187  181
163  157
141  120
127  137
123  105
120  114
158  148
121  116
97  88
126  117
134  121
120  122
151  170
163  150
113  94
133  138
150  126
140  131
188  189
133  136
164  168
168  158
134  133
130  133
98  95
172  174
160  154
148  154
104  101
119  122
133  141
122  99
122  133
134  136
167  162
147  157
157  171
108  104
175  179
153  168
130  122
118  122
131  109
99  83
122  128
136  141
186  186
112  113
172  181
142  142
130  114
127  133
154  153
124  134
99  98
119  129
163  165
126  116
163  166
120  109
108  100
168  162
175  190
136  136
160  167
140  132
130  142
164  151
171  168
116  103
179  181
106  98
148  143
181  176
107  113
103  86
116  124
118  126
134  116
156  170
126  131
188  186
123  141
169  176
185  182
137  134
133  124
110  105
127  145
163  152
103  93
169  172
163  158
160  153
152  150
127  146
154  147
180  194
119  118
125  111
134  111
172  173
180  195
195  187
99  100
151  127
156  156
131  117
176  181
154  160
174  175
102  100
156  150
104  100
129  127
167  169
118  125
132  112
182  191
102  96
124  129
182  192
167  160
152  155
129  115
101  95
186  184
158  144
133  116
142  125
134  109
123  117
113  103
159  155
142  150
106  92
157  131
154  128
134  146
138  118
154  146
142  124
187  182
151  133
161  172
150  128
170  163
121  144
164  162
157  156
130  145
113  113
110  112
159  149
163  154
127  123
176  190
105  88
159  160
143  156
158  170
133  147
125  141
121  98
134  132
104  90
180  184
103  107
123  124
153  128
183  190
163  168
149  149
153  133
152  133
185  185
138  142
158  158
163  159
187  180
140  151
145  132
107  87
131  127
144  155
185  180
148  148
130  125
141  122
187  183
131  110
129  149
173  190
142  133
144  126
128  123
140  141
127  140
111  117
150  133
172  175
136  143
117  107
149  127
114  103
157  145
174  180
147  149
168  176
126  118
161  152
146  128
139  133
120  117
123  104
105  107
158  150
99  81
132  141
94  84
152  145
146  156
162  153
153  123
131  124
99  86
124  120
118  127
108  87
162  171
122  117
151  129
177  197
147  139
123  101
151  139
159  169
112  105
96  93
121  137
98  91
131  118
133  135
101  102
118  98
122  140
180  196
163  170
114  122
148  138
156  172
121  107
172  185
147  124
155  167
140  136
120  121
150  151
153  129
122  118
128  136
122  109
122  98
120  119
144  139
106  102
157  148
149  128
186  188
102  85
140  117
103  97
128  141
158  172
175  191
96  84
123  126
146  130
129  140
120  129
126  135
119  117
167  164
98  85
154  149
114  108
126  148
184  186
169  160
126  119
144  122
157  133
153  148
158  171
167  158
120  127
166  162
123  142
176  189
121  115
123  148
171  177
151  156
139  147
160  151
151  132
151  142
140  120
149  155
148  147
110  111
129  119
130  111
158  142
97  82
145  129
188  182
155  158
159  150
140  135
164  158
154  136
163  153
166  172
103  103
177  194
180  190
146  125
119  123
150  144
157  151
165  166
149  137
127  116
173  191
141  129
130  110
133  142
91  85
162  160
161  153
166  171
195  184
128  145
133  113
157  149
111  100
148  158
92  84
102  94
151  164
129  120
151  141
147  147
126  120
121  113
101  105
161  151
151  166
154  165
146  147
162  159
151  135
146  143
149  142
160  162
158  154
130  109
183  183
151  149
122  105
124  141
144  154
180  177
149  133
106  95
101  101
146  154
156  166
168  174
124  117
156  155
121  99
147  144
123  131
178  186
130  121
154  161
152  156
152  123
152  166
160  168
171  184
138  132
161  160
162  147
152  126
139  138
124  119
149  151
170  162
149  148
189  183
196  191
118  114
149  135
108  111
147  152
136  115
148  134
120  105
128  104
181  197
115  96
167  159
190  191
135  148
141  118
99  85
107  99
177  172
184  190
153  156
125  121
162  166
173  184
132  145
183  180
138  121
180  174
170  166
124  101
123  138
126  126
148  139
140  118
200  189
182  182
152  171
141  144
131  128
153  143
136  146
180  187
182  196
124  144
163  172
104  110
191  187
172  182
118  107
123  113
141  133
178  188
106  105
118  110
136  147
164  167
106  107
120  123
119  143
136  116
137  147
147  130
142  129
191  189
154  164
99  96
155  165
157  125
138  139
157  150
170  176
165  159
180  175
142  127
103  98
109  102
127  124
102  89
166  158
173  189
100  98
108  96
189  188
137  137
110  109
116  115
167  174
106  104
130  119
149  121
115  119
119  127
159  156
110  114
144  133
184  181
117  115
124  108
145  124
191  184
178  179
124  106
172  172
153  165
129  136
155  133
153  122
146  126
119  125
136  119
173  180
137  121
102  105
98  98
118  109
104  106
122  143
133  148
138  135
150  147
133  119
170  159
173  167
108  109
174  193
151  131
144  151
174  170
128  133
121  109
184  188
130  123
157  170
133  129
132  131
151  143
114  104
168  172
147  121
158  169
159  151
150  153
123  98
174  188
114  99
116  112
105  97
121  122
122  126
120  140
166  154
156  149
117  122
115  122
96  81
120  107
178  177
143  127
145  153
179  176
119  128
150  159
120  99
148  141
96  88
191  186
94  86
159  148
147  146
138  117
157  165
172  179
139  143
139  140
183  181
118  104
102  93
182  193
157  146
143  128
120  145
122  115
145  156
95  80
126  142
146  144
112  111
127  138
145  122
184  185
195  186
158  166
168  173
128  131
164  152
101  104
158  161
135  136
162  155
155  154
117  106
158  149
108  114
145  131
108  112
125  122
172  184
168  160
166  160
140  119
128  108
134  123
161  170
121  124
165  167
141  131
100  84
167  155
131  122
173  170
137  148
153  164
150  137
159  147
125  103
95  83
97  81
153  172
108  97
182  190
155  155
121  120
122  124
177  187
126  128
162  151
126  129
127  131
109  97
122  141
138  125
148  122
154  169
171  165
128  110
188  185
174  194
127  132
151  140
129  117
128  127
152  159
102  103
160  156
186  182
156  132
174  166
150  152
126  134
112  97
180  181
172  176
172  188
120  126
149  136
168  159
140  144
155  140
124  114
158  151
101  88
184  184
145  151
151  147
142  140
137  145
170  171
174  184
123  109
148  153
126  125
114  118
154  138
122  112
168  166
112  114
168  168
111  106
156  160
132  130
136  134
108  107
165  164
160  164
177  191
154  167
165  154
151  167
175  184
123  107
164  163
106  111
124  146
169  178
144  134
181  186
181  189
174  171
143  155
107  106
171  162
109  113
172  177
113  101
171  182
155  161
133  118
150  154
121  125
116  120
134  142
126  124
116  117
162  154
121  103
156  167
139  127
166  170
98  89
114  121
146  145
113  99
145  150
146  136
154  168
130  120
159  159
113  115
154  145
141  127
161  171
147  131
182  189
188  187
150  160
117  113
144  131
141  149
152  128
137  124
175  182
101  98
105  112
109  104
136  122
155  126
139  126
182  185
176  176
134  119
157  167
108  98
155  136
184  183
162  172
160  152
100  97
124  118
137  119
100  81
122  146
144  137
125  131
192  182
152  162
96  87
132  115
159  157
100  102
98  81
128  126
138  140
111  109
193  183
198  191
152  152
125  116
165  155
141  121
149  158
134  131
153  170
180  189
154  133
135  124
118  100
153  151
149  138
137  122
178  182
114  116
105  111
154  144
91  82
105  99
100  100
131  119
122  123
154  170
123  118
127  129
146  150
135  111
123  100
136  117
98  101
159  163
155  131
178  191
105  108
95  84
182  187
181  191
154  148
127  130
166  166
164  153
177  188
157  154
135  146
99  102
144  127
100  88
188  181
152  127
120  139
192  183
154  135
174  168
122  113
141  146
121  123
111  101
119  120
92  79
189  184
175  170
100  99
124  125
146  124
140  138
106  88
109  93
110  96
142  120
162  169
111  105
120  138
131  121
155  134
128  134
186  180
127  148
145  136
134  144
152  143
173  178
142  139
91  83
151  155
129  106
134  135
147  132
160  149
149  162
130  143
118  118
158  128
127  104
133  132
178  176
155  169
165  168
148  137
149  150
132  109
128  113
155  144
135  119
124  130
158  156
121  111
118  97
153  150
153  138
148  131
153  162
103  106
114  95
124  139
152  142
143  144
154  151
156  159
169  180
147  138
160  160
124  121
146  127
138  137
126  143
171  163
180  179
159  145
165  156
148  146
140  147
132  117
185  186
184  187
124  131
132  147
159  153
187  184
149  132
137  115
147  151
176  183
195  185
93  86
174  173
105  105
143  152
150  145
141  139
151  153
155  162
173  188
143  126
152  160
123  115
136  118
116  94
182  183
130  115
117  118
120  146
96  79
126  133
149  124
145  125
127  139
124  135
126  113
167  157
159  171
172  183
133  115
151  158
159  162
145  147
185  179
115  104
140  122
121  140
117  96
124  132
100  92
134  118
166  169
148  136
180  197
123  121
128  135
150  140
163  163
127  117
143  140
111  107
167  172
145  134
140  148
99  101
139  117
130  134
97  83
150  162
107  107
151  123
129  122
108  103
126  107
134  139
174  179
179  185
120  106
96  80
135  137
124  145
143  122
179  177
122  100
177  185
145  141
162  167
155  153
177  196
132  123
144  121
152  164
127  147
129  142
178  174
124  112
113  112
143  121
162  156
126  121
120  101
155  156
142  138
167  161
170  165
97  94
114  102
138  146
183  182
130  131
125  124
168  177
134  120
158  165
117  98
151  168
158  147
134  125
120  110
138  133
135  135
136  137
127  134
109  95
176  171
118  123
130  149
138  116
166  157
151  152
148  157
119  115
127  112
102  84
141  151
126  115
133  133
113  110
143  148
129  105
184  180
122  111
158  152
113  114
134  110
151  137
129  134
181  188
107  96
180  192
146  158
162  161
124  128
124  122
187  187
127  143
140  127
121  106
189  187
124  115
143  131
156  154
133  122
183  185
126  103
152  157
155  149
130  128
121  139
127  121
154  122
120  141
162  158
179  184
134  127
168  163
146  122
175  173
142  144
111  90
106  96
128  107
139  148
130  124
178  187
135  143
132  125
190  186
121  132
155  170
146  134
163  171
200  191
124  103
132  124
138  122
179  189
146  142
153  134
151  159
100  101
155  150
122  108
156  157
154  132
115  118
