1017
156  160
173  155
194  161
162  151
95  161
136  141
100  142
130  176
99  146
187  146
103  151
165  156
169  160
130  134
105  143
142  142
160  149
183  152
114  151
135  165
101  146
167  150
198  141
180  147
110  148
121  139
194  139
140  163
199  166
162  142
148  166
138  166
160  140
88  150
135  150
121  156
179  151
94  150
116  140
165  143
154  161
120  145
131  173
162  161
150  152
159  147
145  147
133  142
154  149
154  151
148  139
168  153
160  141
139  156
193  160
183  151
129  153
106  155
141  149
108  157
172  155
88  151
147  147
111  142
110  154
144  162
141  139
145  166
173  149
143  164
141  162
121  144
120  160
128  141
142  154
185  158
115  150
117  147
153  156
125  160
126  159
193  158
98  144
144  158
133  172
96  152
170  146
168  159
152  142
141  157
117  165
141  151
108  145
180  152
87  158
190  144
170  144
130  171
112  166
120  151
138  165
153  148
151  147
144  151
173  158
134  142
189  155
166  152
128  154
159  140
166  158
96  158
116  167
142  157
165  159
149  166
145  158
115  157
122  149
106  162
149  162
156  149
108  164
162  153
97  156
99  157
135  166
181  148
115  152
192  141
149  149
188  150
117  155
151  149
90  154
159  150
103  156
125  167
84  152
180  150
133  149
157  150
187  162
157  148
189  150
97  159
89  154
184  154
195  141
136  147
131  154
146  145
156  157
111  146
120  140
136  171
134  144
144  164
108  158
126  156
139  152
128  173
108  162
159  157
142  144
169  151
124  141
156  150
116  163
107  159
156  154
180  154
167  157
116  160
175  153
192  145
128  161
182  148
180  153
149  151
158  144
110  158
151  156
186  156
123  149
146  143
193  143
150  145
151  155
110  162
126  157
107  158
97  146
163  153
154  144
133  136
110  147
133  178
185  159
190  154
183  147
163  159
115  159
157  149
189  152
123  154
127  152
177  156
185  148
111  164
188  142
125  163
136  163
123  158
181  146
147  144
135  136
119  165
98  143
160  162
130  133
172  153
153  143
192  146
188  161
95  159
115  143
155  154
121  167
150  144
118  156
170  149
88  147
149  148
182  152
158  142
159  149
167  158
129  159
109  162
101  162
105  148
98  142
152  164
143  161
91  158
105  157
135  171
135  161
181  154
186  143
165  150
130  149
127  145
160  153
93  156
130  145
145  141
174  148
151  140
137  148
178  148
94  152
139  161
123  156
133  135
125  164
166  160
119  152
109  154
145  146
189  158
149  155
122  165
134  177
148  163
187  143
136  159
86  147
148  164
108  140
101  164
113  154
195  144
143  155
127  151
142  150
116  153
151  153
148  162
135  146
133  151
193  138
99  149
147  162
91  148
171  150
172  154
133  152
173  145
198  162
143  157
120  161
120  141
153  150
126  165
114  154
133  148
96  144
199  135
185  154
120  146
140  159
140  155
103  163
184  151
106  159
155  155
179  152
135  162
189  147
163  144
112  154
126  160
107  147
189  146
197  139
144  139
132  179
144  165
185  151
135  176
115  161
154  160
105  161
198  167
159  151
151  143
155  140
98  152
97  163
123  164
154  147
143  156
146  156
93  149
136  137
183  155
135  174
161  160
131  178
125  166
129  140
159  163
115  142
186  155
172  146
197  142
178  155
124  169
144  154
131  150
124  149
176  150
142  155
148  148
138  142
108  146
188  149
175  148
134  146
87  153
146  158
170  156
132  151
201  135
124  151
128  136
110  144
164  151
97  162
103  149
141  165
96  148
158  148
132  161
154  146
121  140
90  148
162  160
134  165
110  150
154  148
145  156
155  144
123  142
148  157
140  144
193  148
177  151
83  156
142  139
191  156
138  140
157  154
150  159
155  158
143  144
158  158
147  151
111  139
146  164
150  147
95  153
169  149
155  162
165  155
166  144
110  166
127  148
134  135
126  148
177  153
138  156
194  142
114  158
112  147
155  150
152  145
103  145
161  144
187  161
146  150
102  141
117  139
145  163
84  156
128  158
163  150
143  140
139  140
160  143
114  149
110  161
85  153
162  158
168  154
131  165
185  146
188  158
171  146
86  154
93  153
160  151
148  146
127  137
159  145
134  152
168  147
122  140
173  154
125  156
140  151
157  146
169  145
197  140
197  166
178  154
184  146
163  154
115  164
122  150
113  162
184  153
153  164
191  144
123  138
112  161
94  162
110  165
169  150
161  152
171  149
132  160
135  177
184  150
127  174
138  150
96  156
127  147
164  144
120  138
102  143
186  148
89  152
136  158
132  165
185  161
122  162
99  141
126  162
92  154
180  148
171  153
161  153
135  148
181  145
112  146
106  164
90  160
187  147
200  138
87  155
173  150
113  139
141  153
113  167
103  140
158  149
132  141
109  157
186  146
170  159
131  174
178  147
186  152
193  159
94  154
137  145
106  143
118  164
146  163
136  150
162  155
115  148
173  152
132  176
119  161
127  155
101  163
173  153
185  152
136  169
136  151
101  153
134  166
139  143
106  165
146  144
118  148
143  148
109  153
93  157
164  162
202  135
122  143
139  158
127  160
198  142
98  162
132  174
130  155
158  150
156  155
119  159
199  165
193  147
151  152
163  157
187  148
84  151
101  156
124  167
98  154
118  155
127  161
127  162
108  155
134  139
138  146
152  160
171  154
141  146
159  155
140  148
102  152
150  162
185  156
96  142
164  158
139  163
102  145
128  157
115  144
153  151
152  157
162  154
114  142
138  155
195  167
123  148
119  155
137  168
114  141
83  150
189  142
111  158
107  146
95  156
126  158
122  141
159  162
100  147
94  155
168  160
130  164
182  158
123  157
149  150
94  146
119  167
155  153
151  142
147  152
139  168
180  146
187  157
202  137
157  151
166  149
133  147
181  147
176  149
133  163
117  160
119  143
195  142
119  144
111  145
111  167
203  134
124  157
159  160
143  163
96  146
165  142
117  144
93  158
124  168
115  151
192  157
158  161
189  141
138  171
103  153
168  155
141  154
155  156
112  151
132  169
88  159
141  144
141  166
175  158
136  149
113  153
180  159
103  155
145  150
124  144
129  134
101  152
190  156
90  153
122  158
124  152
194  145
182  149
130  143
101  157
112  140
149  158
190  150
189  162
129  142
152  156
136  153
203  169
192  143
135  137
115  146
125  150
155  161
167  159
182  144
148  143
151  164
109  139
92  150
190  140
102  155
92  144
97  154
131  155
132  173
150  160
176  151
168  148
187  163
118  159
150  140
174  146
164  153
168  146
143  158
112  139
136  170
129  168
113  164
123  153
152  159
154  145
131  160
148  141
136  143
190  147
96  145
136  146
189  153
101  160
133  169
98  155
89  158
147  164
159  159
162  145
99  162
98  160
147  149
90  149
121  160
197  167
116  159
174  149
99  144
96  155
139  153
163  158
129  160
127  140
130  170
122  155
199  141
125  155
113  165
134  164
132  178
142  160
99  154
117  164
192  147
123  141
187  145
173  151
194  160
148  153
134  176
172  149
86  156
188  146
142  140
137  147
109  166
152  155
109  155
128  145
122  168
158  152
150  164
193  140
159  153
146  154
154  164
90  144
178  152
168  158
134  157
188  162
167  148
144  161
167  155
132  163
162  156
146  142
108  165
119  145
181  156
120  139
188  155
118  166
146  147
138  170
133  141
189  163
152  143
116  158
174  157
134  150
148  154
132  175
128  163
149  142
138  139
139  147
114  167
167  160
147  139
151  159
120  159
110  140
101  140
122  153
150  153
95  152
187  142
124  139
134  136
116  150
146  162
89  147
166  141
124  146
185  157
130  142
103  157
157  156
199  164
180  149
178  156
156  159
117  156
157  145
113  160
132  145
124  158
110  159
166  154
164  152
120  164
126  142
140  147
126  143
189  143
90  151
196  144
127  146
189  151
135  168
164  143
145  162
120  162
191  163
150  154
133  138
143  152
95  144
96  161
122  166
197  163
129  136
116  139
196  161
182  146
202  134
95  150
122  146
158  156
175  152
125  141
158  151
186  150
144  163
183  153
114  156
151  158
184  160
118  147
196  143
185  144
127  139
160  152
148  147
195  166
130  153
152  152
139  148
129  173
161  151
102  162
105  141
84  155
89  153
140  161
148  161
152  162
185  147
163  140
166  157
145  153
131  158
131  159
146  165
145  151
87  147
147  146
188  147
104  143
109  151
176  152
110  164
154  153
147  157
107  162
128  160
161  146
148  165
92  161
144  155
175  155
156  156
147  166
162  147
194  143
160  154
96  153
99  161
163  142
188  160
146  160
117  151
148  158
85  158
152  150
124  145
155  149
140  141
169  143
131  162
128  135
137  166
93  152
197  136
162  159
119  146
165  154
170  145
102  160
186  161
121  151
129  149
105  144
141  155
121  159
127  143
129  156
159  148
96  149
133  154
115  149
95  162
121  157
153  162
190  142
122  161
91  145
128  153
105  146
101  143
125  171
127  168
150  151
177  154
195  140
116  148
138  163
151  141
175  151
160  156
160  160
142  165
137  154
135  169
158  154
201  167
115  158
127  164
97  147
188  154
139  165
195  143
127  138
159  156
178  157
118  144
135  143
129  174
177  149
124  154
163  152
86  158
169  147
132  147
113  150
179  153
172  151
158  147
179  159
