1130
167  110
98  62
154  90
187  102
120  85
138  91
196  96
95  69
175  117
147  85
147  88
101  81
142  79
155  107
133  86
135  47
179  104
179  107
95  54
153  98
163  94
140  89
175  140
131  100
129  69
167  105
127  69
166  105
131  75
134  83
130  76
131  95
82  57
128  48
175  123
144  94
112  80
97  81
128  70
173  108
143  98
134  51
111  58
126  83
167  106
126  82
134  50
98  55
109  77
170  112
131  76
144  96
141  102
132  105
176  107
134  84
125  93
168  124
89  51
125  91
167  111
146  86
171  101
121  82
126  97
159  91
172  124
137  80
138  85
112  66
128  90
147  103
174  105
132  103
150  97
133  53
85  51
174  113
122  65
113  78
101  79
99  65
85  63
168  116
154  96
129  78
173  142
119  87
128  78
128  77
133  84
172  108
98  81
112  53
127  79
104  78
178  100
96  70
182  107
164  102
136  75
117  63
102  57
132  81
116  69
178  109
158  91
171  135
143  83
161  99
153  104
137  83
109  54
150  87
132  69
131  74
189  101
163  105
107  87
130  77
119  92
173  109
104  83
102  85
175  121
128  71
155  95
124  64
119  67
86  56
153  100
164  104
178  102
143  80
119  88
182  97
127  80
145  94
129  81
99  78
126  74
117  77
101  53
130  78
181  108
148  99
159  103
130  86
153  103
137  84
173  106
155  98
100  68
166  108
133  101
132  74
89  72
130  71
88  66
143  89
112  59
178  107
115  69
191  98
163  108
126  60
135  89
130  94
169  125
190  99
83  57
128  94
129  87
127  96
125  71
141  92
169  106
170  110
145  81
127  55
130  97
108  70
110  66
146  102
121  59
125  88
98  63
106  63
132  88
168  129
112  74
138  106
186  97
170  104
122  80
161  101
160  91
109  84
130  89
95  72
129  62
130  93
120  78
165  108
180  112
175  101
125  97
134  71
127  75
182  105
115  82
190  95
183  98
129  79
124  60
103  79
132  76
111  90
182  104
97  59
138  81
134  100
167  101
133  69
176  137
115  81
120  71
153  99
101  64
128  76
133  106
130  74
134  94
172  133
102  60
134  87
111  71
114  89
179  106
147  94
141  105
119  53
145  89
158  97
175  139
130  87
121  93
171  127
156  92
138  88
130  96
147  101
111  65
112  55
134  73
175  118
145  95
105  81
88  64
141  79
165  109
89  71
138  96
172  112
122  76
138  84
113  89
183  100
139  76
96  78
174  131
136  76
174  119
137  77
142  85
98  58
122  94
142  91
184  98
155  94
134  105
134  106
145  102
136  91
165  105
144  82
187  95
132  91
138  75
115  85
84  56
127  68
99  83
150  100
121  72
107  68
113  62
138  101
138  90
114  75
133  100
180  101
168  114
104  71
126  94
123  95
179  98
112  82
98  89
122  74
107  81
135  103
192  97
176  115
108  84
162  101
141  96
100  88
130  102
151  88
188  102
99  86
140  85
143  86
137  107
132  54
139  81
115  74
134  89
139  101
117  66
173  129
101  68
81  63
135  104
136  80
117  89
173  115
97  83
112  67
185  103
137  100
107  59
125  81
129  96
166  111
106  56
118  73
105  66
160  96
162  96
116  74
135  75
146  87
149  104
166  104
139  90
109  72
91  51
141  94
135  90
103  57
117  75
175  141
115  72
176  101
178  111
194  94
124  77
167  115
169  116
131  71
94  77
136  74
120  61
111  86
123  78
120  90
171  138
94  70
168  105
114  66
131  92
145  101
103  63
139  82
157  103
133  72
135  110
181  105
96  56
95  80
136  102
141  90
171  114
123  92
155  104
142  98
98  79
128  99
129  68
90  71
109  71
92  53
170  105
161  91
121  92
147  83
91  64
100  66
169  110
107  62
129  47
133  107
139  97
123  51
137  72
128  86
184  102
93  70
126  52
125  77
167  102
122  75
84  64
188  95
188  98
171  132
190  96
114  84
149  103
149  88
122  85
109  65
124  78
127  87
163  95
93  77
123  56
170  132
99  77
86  55
191  97
104  64
85  60
109  55
196  99
134  97
97  73
130  72
138  105
122  59
119  64
134  99
82  61
157  102
148  95
104  58
111  79
131  87
102  79
156  108
101  75
135  83
168  103
133  88
142  95
174  127
109  58
169  107
184  105
153  101
139  79
167  127
133  80
162  95
148  101
111  55
138  112
112  68
162  98
143  93
139  84
129  88
102  82
143  97
140  101
100  81
133  103
131  93
99  70
122  70
171  110
128  73
93  65
152  87
179  110
175  108
120  79
139  77
108  55
143  82
147  104
130  92
130  83
172  122
95  83
125  80
176  108
176  102
193  100
141  78
140  87
134  90
173  113
114  63
142  89
161  105
119  79
168  128
180  110
90  52
135  96
141  81
140  95
126  79
142  94
137  95
136  94
121  77
113  53
89  57
145  99
86  67
156  104
87  54
139  104
125  76
171  134
137  78
138  76
111  77
142  84
133  74
128  64
181  107
96  81
128  92
133  77
113  81
101  76
84  54
117  81
165  101
152  98
180  109
110  70
128  85
189  96
109  86
93  60
130  95
132  79
122  81
148  94
86  53
179  108
151  86
136  112
141  89
133  83
95  59
127  91
111  67
161  93
101  88
99  71
127  81
135  72
165  115
110  68
171  107
113  54
131  91
104  73
138  77
125  72
135  78
108  87
171  111
96  52
174  134
173  141
171  100
106  84
106  68
117  67
122  86
118  53
131  64
94  66
135  71
158  106
150  105
137  103
133  68
122  87
104  66
129  73
173  127
141  103
143  81
114  76
173  140
180  98
102  84
116  67
102  93
132  100
132  85
86  63
87  51
91  54
134  80
139  83
129  74
92  51
100  59
188  103
124  84
183  104
132  87
123  80
100  69
89  55
182  108
174  112
134  111
139  89
96  84
124  62
127  67
148  100
122  71
129  80
105  60
126  63
123  66
117  70
140  105
126  93
131  81
124  90
119  81
100  60
170  111
122  78
97  69
135  102
152  103
129  61
168  112
121  56
133  90
138  83
98  66
148  85
152  88
105  64
144  98
178  112
131  96
127  82
150  84
158  96
164  98
124  71
134  104
147  96
149  89
167  119
142  101
150  98
135  111
136  81
107  63
149  101
182  103
102  65
116  82
149  85
140  75
140  79
137  106
146  98
174  140
188  97
173  105
176  106
162  105
142  78
110  63
121  85
135  87
171  126
164  106
127  90
127  50
132  49
194  96
147  87
107  73
117  56
90  65
118  54
137  99
119  89
95  56
83  59
178  106
111  60
146  80
133  87
140  98
143  88
134  110
115  84
83  61
124  67
117  84
188  100
175  127
125  74
110  58
102  66
103  64
127  76
135  73
120  95
99  81
164  109
138  82
160  104
144  83
174  115
91  65
108  64
150  104
130  98
143  87
159  104
181  96
155  90
90  72
159  107
118  90
152  89
134  102
179  99
120  68
188  99
87  65
138  86
106  75
104  72
85  67
169  134
118  69
96  79
133  93
128  84
121  66
144  101
143  79
185  97
131  84
116  83
127  84
138  110
134  96
184  103
115  73
123  72
134  75
127  59
99  64
120  56
153  106
93  71
111  82
149  84
144  88
169  119
183  96
147  92
173  132
138  98
142  106
136  78
124  79
135  94
183  101
173  121
159  97
146  97
129  76
105  65
132  98
116  70
136  89
149  97
97  58
119  72
162  106
129  63
185  98
114  72
172  118
87  57
133  81
174  110
97  75
171  133
130  79
165  112
93  69
142  80
124  80
187  103
97  82
102  70
149  96
149  87
97  88
137  93
115  70
175  112
143  91
135  93
102  76
120  80
150  106
146  85
142  88
134  109
126  48
150  95
143  94
168  107
175  111
125  49
136  82
128  80
172  137
95  60
150  92
164  107
117  54
98  85
143  103
148  90
121  81
175  132
174  130
163  99
174  128
96  88
175  114
144  78
136  93
145  93
116  76
186  100
139  80
156  102
138  94
103  76
133  70
112  85
172  105
146  83
121  91
189  99
138  79
107  75
98  91
93  61
97  68
140  93
129  83
173  112
172  121
125  54
197  96
141  85
127  98
139  100
123  93
169  102
100  53
177  105
95  62
165  113
176  116
134  72
132  73
128  89
195  94
173  110
188  101
91  69
140  97
175  116
140  102
116  58
147  102
161  97
140  77
143  84
160  108
103  67
143  90
131  88
172  140
129  99
175  109
93  68
124  94
89  65
132  75
183  106
92  68
123  82
133  73
121  69
140  78
160  100
119  60
131  79
158  98
138  99
123  94
186  96
172  107
166  106
160  99
171  109
95  84
113  85
175  122
169  113
162  102
105  75
99  69
112  70
170  129
120  75
120  82
157  91
124  70
124  73
170  117
139  102
142  99
172  135
158  99
153  107
163  98
148  104
120  54
180  104
166  100
137  91
129  51
195  96
139  93
163  107
162  108
133  76
120  91
100  78
168  106
89  56
173  137
145  84
136  53
170  137
123  89
198  96
162  99
96  73
129  82
182  98
136  87
163  103
175  136
166  115
180  108
145  96
134  88
127  72
132  84
90  62
171  102
145  83
148  97
142  90
100  55
96  65
155  93
125  82
179  113
124  96
137  102
109  59
140  74
135  81
90  51
159  94
85  54
127  74
92  57
97  65
173  122
121  95
101  70
96  75
136  99
181  101
132  90
134  107
115  63
124  57
139  98
174  101
146  81
175  134
168  110
156  95
105  58
133  97
140  76
152  96
131  78
118  80
149  106
100  84
159  93
139  74
138  87
172  136
178  114
97  53
130  70
124  48
108  65
101  80
121  94
167  113
174  100
172  131
135  84
134  82
148  96
100  79
132  82
126  90
129  95
126  84
142  103
121  79
116  53
92  67
140  100
116  80
141  88
100  92
142  87
116  77
99  85
141  86
129  84
131  85
137  49
180  97
136  79
132  65
142  100
181  100
108  62
131  97
118  59
96  87
113  55
96  80
136  96
102  89
170  108
133  78
132  86
122  95
148  86
178  108
137  101
121  71
167  107
129  77
113  67
142  77
112  64
132  101
105  74
144  97
151  103
131  77
136  86
136  88
127  62
169  105
102  71
115  77
170  127
167  128
146  104
112  57
114  70
169  111
99  61
135  77
168  113
