741
91  92
181  86
132  84
150  84
159  94
135  81
107  106
84  92
93  86
133  90
123  93
98  95
159  87
137  93
117  89
84  87
108  109
142  85
132  88
140  93
117  81
164  98
177  92
173  90
132  90
151  88
108  104
175  94
143  94
122  74
188  76
144  88
131  71
116  82
124  80
124  73
184  83
126  93
102  93
125  71
128  86
185  85
154  90
167  94
146  85
167  91
167  90
130  71
141  92
174  93
125  81
141  85
130  87
106  88
91  85
127  90
184  86
122  81
135  94
127  87
182  88
180  90
113  103
98  85
158  91
135  83
122  95
139  93
161  83
123  94
155  87
139  97
172  93
197  71
178  83
121  77
121  79
161  97
138  82
189  81
168  89
97  82
129  73
177  91
164  91
128  90
117  98
142  87
133  80
149  88
83  93
182  79
145  94
107  99
183  96
158  97
163  84
188  80
161  84
169  93
159  85
196  70
189  75
131  84
127  74
126  97
85  91
132  69
180  98
142  95
87  92
165  88
128  89
148  94
118  90
135  93
158  83
88  87
171  91
166  88
181  92
177  89
96  87
119  79
106  102
109  93
130  77
91  93
162  86
121  93
119  88
100  81
174  94
142  98
164  93
139  82
174  95
163  87
111  105
78  91
166  97
134  87
158  98
108  96
113  99
131  85
181  81
141  86
187  83
109  84
138  96
180  83
96  84
145  93
147  92
130  89
129  96
114  84
91  88
145  99
112  85
132  82
131  78
89  91
89  94
147  87
127  76
127  79
143  98
174  92
94  92
181  95
131  81
185  80
131  95
108  97
129  77
182  86
95  83
141  89
158  96
132  91
131  88
129  82
138  91
125  74
141  96
185  97
177  85
145  84
120  90
107  107
134  89
125  93
143  89
136  86
143  84
159  91
183  93
108  84
124  94
120  85
128  76
109  104
180  87
146  83
103  97
124  96
112  80
149  85
122  78
115  96
134  97
173  91
107  81
133  93
179  98
142  99
133  88
115  84
177  95
122  76
175  84
131  76
122  94
190  72
166  91
186  80
115  82
163  99
182  89
145  96
95  84
186  79
191  75
195  77
186  85
186  96
164  86
102  89
88  89
171  90
193  72
127  80
162  95
111  90
168  95
136  93
156  87
105  81
129  74
114  103
94  95
113  81
155  88
168  94
150  87
179  85
162  98
162  85
131  91
126  94
175  87
131  92
172  88
181  87
127  84
178  93
131  74
91  94
182  84
94  84
136  88
189  80
183  83
123  72
177  88
104  90
128  80
190  73
123  82
120  91
183  94
186  97
152  88
143  90
124  79
138  99
142  88
138  85
189  78
130  86
114  104
102  85
140  97
153  84
155  93
147  88
123  95
163  95
141  88
98  89
132  87
129  88
166  93
150  92
152  87
128  71
182  95
191  72
129  78
118  80
112  82
132  86
105  99
143  91
134  83
126  90
123  80
130  93
175  86
102  96
137  91
125  76
91  86
123  97
138  94
94  86
191  78
183  98
163  82
146  97
129  83
183  92
128  92
110  105
138  90
174  86
135  84
97  94
124  84
92  84
134  96
107  87
151  86
155  95
144  96
122  80
195  73
145  95
156  92
163  90
184  84
136  87
130  95
197  74
134  90
134  80
120  79
190  80
175  96
97  88
160  91
130  76
160  88
110  112
161  93
177  90
182  91
135  87
92  95
128  78
112  111
194  78
134  84
169  88
162  96
144  98
167  85
182  82
187  84
134  94
139  89
180  97
196  72
130  97
93  95
178  97
181  96
175  93
190  77
122  85
163  85
130  74
194  73
117  96
159  97
90  87
126  79
176  93
121  85
108  98
136  82
113  101
184  88
129  76
130  79
130  96
187  76
129  84
80  91
119  87
100  84
142  90
177  97
165  93
99  85
184  94
106  96
111  101
181  83
127  82
103  86
138  84
188  85
132  74
165  89
144  83
148  95
176  97
133  86
139  83
188  74
151  84
135  89
149  89
133  84
160  96
129  79
127  96
86  87
102  82
114  89
167  92
156  95
180  85
149  96
146  86
125  82
87  89
138  98
140  95
189  82
161  91
121  91
139  90
129  69
158  89
126  82
110  96
111  109
172  91
125  91
184  93
106  92
106  104
159  90
147  85
107  96
136  89
179  88
144  97
163  88
178  88
129  81
148  96
182  98
109  95
170  88
111  106
103  93
141  94
130  94
131  97
145  89
115  104
130  78
115  81
127  91
131  93
116  80
113  94
163  94
137  95
189  83
183  90
128  85
140  89
194  77
149  84
147  83
114  102
170  89
171  88
108  107
121  81
116  94
147  96
124  77
106  84
120  80
128  94
179  92
113  89
173  93
186  88
188  81
179  87
114  99
114  108
109  102
150  95
106  95
174  89
176  84
142  94
174  85
101  88
132  79
102  94
96  93
140  87
138  83
115  85
147  94
143  93
129  87
109  97
128  84
145  83
162  99
104  83
149  87
99  86
155  94
98  91
178  94
174  87
161  89
130  72
180  92
136  81
143  87
78  87
123  78
196  75
143  88
99  83
130  83
94  94
135  90
188  83
162  90
119  92
114  95
180  91
121  92
146  98
146  87
126  83
142  89
139  98
85  87
138  86
131  77
120  95
143  97
139  84
133  97
135  96
143  83
124  90
113  112
96  88
88  94
176  88
128  73
141  90
110  111
105  88
125  97
148  86
105  97
182  90
163  83
194  75
157  91
180  88
131  87
193  75
111  107
177  93
176  91
161  88
119  89
109  86
127  81
185  84
133  87
95  95
142  100
157  87
148  85
136  91
182  97
152  89
167  88
132  85
168  91
185  83
140  85
106  105
136  96
183  95
178  84
121  82
183  88
162  87
179  89
103  98
133  83
128  77
130  92
166  89
108  100
159  93
111  82
123  92
108  87
122  75
111  100
127  72
110  109
196  76
138  87
184  98
131  96
126  84
121  95
126  74
132  73
87  87
189  74
100  92
138  88
189  79
143  86
124  78
121  94
169  86
131  75
120  82
177  96
119  81
172  94
152  85
134  82
160  89
162  89
174  90
90  85
163  98
191  80
181  88
133  81
170  92
183  80
125  88
148  90
132  81
179  90
113  85
122  87
125  80
131  79
129  80
158  88
173  88
178  92
111  86
174  91
142  91
142  84
102  84
134  88
144  94
186  87
112  105
128  70
179  96
185  87
123  89
106  98
112  97
125  72
184  79
130  70
137  83
136  94
169  89
148  97
137  84
155  90
125  77
185  98
101  95
117  84
179  94
129  95
140  98
185  94
120  78
101  81
81  93
182  92
99  96
116  83
97  83
185  86
178  86
127  75
184  82
108  103
88  90
113  110
100  88
122  86
90  94
183  87
158  87
178  91
