1391
147  147
133  83
158  135
149  89
176  152
124  130
143  131
124  118
102  89
132  117
168  134
159  127
186  150
146  102
121  99
140  111
174  166
104  66
130  109
99  85
128  84
115  84
174  143
108  96
106  75
124  125
144  127
123  100
159  128
134  107
163  135
122  124
139  104
133  119
115  96
138  94
134  125
143  86
158  147
185  154
131  100
87  57
185  156
120  122
158  123
136  93
88  66
150  98
150  120
162  126
97  82
170  165
146  128
146  107
132  103
141  105
91  65
193  151
181  146
124  101
111  100
171  149
146  98
128  107
155  111
148  97
114  108
125  124
195  152
171  163
168  146
139  90
98  81
93  65
137  100
167  128
187  146
159  132
138  91
125  131
173  155
185  148
154  135
139  98
131  109
128  113
152  110
112  64
145  108
121  79
130  119
106  68
133  103
128  94
130  86
121  106
170  163
149  138
172  146
170  137
166  136
123  117
123  72
152  133
150  100
180  148
129  115
178  154
173  141
121  93
143  128
176  144
142  125
119  118
113  101
143  93
99  64
108  87
125  97
178  152
124  129
179  146
142  116
166  144
156  114
146  136
145  124
94  70
147  96
178  146
117  84
117  129
148  94
177  143
123  126
96  75
135  104
153  133
149  97
172  133
162  142
124  90
96  70
181  147
189  152
193  153
99  70
132  86
135  96
165  132
129  78
129  99
114  66
132  90
96  79
112  68
165  155
146  126
180  147
149  109
149  133
109  97
148  108
99  77
197  151
134  104
192  153
119  123
129  122
98  62
154  136
117  122
148  99
181  154
134  90
147  138
175  170
167  160
145  132
102  60
130  123
141  88
126  97
130  95
189  153
186  146
149  142
89  57
108  100
171  165
138  121
127  123
92  57
132  100
116  124
119  128
127  100
163  140
154  132
98  79
116  77
194  149
134  116
183  155
169  150
137  93
139  101
113  99
142  100
116  103
120  101
124  106
128  89
126  98
187  147
155  126
141  131
127  104
96  80
127  129
134  110
149  135
97  69
107  81
123  95
118  98
116  125
130  92
98  66
122  71
147  85
127  75
166  138
169  136
158  115
134  105
137  91
183  152
119  89
114  102
143  88
144  117
144  98
155  144
134  120
145  105
121  124
139  127
99  61
123  118
126  82
156  119
171  135
113  85
147  115
115  72
139  102
135  90
172  131
154  144
129  88
117  98
171  134
153  128
124  80
169  149
133  116
134  119
174  148
143  91
151  123
142  90
146  143
108  98
149  136
148  85
124  108
126  117
174  171
125  116
125  122
169  134
139  133
115  81
150  97
175  144
109  84
122  105
178  147
157  146
165  131
114  99
91  69
107  75
99  86
178  157
165  142
102  85
121  82
118  97
120  99
126  119
186  152
96  56
119  117
151  135
195  151
101  79
146  85
124  121
185  151
193  154
120  110
127  81
151  129
166  139
124  73
122  75
184  154
142  124
152  111
155  140
172  135
124  115
128  104
136  89
116  82
127  76
189  151
150  137
108  64
140  122
107  62
128  123
136  117
152  85
126  126
192  150
126  100
155  120
124  112
178  155
112  80
172  149
118  127
148  138
167  140
127  124
159  117
133  88
102  82
172  172
148  131
176  145
157  137
140  97
105  74
146  150
173  152
143  97
126  107
104  64
134  111
156  132
154  138
140  101
140  118
92  67
188  147
147  104
122  81
119  81
149  118
119  87
188  155
128  77
164  125
136  116
94  66
132  81
145  96
141  118
142  91
123  107
109  86
149  149
88  64
87  54
163  124
159  133
121  71
140  105
138  112
171  150
113  81
152  88
120  75
158  121
145  136
149  88
143  118
112  66
157  134
133  106
129  82
174  144
121  94
112  67
150  133
122  100
133  87
113  94
126  128
146  130
93  69
196  150
132  101
155  136
121  109
169  151
102  76
172  151
138  87
150  106
141  86
147  92
114  72
153  143
166  141
127  84
130  115
109  77
164  152
132  112
175  151
179  160
122  76
120  79
133  124
122  70
145  131
127  90
90  62
156  138
117  130
173  170
143  122
121  113
165  130
177  154
150  109
148  148
140  93
170  159
118  110
107  73
144  133
98  85
182  158
147  130
121  81
194  152
100  68
97  75
167  148
135  103
147  105
171  142
122  98
131  119
138  125
106  63
154  146
163  138
155  131
149  127
180  153
158  138
180  146
118  107
98  58
121  111
178  162
185  147
151  111
143  89
184  146
176  168
107  68
137  124
191  156
125  91
167  161
145  125
133  122
134  121
126  121
151  140
127  80
197  150
147  124
110  68
126  113
136  115
183  147
154  133
95  69
133  115
150  95
148  147
164  143
144  131
173  167
103  93
122  126
140  120
152  117
192  155
155  118
181  156
130  122
151  119
109  93
147  103
105  75
147  113
118  118
191  154
142  106
151  137
121  132
121  92
144  97
146  111
124  131
152  89
105  88
131  96
177  149
127  82
102  66
142  108
116  69
116  74
97  68
99  83
151  142
122  95
134  102
120  78
120  109
116  70
103  79
124  77
159  135
132  82
144  111
138  105
117  70
164  130
136  94
108  84
142  95
131  87
100  69
168  163
131  81
176  149
123  80
144  101
142  89
123  105
146  134
144  126
122  118
137  122
173  149
127  116
122  74
143  121
149  137
105  65
132  123
108  97
160  134
142  88
131  117
100  84
119  130
136  91
167  130
134  97
169  160
141  89
159  131
103  67
126  90
190  154
100  81
152  87
145  95
137  107
129  96
134  94
131  97
173  151
151  120
165  136
151  112
122  85
96  78
128  108
147  114
169  142
168  129
117  131
179  152
124  79
142  87
99  69
148  100
130  94
144  96
148  146
133  107
171  138
175  148
125  99
157  136
146  127
129  127
133  113
140  115
141  127
149  96
158  144
106  92
149  108
134  89
170  162
145  89
149  103
106  98
120  106
175  162
101  88
121  98
167  131
129  95
112  105
123  101
160  140
138  96
119  127
148  136
150  140
142  117
139  97
148  137
100  66
149  150
135  89
140  119
161  144
126  93
128  90
118  69
162  129
115  74
164  126
96  73
185  146
117  77
135  110
115  69
110  70
157  138
153  129
141  122
126  116
169  143
94  77
118  122
128  80
176  162
178  156
154  114
183  151
170  149
107  99
196  152
166  149
156  135
180  144
145  102
125  80
151  133
116  83
132  88
139  100
101  81
141  121
119  129
177  151
155  137
131  122
138  99
132  87
169  145
165  150
192  152
133  90
116  80
136  122
136  118
174  170
111  71
151  86
129  80
147  101
147  121
151  88
116  67
167  134
126  83
140  102
93  71
129  106
174  168
114  75
96  81
100  78
120  114
126  131
142  112
126  101
121  72
167  158
118  126
163  142
182  149
129  81
118  129
131  91
134  106
120  82
150  126
124  103
130  111
175  153
162  137
136  112
176  150
140  89
128  99
173  140
144  134
152  123
148  117
125  93
120  107
135  119
136  87
122  115
184  153
127  131
140  117
190  150
109  71
133  118
167  150
153  122
192  149
173  142
125  111
178  148
99  78
102  84
127  102
131  118
114  76
134  109
120  71
119  92
105  81
126  115
142  98
101  70
122  123
167  133
168  159
130  120
126  79
126  129
171  133
128  86
142  133
139  89
157  131
185  152
130  96
115  77
134  118
128  101
145  113
103  64
150  114
130  102
167  157
180  152
136  88
132  91
93  61
118  90
127  112
180  149
174  157
166  157
176  151
148  101
111  77
151  131
163  144
172  154
149  121
143  90
118  125
127  121
148  95
177  144
101  76
147  132
142  99
149  104
179  151
141  133
103  76
170  146
115  82
172  144
148  134
145  99
129  87
146  104
175  152
123  97
138  122
122  111
189  147
146  145
160  131
143  127
147  131
102  70
95  62
105  66
168  147
110  63
117  96
121  116
137  99
133  101
190  147
171  168
182  148
148  90
124  120
117  106
145  129
138  110
147  144
195  150
170  145
118  104
120  105
160  123
131  84
142  127
141  129
165  133
104  72
135  93
140  87
130  110
148  110
123  115
124  84
164  132
111  65
128  127
116  127
131  110
140  98
135  94
133  100
123  104
182  152
93  77
117  67
114  103
150  105
131  85
163  132
97  81
145  122
147  88
97  83
126  118
193  148
174  149
124  96
154  145
151  149
130  87
124  94
123  93
160  141
95  80
157  133
138  106
114  84
152  96
100  60
130  114
197  152
122  86
120  85
155  117
127  117
150  104
120  91
124  128
120  117
171  141
93  60
144  122
111  101
151  132
159  130
173  158
148  104
129  79
127  91
134  96
188  146
130  89
180  150
106  96
170  144
168  153
151  147
132  98
99  65
148  122
121  122
119  122
135  102
149  128
136  96
132  124
136  99
106  84
152  126
131  93
128  78
123  109
120  129
145  107
108  70
138  101
122  94
135  124
113  103
109  72
149  107
103  63
143  103
181  148
171  153
95  56
104  73
182  146
159  145
139  126
148  86
115  70
140  132
133  84
115  104
144  94
137  106
104  90
184  150
143  110
121  85
134  83
158  128
154  90
177  156
130  98
160  135
166  152
150  117
179  153
107  63
109  95
125  103
129  84
137  102
137  119
129  83
168  160
96  65
165  143
153  134
167  159
95  59
116  128
151  127
131  88
137  95
141  94
162  123
122  113
126  94
123  94
122  108
130  83
127  101
93  70
121  77
120  123
99  71
171  154
168  138
109  65
108  62
155  121
168  158
123  98
101  75
150  144
91  54
146  106
134  123
146  124
176  160
127  130
113  89
140  100
129  120
159  140
145  93
138  98
111  67
113  78
144  88
175  141
188  149
143  126
111  105
114  89
130  79
186  148
123  78
138  90
193  152
195  153
120  95
123  131
186  155
125  82
124  122
121  107
142  103
133  97
190  156
153  138
134  100
132  109
146  125
140  131
136  119
122  128
131  124
90  65
152  108
148  141
102  93
167  155
124  114
121  125
175  158
130  97
120  127
149  124
123  121
128  85
134  127
120  90
131  121
112  74
115  126
154  147
150  116
136  102
113  67
146  142
148  113
141  111
126  120
121  95
123  82
153  123
148  139
115  73
123  89
125  88
104  71
168  142
147  119
171  146
101  64
187  148
186  156
165  134
168  148
97  58
155  134
135  84
172  140
168  162
175  155
162  145
160  143
119  125
122  112
174  146
151  143
142  120
97  73
172  153
126  125
149  87
124  78
131  95
149  111
120  121
138  88
134  84
110  96
142  85
121  103
147  139
173  154
150  128
118  109
188  154
110  66
142  129
134  99
164  151
168  139
163  127
115  85
149  101
142  121
134  88
122  78
144  121
122  117
179  159
104  83
147  87
116  120
171  132
133  86
127  98
93  68
102  71
117  75
147  146
169  147
145  94
158  142
123  92
112  82
135  87
95  60
136  86
188  150
146  147
154  128
112  85
175  143
132  125
100  88
149  148
123  113
91  64
117  81
132  84
170  156
119  115
152  98
106  88
163  126
140  127
107  96
98  63
161  128
118  80
134  87
121  91
130  124
125  81
161  131
173  145
154  122
156  136
124  117
173  153
181  145
189  150
101  68
145  134
164  144
120  119
97  59
159  147
150  92
92  68
125  76
137  115
183  153
126  124
123  124
100  59
146  86
151  141
121  115
125  121
159  125
112  70
129  105
118  123
127  79
138  118
126  99
152  143
149  117
103  86
166  154
148  96
140  114
141  96
116  76
143  98
146  115
125  74
170  140
161  122
157  145
146  97
100  79
151  110
119  72
130  93
157  125
148  143
162  121
138  117
129  117
105  64
89  65
132  105
89  56
126  84
131  106
108  65
95  72
148  115
172  155
127  96
141  120
107  87
126  103
131  92
157  139
139  115
152  128
128  92
111  79
146  144
147  102
114  104
147  149
168  154
171  162
116  94
118  100
143  94
141  102
130  121
177  153
150  118
141  92
147  94
142  94
173  150
145  101
121  123
117  89
102  79
149  85
106  95
119  88
161  121
170  132
150  113
135  111
133  93
124  119
118  73
112  97
150  145
105  60
144  118
127  87
150  87
129  119
122  87
120  80
141  103
121  120
149  132
140  95
165  126
114  70
122  109
189  146
128  110
119  79
170  166
114  95
122  80
125  77
119  120
150  147
120  126
89  55
132  85
158  137
155  133
184  151
141  90
132  115
138  116
139  93
128  126
142  101
168  155
152  145
129  102
137  103
111  86
117  107
111  82
151  139
175  160
137  101
102  65
99  81
122  99
143  87
101  80
139  117
146  120
152  127
166  134
149  106
104  78
152  142
180  154
111  90
193  149
137  121
146  87
146  122
97  65
189  155
