1086
149  111
153  104
131  106
121  103
155  120
140  95
150  95
180  98
135  94
186  80
134  121
118  107
169  86
156  136
134  102
129  117
152  87
169  88
173  93
158  99
119  115
186  71
156  104
170  81
172  93
155  140
158  96
164  86
151  103
144  118
168  89
138  121
182  72
133  97
174  95
111  109
173  88
104  101
137  99
182  82
143  87
113  99
165  109
166  108
159  117
113  94
171  100
117  106
157  133
191  78
153  122
173  137
136  93
122  111
173  80
148  99
188  72
155  104
171  111
132  109
155  111
134  119
189  79
156  81
131  109
148  97
173  112
176  97
159  87
146  98
155  90
151  123
116  103
168  114
177  124
106  96
177  105
168  110
143  89
184  86
155  82
107  106
96  108
146  97
118  98
138  94
135  110
147  85
150  120
145  102
170  108
178  97
143  94
158  91
127  112
190  73
105  97
133  103
129  105
173  81
131  97
86  111
102  103
187  91
159  80
141  103
173  82
152  111
181  75
171  109
163  124
90  110
122  105
164  102
122  98
149  101
153  100
158  89
129  106
142  91
141  105
131  100
169  95
98  108
142  120
153  83
167  85
162  119
108  103
120  109
151  142
161  110
200  67
132  100
183  87
195  73
148  110
176  77
129  115
148  86
136  119
191  71
169  111
131  96
131  110
120  107
162  110
177  95
139  101
194  68
132  101
151  111
97  109
118  97
154  96
171  88
147  94
173  90
143  98
109  102
136  115
184  84
189  74
168  103
172  94
189  75
176  84
113  101
179  76
145  99
174  100
141  92
145  96
129  102
174  93
133  101
175  132
141  89
167  78
175  139
142  116
174  76
137  121
183  93
166  83
191  75
185  83
172  82
183  90
163  90
103  107
134  97
118  110
136  117
130  120
153  99
176  106
140  98
88  110
124  101
158  97
171  81
150  118
151  84
139  93
175  83
140  105
186  79
171  86
167  110
125  103
150  87
149  84
182  90
105  107
165  101
121  116
179  96
188  80
157  91
147  87
153  107
159  112
184  75
167  115
159  97
162  98
122  113
152  89
159  94
168  83
188  83
168  97
175  101
172  112
141  102
108  96
164  112
174  134
168  95
110  105
152  123
152  142
158  106
163  95
159  104
151  143
104  106
152  103
110  96
126  113
166  97
193  69
163  107
93  109
164  111
177  78
181  95
160  88
150  144
153  143
149  89
162  96
158  87
156  82
193  72
172  76
130  114
187  88
175  127
134  105
176  107
169  116
162  102
178  100
167  94
154  90
185  80
134  99
124  115
133  116
122  112
149  104
108  97
108  98
159  130
133  118
150  116
155  107
114  95
144  111
128  104
143  121
166  91
149  117
168  113
164  116
160  109
170  92
163  105
103  110
163  117
138  116
123  109
175  123
186  85
146  86
130  119
162  112
165  113
131  117
168  112
165  81
145  113
126  101
156  114
183  75
175  81
118  109
166  89
171  91
148  94
190  80
103  103
159  91
168  94
141  94
158  82
178  94
142  89
177  80
164  107
124  106
145  101
99  109
168  116
167  106
189  81
116  112
147  105
112  97
191  72
170  111
175  140
169  113
156  135
149  109
134  109
140  102
143  118
187  83
150  114
179  88
159  114
186  73
161  91
122  117
121  107
146  115
126  107
130  98
131  119
134  111
138  98
162  111
164  115
173  106
141  111
135  93
176  108
165  105
152  98
171  110
150  97
136  102
181  76
112  105
165  108
171  99
156  95
132  103
158  115
170  110
164  78
139  102
173  77
108  104
189  83
144  96
124  114
149  118
159  133
175  134
149  108
174  105
153  98
139  98
144  122
140  122
196  70
113  110
149  88
170  86
102  105
135  102
189  86
160  104
174  92
142  101
112  113
156  119
175  108
128  108
113  112
137  106
190  84
191  80
140  111
134  120
140  100
179  87
183  94
178  91
122  115
157  109
141  96
175  122
163  99
162  117
133  100
147  121
162  101
165  78
117  107
169  93
154  138
132  112
164  104
148  108
132  115
182  91
151  119
118  104
125  99
144  121
120  106
131  118
187  76
173  108
175  136
170  105
150  113
166  106
136  116
146  120
162  121
148  113
180  76
161  118
174  128
145  107
159  132
155  117
164  91
142  108
106  105
167  113
128  110
136  99
133  113
150  98
145  89
171  101
142  106
161  128
101  108
144  94
154  114
181  96
193  70
147  96
155  93
182  79
136  94
142  100
167  111
181  92
174  90
172  108
175  87
123  107
170  112
127  101
142  117
137  107
182  88
147  115
183  73
173  132
124  112
171  83
130  115
184  91
87  111
106  107
162  85
138  112
172  107
188  85
169  107
179  75
108  100
171  102
173  76
175  121
89  110
136  96
121  99
185  84
141  121
160  81
174  91
161  105
102  107
137  102
161  88
147  113
186  92
169  105
205  61
168  105
146  106
155  88
136  112
129  99
180  78
164  79
138  91
166  100
134  104
175  86
122  109
138  105
173  78
166  88
105  99
174  110
120  101
192  70
162  106
150  109
180  87
100  108
110  109
104  110
120  105
142  94
159  103
139  104
103  109
184  79
178  93
171  96
180  77
133  106
126  117
185  89
176  102
174  101
177  79
162  89
144  88
139  97
151  86
166  111
160  91
138  96
162  115
132  117
137  103
123  117
138  99
152  88
157  134
174  119
122  100
104  100
193  68
150  117
145  93
158  98
188  81
177  90
160  99
153  81
164  98
151  110
184  93
184  94
174  140
159  85
114  108
155  136
109  97
182  86
167  101
170  88
121  111
184  82
147  101
139  90
134  94
183  80
162  126
164  117
140  101
140  118
121  106
176  83
161  83
167  88
137  115
135  111
134  106
134  96
167  90
175  118
179  89
149  107
167  105
172  78
170  79
127  117
127  100
194  73
174  99
190  77
179  90
138  118
138  106
173  110
128  107
157  136
108  111
178  102
135  104
182  76
160  108
126  118
180  90
155  94
150  84
164  110
163  121
157  102
114  102
186  90
126  100
161  121
142  95
140  115
164  109
169  83
163  103
163  88
155  83
149  96
112  111
197  71
186  87
204  61
161  89
181  87
169  106
108  109
146  104
163  112
140  97
190  72
162  95
196  72
134  118
162  108
105  105
148  101
136  118
152  82
176  88
157  131
147  88
175  109
155  121
168  107
134  107
176  101
171  107
147  102
175  93
105  108
186  88
103  106
166  93
178  84
126  103
128  113
164  106
148  122
174  130
199  66
168  84
159  90
166  105
177  92
163  108
146  85
172  91
174  96
106  102
162  99
181  86
159  93
102  109
129  120
180  91
118  114
165  88
164  93
150  104
143  88
142  88
120  110
151  82
150  105
130  110
130  97
151  141
125  116
160  131
148  100
140  93
185  72
144  117
185  92
188  76
142  90
147  119
138  122
140  120
142  103
170  80
173  105
145  122
173  91
143  97
143  122
100  107
130  111
148  115
168  77
178  88
115  96
101  106
122  99
163  98
129  119
174  84
146  122
182  92
128  101
150  106
177  82
125  111
167  102
158  135
178  92
169  110
188  74
153  101
149  87
127  102
168  91
187  89
124  103
168  106
175  84
175  80
156  92
126  115
185  85
189  80
187  84
174  131
101  105
134  116
161  93
171  114
110  112
189  71
108  112
123  115
105  111
183  76
177  89
157  103
180  83
176  81
169  99
123  97
189  72
174  86
165  115
99  108
157  80
167  79
159  107
156  87
111  107
163  87
182  74
121  109
157  87
139  117
150  100
136  122
152  108
163  111
123  100
154  122
93  108
166  104
176  123
148  85
140  119
114  99
132  98
116  94
111  106
182  89
141  122
163  126
160  96
179  94
185  87
177  85
181  78
123  98
181  88
149  85
106  104
158  83
146  102
123  113
145  95
147  103
177  96
169  89
151  120
141  90
162  90
180  92
142  98
161  101
170  85
155  137
148  117
142  121
179  98
158  121
152  110
156  108
194  75
170  117
109  104
145  105
165  93
191  69
138  101
174  89
177  91
95  108
165  82
124  117
151  112
155  87
137  95
162  123
163  84
149  121
161  99
167  107
161  113
120  114
185  91
182  77
151  140
148  104
193  75
183  92
159  111
184  88
130  102
156  109
184  76
148  95
117  96
135  103
173  109
163  120
204  63
170  99
106  98
92  111
173  140
135  119
142  112
178  83
107  99
165  89
123  105
160  116
171  80
185  70
155  118
181  83
152  96
109  95
140  89
180  97
137  122
91  110
121  113
178  86
134  110
166  79
110  111
167  91
120  99
113  103
133  119
145  108
138  117
139  115
144  101
192  80
174  85
137  101
138  110
160  89
161  111
177  93
163  94
172  105
158  88
151  88
167  92
170  100
160  100
147  92
174  87
149  97
106  111
190  71
155  95
113  113
153  106
141  120
149  103
199  68
127  116
108  107
178  77
150  92
146  87
172  88
146  111
179  85
143  91
123  101
139  100
169  102
175  96
100  109
135  96
170  89
137  119
163  83
153  84
162  87
171  98
143  110
194  67
122  108
147  114
142  99
127  104
145  94
170  104
146  107
156  102
163  118
152  117
131  121
111  100
173  97
180  85
177  97
156  80
163  85
143  93
188  70
98  107
115  104
183  88
184  83
118  100
163  82
162  86
107  96
185  86
133  107
152  143
176  93
141  118
143  90
172  95
181  81
148  90
175  94
166  115
180  88
143  103
182  84
99  107
161  84
137  93
114  103
160  112
140  117
98  109
162  116
189  82
132  105
141  88
153  103
165  112
179  99
117  113
162  105
92  110
172  140
114  104
149  106
133  115
173  83
137  100
174  94
171  76
183  83
140  114
111  101
159  131
144  98
134  100
176  91
117  98
147  104
179  92
121  98
126  116
161  97
111  105
171  90
137  91
182  95
189  78
130  109
121  115
155  98
107  107
152  85
123  104
148  96
144  97
174  80
177  88
124  108
