1157
182  115
139  102
132  103
142  112
175  116
107  121
171  110
110  120
167  113
169  111
126  121
104  113
93  109
113  99
177  123
149  127
152  123
168  114
88  102
108  116
92  111
172  118
130  120
124  94
146  102
95  106
86  102
161  122
125  97
153  98
142  116
91  93
160  116
98  108
86  106
133  119
112  111
180  115
147  96
163  105
100  102
93  107
97  98
124  101
134  121
170  117
136  102
81  104
118  98
160  123
128  101
126  119
129  115
101  117
167  140
135  93
110  124
160  109
97  107
112  125
134  118
123  121
107  122
111  109
109  102
101  112
100  118
120  106
120  129
126  129
83  99
113  129
128  104
167  115
145  113
83  93
101  114
92  106
133  116
131  106
130  119
114  102
102  111
118  109
124  103
176  115
171  146
95  105
110  119
127  132
123  113
99  116
130  114
159  130
159  132
121  106
169  119
99  119
137  115
135  96
123  95
152  98
141  131
105  113
107  120
120  105
171  109
121  122
124  120
148  115
125  131
113  113
116  128
144  101
99  109
180  114
108  107
97  106
136  134
148  122
155  126
95  100
122  118
118  122
132  112
136  136
117  129
140  132
138  112
110  125
84  94
159  127
157  154
125  111
127  129
129  95
145  99
102  125
135  102
130  124
100  122
150  105
163  112
130  131
139  117
108  100
132  98
85  96
179  119
118  104
126  128
127  100
122  105
117  118
130  98
121  95
165  115
127  117
93  113
127  102
167  106
111  101
138  121
97  121
142  101
130  109
149  111
146  97
145  101
116  115
131  121
105  118
131  95
127  104
116  112
92  110
143  127
157  125
95  108
118  123
87  97
149  117
179  113
164  110
176  116
128  110
139  101
150  97
158  149
137  99
103  124
150  116
122  126
142  133
158  123
104  106
130  96
107  106
159  153
133  133
159  114
78  100
141  133
168  146
121  113
164  117
147  121
101  119
91  95
128  131
85  99
125  122
126  118
134  102
126  115
121  132
104  114
118  127
127  116
107  125
172  112
139  97
89  106
135  135
133  129
120  107
127  96
82  97
138  117
95  112
119  120
149  128
100  100
159  103
83  96
82  104
112  124
143  103
162  110
146  98
133  132
140  105
157  133
120  122
143  126
110  114
111  107
172  121
141  94
94  100
153  100
115  126
133  118
128  133
117  106
124  117
173  122
150  109
160  112
160  153
119  130
96  98
131  97
179  116
80  104
108  117
124  112
142  99
124  96
123  100
150  117
153  123
116  127
165  112
138  106
80  97
147  131
157  148
159  104
119  123
145  124
108  114
151  133
138  98
158  99
111  123
98  113
147  130
94  116
135  119
132  101
132  109
103  106
100  104
149  124
134  127
83  98
114  118
122  115
99  106
134  125
118  114
121  125
145  105
100  108
126  124
122  123
124  128
98  115
162  147
155  118
130  115
153  99
79  98
130  125
98  118
143  122
141  129
137  124
101  102
133  115
120  123
84  104
149  101
159  111
150  100
156  104
139  126
146  128
120  101
107  107
108  112
166  108
134  120
98  98
178  115
157  156
153  103
180  117
136  112
100  112
97  118
184  115
147  105
120  109
98  111
143  121
168  110
98  102
157  102
117  107
107  116
159  125
154  133
133  122
114  108
163  111
121  94
138  122
137  122
147  124
105  105
152  127
134  104
120  119
101  106
163  107
106  104
129  105
131  100
149  132
173  121
120  127
104  122
117  130
90  108
127  98
130  133
162  115
140  97
116  124
138  101
122  109
175  121
130  95
140  118
121  124
92  107
149  103
164  109
161  118
133  106
87  95
170  112
168  113
121  116
138  125
134  111
118  107
166  111
105  123
93  95
95  115
84  95
144  127
162  142
151  111
175  114
137  102
88  97
132  125
175  118
111  106
141  118
140  115
162  137
121  98
133  97
136  93
171  141
98  109
126  125
114  99
151  112
151  131
133  93
155  133
178  122
168  112
150  133
121  115
161  128
150  114
163  108
161  105
144  131
172  146
168  116
162  119
111  105
85  104
93  96
146  107
113  101
122  98
111  117
151  127
128  123
139  115
127  123
103  109
138  105
151  123
95  107
143  98
99  113
164  143
125  99
165  142
126  117
153  104
101  115
161  151
160  134
116  120
159  107
104  101
145  102
98  119
142  124
104  116
94  114
160  131
148  99
165  113
83  106
153  128
159  135
158  148
128  134
108  103
155  98
92  103
90  99
140  117
99  107
149  97
110  112
113  103
134  100
94  107
162  111
141  127
135  110
128  113
158  121
131  109
173  113
132  105
121  123
104  120
135  124
91  94
89  105
119  128
139  104
124  119
140  135
150  104
156  108
103  118
145  134
103  113
159  131
122  100
166  141
111  127
104  121
93  101
144  133
103  111
117  96
155  117
90  106
150  128
117  113
84  102
174  115
124  118
167  119
126  107
133  136
164  116
101  108
163  140
140  136
149  107
101  123
150  126
123  105
129  106
103  117
177  122
162  106
130  93
156  102
126  116
106  111
140  93
123  118
126  120
165  105
112  114
87  96
120  117
153  122
157  150
168  106
180  116
141  120
92  95
104  110
127  131
151  132
113  115
139  127
146  136
122  117
115  96
134  119
153  129
138  116
139  133
106  122
169  107
134  133
142  94
106  119
153  106
109  120
133  100
108  104
136  115
131  119
122  99
173  112
122  128
108  126
131  122
105  108
148  117
139  100
99  104
147  132
147  103
118  126
148  96
153  101
127  101
109  126
136  96
162  116
124  131
141  103
97  104
151  110
167  111
96  117
162  145
158  156
118  100
149  104
169  116
104  118
169  145
100  109
155  120
105  111
108  109
103  103
137  107
140  114
114  116
105  107
102  100
97  119
149  96
152  108
124  130
163  142
100  111
142  127
96  97
162  117
109  117
140  127
95  111
140  120
109  113
178  119
133  113
79  100
145  95
132  115
144  117
121  103
124  106
128  127
178  116
106  102
167  107
99  108
132  130
142  129
115  118
91  103
160  135
123  131
178  114
123  117
161  111
101  124
129  122
142  95
183  120
96  119
103  110
169  113
139  98
98  107
142  108
87  104
113  112
152  111
138  133
164  115
164  104
151  103
137  95
110  109
136  118
132  123
122  112
98  116
152  128
122  94
140  122
98  106
163  103
152  110
142  120
135  103
102  112
128  99
117  131
105  112
79  97
119  127
131  93
174  113
122  95
132  117
156  132
118  129
140  119
171  114
145  96
137  101
101  116
129  120
81  98
119  115
106  105
131  128
130  134
170  145
146  127
140  95
121  107
129  117
127  121
110  111
90  102
94  115
182  118
169  110
101  101
156  149
159  117
99  102
120  121
164  111
138  110
165  108
175  117
124  129
123  104
170  108
141  102
164  112
163  117
86  101
117  115
127  133
108  118
129  134
134  123
125  124
136  116
131  127
137  93
106  114
120  95
126  101
126  133
129  96
157  149
159  149
146  126
109  121
120  110
157  109
113  114
125  116
174  112
142  100
126  97
144  96
167  110
137  106
130  128
130  102
128  94
135  136
134  136
147  101
86  103
148  131
89  94
88  99
87  102
134  132
144  134
186  119
97  103
161  146
146  111
179  122
126  98
123  97
134  107
85  102
140  100
106  107
142  117
99  110
131  124
148  104
150  120
155  131
90  103
91  99
152  126
88  94
133  101
146  134
131  96
161  113
160  108
152  103
137  100
91  105
114  103
94  95
156  119
93  105
123  98
136  119
179  117
178  117
161  101
141  111
130  122
112  120
96  115
118  118
131  118
115  104
113  110
117  98
91  106
147  102
122  111
107  117
164  144
134  109
156  150
160  154
94  104
116  103
128  107
102  109
149  118
129  102
177  118
150  106
149  133
150  113
104  123
137  119
119  125
112  105
148  113
130  121
101  104
121  99
101  122
147  119
94  105
104  115
138  132
94  113
101  105
148  101
170  144
121  109
176  123
123  107
159  151
134  106
87  106
99  105
166  144
95  102
140  98
99  100
155  104
119  129
146  122
172  122
126  93
138  96
158  152
161  110
133  103
146  106
122  113
111  100
96  108
134  96
152  133
123  109
93  108
109  124
84  106
138  135
123  126
143  110
170  146
105  119
151  119
146  125
107  113
145  136
144  126
102  105
148  97
98  105
149  106
147  114
160  151
114  104
128  126
85  101
133  124
163  118
155  111
124  115
83  105
141  121
84  99
124  122
170  111
144  118
144  98
141  105
152  117
96  116
130  123
131  117
157  103
160  149
142  125
86  104
158  115
94  106
126  94
97  111
80  95
147  115
142  103
114  121
135  111
129  127
162  105
120  114
124  108
156  109
125  103
120  126
91  108
138  118
108  120
124  125
148  134
130  94
146  124
100  101
159  150
174  119
95  113
148  108
133  135
122  124
127  124
87  105
162  108
97  102
98  101
144  97
94  112
144  122
163  120
123  101
97  115
116  125
136  94
163  144
94  111
134  94
129  119
118  97
143  94
148  110
104  111
91  100
103  125
145  125
98  103
105  116
88  100
119  118
150  98
164  107
118  110
154  132
153  107
82  102
96  111
126  103
160  152
137  103
87  103
143  128
144  111
134  97
140  131
120  99
134  110
140  102
145  108
164  106
159  112
110  105
145  122
118  125
178  118
132  100
126  126
106  118
154  128
134  116
127  112
151  129
99  101
146  120
124  114
121  111
102  103
170  110
126  100
162  112
84  101
100  117
155  107
136  122
126  113
154  114
131  110
158  154
123  93
159  147
145  132
126  131
157  131
100  107
141  122
149  121
154  122
103  107
114  130
123  115
108  125
132  124
136  99
158  128
97  112
130  111
162  102
140  101
130  110
134  105
135  94
119  117
97  109
159  128
93  103
112  113
175  112
127  130
143  118
123  124
171  111
142  106
158  150
147  113
124  121
136  117
143  131
115  122
134  99
126  99
121  120
159  148
168  142
146  130
130  97
123  94
142  121
148  100
149  108
124  132
93  100
133  107
145  131
145  129
93  98
156  114
155  121
150  118
107  115
165  109
79  105
165  143
127  134
90  94
151  120
173  115
159  133
135  104
106  121
143  97
78  105
158  106
166  106
134  131
138  94
137  121
175  122
132  131
168  107
119  122
114  122
94  102
116  117
122  108
138  99
95  103
145  107
146  104
144  121
140  111
147  104
179  121
134  135
89  104
102  107
161  121
125  121
137  134
141  96
149  109
146  115
115  119
166  115
175  123
129  99
89  101
128  108
93  102
117  122
111  124
87  101
108  111
87  99
109  104
142  98
