1350
94  115
97  119
177  137
97  73
188  136
130  110
134  142
171  141
101  104
193  136
100  136
100  97
156  132
114  102
161  131
181  142
140  132
133  122
107  120
170  129
143  140
171  133
97  65
148  134
192  146
155  117
109  77
102  125
186  143
126  129
123  105
99  125
99  65
132  141
126  128
141  127
103  117
138  142
99  106
157  125
112  131
133  154
165  130
162  117
142  116
116  117
187  140
89  72
94  111
100  108
133  115
96  78
136  146
131  118
110  135
192  147
125  111
97  115
185  142
136  118
162  126
132  145
90  71
120  109
192  143
109  124
112  136
158  135
182  126
132  163
97  118
182  134
107  121
134  144
126  134
155  140
176  144
163  138
173  137
181  134
175  139
151  110
93  126
134  106
142  121
99  105
117  130
124  130
169  119
120  123
168  129
120  127
145  132
103  134
99  124
132  115
193  138
137  107
137  121
146  106
151  135
136  102
163  132
138  125
124  108
98  107
87  92
132  130
138  137
89  127
133  172
117  106
123  117
134  116
157  139
126  119
124  112
96  80
102  103
87  80
175  143
119  136
95  69
97  121
137  119
141  102
131  162
152  133
138  140
101  98
126  115
132  125
134  132
96  120
126  117
161  113
168  138
128  108
104  116
149  137
129  119
113  129
167  140
107  115
110  109
125  131
87  97
103  103
183  138
141  120
100  102
96  75
158  138
91  69
133  149
121  125
166  124
122  113
131  160
189  135
163  120
105  111
146  104
138  116
103  124
130  114
147  124
187  145
134  118
141  105
131  180
123  131
97  129
141  129
140  144
119  115
98  115
106  118
105  137
97  104
99  71
91  110
94  116
176  141
141  131
108  109
164  116
124  129
93  128
138  122
122  118
97  75
92  78
134  120
173  122
150  116
114  133
103  76
144  126
135  178
109  126
134  133
94  118
128  133
87  89
165  131
87  120
177  142
133  132
124  121
85  87
147  113
190  140
188  133
148  113
90  87
134  123
159  127
132  160
126  120
117  131
158  115
95  122
159  131
139  126
134  177
191  144
114  134
175  136
136  136
95  111
132  165
116  133
93  70
107  96
121  113
155  118
165  136
175  132
92  114
126  116
140  120
190  136
94  123
134  139
89  123
95  137
121  106
126  142
93  113
109  86
114  103
193  134
91  74
108  128
145  129
92  122
106  130
134  131
134  146
98  106
104  118
120  119
145  113
137  124
162  123
160  140
155  111
120  114
112  113
122  140
160  131
143  121
133  178
174  140
106  92
137  102
126  113
110  125
94  122
172  140
91  114
96  116
180  136
132  112
108  118
191  136
112  105
84  92
103  97
94  124
99  69
160  116
95  115
186  139
136  115
93  125
193  143
117  136
92  118
112  125
140  105
120  105
138  112
181  132
101  105
121  107
93  108
151  123
123  104
149  127
95  119
131  127
163  135
158  121
87  87
106  121
194  139
124  125
158  123
151  141
101  125
156  138
100  78
155  120
163  127
106  95
167  127
174  131
144  131
185  141
165  134
127  143
88  87
148  131
130  155
90  85
140  118
99  101
95  107
154  138
162  121
164  132
133  151
121  137
159  130
106  84
87  122
103  135
174  143
94  70
94  114
155  134
104  129
92  68
87  117
126  125
96  79
151  127
124  128
140  111
176  139
122  126
132  161
156  136
128  145
142  139
147  119
175  141
102  96
106  114
118  123
188  131
134  111
128  107
101  70
159  112
88  90
190  142
90  117
96  81
93  118
123  115
105  99
165  123
93  124
136  134
170  127
108  116
128  110
100  99
90  83
104  72
104  136
177  123
107  73
93  71
174  134
85  91
94  125
144  121
152  127
119  130
116  103
157  136
133  148
100  101
112  120
130  134
120  138
166  123
100  69
122  108
117  107
110  111
182  141
189  141
200  138
188  137
92  67
149  109
150  117
89  83
154  128
130  125
133  163
150  114
117  122
128  141
88  89
111  127
104  114
180  141
98  109
172  122
137  122
150  113
98  101
172  121
142  103
108  120
141  139
99  104
108  117
179  130
175  140
107  81
90  79
144  137
147  131
184  142
98  108
121  116
124  122
110  132
170  132
165  126
132  175
125  116
197  136
135  119
150  120
96  70
194  149
119  133
139  143
94  129
133  141
99  113
138  121
87  118
159  133
146  120
159  132
116  115
84  87
150  109
133  152
146  115
180  129
189  147
96  124
157  137
127  146
104  115
97  112
97  107
148  122
100  98
144  139
146  136
85  96
160  135
97  106
94  130
184  140
164  115
140  119
176  123
86  87
161  118
112  114
133  136
89  76
129  122
93  114
118  114
111  123
127  139
167  128
179  142
104  137
98  102
117  135
142  112
123  126
113  110
94  131
166  138
91  83
96  128
152  110
91  122
111  124
139  104
133  106
110  112
160  123
121  135
131  178
105  123
107  117
131  159
162  129
98  103
123  138
132  174
120  106
149  124
193  147
113  134
119  122
102  133
173  140
141  144
137  106
145  136
97  68
173  121
127  138
108  70
167  131
127  116
147  105
103  67
118  129
131  121
165  120
102  100
153  123
147  139
115  119
148  138
135  103
156  109
105  136
153  107
109  113
89  120
105  127
122  133
150  133
135  102
134  105
121  124
132  173
121  136
140  136
88  117
108  127
140  115
101  76
162  116
123  141
182  139
96  119
130  142
113  132
133  119
143  118
151  139
109  84
172  124
142  124
146  111
145  131
180  139
135  104
132  176
104  123
145  141
199  135
85  81
94  135
142  129
89  71
122  124
97  109
184  137
132  131
90  116
114  122
116  132
119  127
122  111
148  115
130  131
99  77
191  137
173  129
169  125
91  123
152  128
177  129
169  134
189  142
126  124
95  120
138  118
181  126
171  127
172  133
131  124
177  133
157  133
146  134
152  117
134  121
142  140
186  140
122  112
100  107
116  120
132  105
175  134
109  131
99  131
196  135
116  112
139  133
149  108
107  107
163  121
87  96
127  132
143  103
162  119
104  78
115  104
138  105
136  112
163  117
118  136
170  137
91  82
132  169
107  116
87  124
94  66
94  113
166  136
152  108
195  135
84  94
105  88
87  123
192  133
84  95
124  117
110  120
130  143
103  93
94  105
122  117
141  103
119  138
111  117
94  77
105  129
187  146
167  130
141  133
140  138
130  153
127  137
96  117
185  144
96  133
145  125
97  111
193  140
168  124
137  137
153  133
90  77
128  134
131  106
135  136
133  118
105  112
95  112
99  107
130  109
170  140
99  126
194  134
151  112
125  122
152  111
104  122
113  133
124  118
166  125
108  138
109  120
124  134
127  117
183  141
129  179
146  130
93  107
111  109
192  134
197  139
129  142
98  79
100  104
102  93
150  118
91  116
115  118
164  125
135  137
100  127
99  78
134  102
110  133
120  107
130  123
122  105
114  108
133  107
144  134
129  120
132  123
160  134
123  124
135  176
139  102
122  123
177  139
187  134
149  111
127  123
130  133
98  131
127  148
160  112
154  135
127  133
117  129
138  132
102  129
101  68
132  178
183  133
144  127
171  132
131  117
133  124
185  137
143  110
164  117
138  117
135  146
182  140
99  70
92  76
102  105
149  138
113  130
118  126
140  114
179  134
171  142
159  117
92  79
137  145
108  125
104  71
127  147
89  118
114  104
121  140
105  74
115  126
120  129
122  109
124  103
143  122
129  106
154  122
128  123
135  110
186  138
125  103
107  122
181  128
155  126
144  122
168  134
176  140
189  146
130  111
163  118
135  177
141  118
174  128
134  127
190  144
159  135
94  112
128  113
97  103
120  135
132  151
127  124
150  128
128  126
98  66
190  134
121  123
132  103
155  121
109  117
90  72
142  117
93  77
132  180
149  121
148  141
120  117
98  111
130  122
145  108
102  70
129  117
130  124
92  110
171  134
184  133
188  146
90  119
141  111
167  119
144  117
108  114
178  133
96  134
181  127
98  113
88  122
163  126
162  137
105  119
186  135
126  143
146  142
137  134
103  133
134  135
124  141
143  127
173  142
119  129
124  119
118  104
154  136
146  122
127  104
103  79
110  114
104  120
172  137
93  69
119  123
149  132
85  99
175  144
117  137
153  122
107  87
140  127
99  139
106  96
147  121
92  120
166  139
119  128
121  120
136  116
106  75
129  134
91  121
131  150
151  131
142  106
118  110
181  131
191  132
135  111
126  126
86  81
125  121
118  109
155  136
164  130
90  76
105  118
140  131
152  123
140  135
116  128
165  133
146  126
106  122
134  119
102  130
108  111
177  143
130  149
141  121
128  136
136  141
100  111
130  102
187  142
106  119
161  121
95  80
124  120
164  121
134  110
105  75
113  113
136  117
91  115
127  134
114  118
104  100
135  124
113  112
87  95
93  68
133  103
176  145
172  136
155  137
176  137
107  75
133  142
92  116
134  104
192  141
131  154
134  107
193  148
127  102
100  112
120  140
177  140
90  130
173  141
122  141
97  102
125  124
118  127
103  136
131  128
84  81
98  105
190  147
149  142
114  130
118  107
106  98
92  115
142  144
126  121
139  117
101  101
108  107
93  109
168  139
110  137
132  117
131  122
116  125
110  105
139  115
149  136
163  124
83  93
138  139
166  134
103  125
90  120
139  138
132  124
148  110
97  123
148  117
175  127
123  109
150  137
136  119
108  84
126  107
162  115
177  144
136  122
138  106
133  116
149  135
144  111
140  141
155  133
108  112
107  125
146  107
101  106
102  66
151  120
88  82
150  140
151  119
96  65
126  103
133  113
116  124
133  147
156  119
147  138
99  109
148  136
108  87
159  128
187  143
173  132
157  138
159  114
100  134
172  131
151  132
144  133
133  138
100  109
188  147
101  75
105  116
115  122
117  113
113  114
179  129
139  140
130  115
153  128
140  102
174  130
121  132
124  131
129  127
119  125
151  137
96  115
145  134
100  68
172  135
158  128
114  121
135  135
171  135
169  136
129  140
120  121
131  119
155  131
102  71
134  176
104  113
101  102
113  115
142  125
138  135
88  119
144  118
142  133
108  135
130  119
167  133
133  129
102  76
127  130
138  133
89  77
102  94
141  122
95  72
121  115
146  127
121  103
181  137
104  90
92  119
101  124
123  107
182  133
100  100
124  114
104  66
137  103
121  109
92  112
103  118
91  85
147  115
106  88
145  107
129  136
105  81
85  84
98  129
117  118
92  128
90  125
168  128
147  130
158  137
94  106
137  115
94  119
142  120
165  124
181  139
126  133
187  133
98  133
194  145
132  147
140  122
154  132
140  117
153  129
127  140
161  122
130  128
118  118
142  138
130  145
103  86
128  131
181  130
123  121
95  131
95  106
145  105
126  131
134  136
120  110
127  145
151  111
94  120
118  122
135  143
130  121
125  141
105  113
108  126
95  108
112  124
111  105
145  122
124  132
146  128
150  106
143  128
131  110
148  137
149  107
143  131
171  138
96  73
121  139
109  138
156  114
149  118
128  135
99  100
116  127
93  119
142  142
157  134
95  126
151  133
146  124
136  143
165  132
129  105
152  126
120  122
119  118
100  66
92  117
131  158
123  113
149  106
157  131
128  104
106  139
118  125
117  115
114  116
119  117
132  109
149  133
96  108
111  106
112  133
174  127
104  121
185  136
127  121
109  121
154  114
134  125
147  114
124  106
177  130
136  137
151  140
117  134
179  128
186  134
98  134
188  142
116  137
142  108
187  139
92  111
127  112
91  113
122  115
99  110
124  135
124  115
153  134
193  149
175  123
110  124
129  102
128  127
149  117
119  137
177  124
107  113
192  149
87  99
94  107
195  134
129  115
192  145
119  120
120  139
110  119
104  101
189  143
131  109
146  125
133  133
139  127
159  125
131  155
167  134
161  128
96  111
103  98
143  126
130  120
153  138
173  127
147  132
133  135
99  102
97  69
111  107
164  126
121  122
120  126
147  104
112  111
99  129
124  139
133  169
194  133
156  135
181  135
126  118
93  123
129  149
180  138
106  111
134  109
123  118
99  108
145  124
126  135
148  108
122  128
159  140
182  130
104  83
142  127
151  129
95  113
121  111
179  139
105  97
171  126
95  105
127  129
100  137
148  139
132  179
154  133
104  73
185  133
149  128
127  131
138  110
150  126
