1071
118  129
101  101
136  116
120  164
97  107
165  123
106  121
161  122
153  134
163  117
127  143
122  118
151  132
121  113
104  122
79  105
127  124
135  110
100  92
153  133
113  132
126  113
116  112
173  129
175  122
124  103
99  119
124  106
90  99
122  133
97  103
177  123
109  113
119  130
125  131
146  125
114  122
149  135
100  118
138  139
85  102
155  118
108  98
124  118
144  121
143  131
142  112
118  123
150  117
152  123
120  117
167  133
107  113
136  134
193  129
162  116
118  114
129  142
112  125
145  166
99  107
138  117
126  126
102  125
137  115
119  133
98  106
135  137
98  111
109  121
127  133
145  122
149  133
165  126
156  119
144  131
143  121
104  100
128  104
88  99
155  165
140  117
129  134
125  116
120  126
127  139
158  115
102  94
124  157
106  98
166  123
121  115
97  94
167  119
97  119
114  116
117  130
109  131
123  115
102  111
121  140
85  101
173  122
104  120
151  127
100  108
129  122
148  163
95  113
110  170
129  117
121  103
93  101
111  105
120  139
114  103
143  126
101  104
102  93
109  171
126  119
97  118
124  134
131  109
128  107
126  156
108  117
146  150
155  126
157  133
118  118
146  128
155  169
107  170
156  166
164  126
98  107
128  134
150  113
126  143
99  102
177  129
101  106
148  115
86  101
104  106
112  105
100  127
120  110
151  123
137  106
116  125
114  134
91  99
99  105
120  138
99  116
91  94
98  91
135  136
147  124
85  104
111  109
136  137
133  116
111  123
141  139
120  119
130  109
189  121
122  141
155  134
134  132
130  124
87  101
108  104
140  131
144  139
171  127
107  116
182  126
108  114
110  119
110  169
123  105
76  107
120  121
110  105
133  106
129  127
121  107
122  124
134  123
105  119
123  121
107  96
130  131
118  127
134  139
122  162
129  120
107  120
135  111
151  111
141  129
128  127
151  159
103  113
97  104
95  115
102  130
123  126
133  122
115  104
147  151
106  95
123  158
110  125
132  105
105  112
126  142
94  105
106  119
126  134
132  131
112  124
93  100
98  101
128  110
99  110
150  118
130  110
162  121
148  113
154  136
181  126
108  127
153  129
103  97
142  124
157  131
124  108
122  168
159  132
191  128
152  111
94  104
133  138
139  115
98  102
160  123
134  119
124  125
142  116
102  112
133  133
98  95
96  119
151  112
123  104
151  153
134  111
149  137
132  125
133  135
151  158
163  118
155  120
179  128
97  115
125  111
186  127
147  138
147  130
189  119
115  122
146  136
107  122
121  125
127  117
132  112
171  126
144  137
110  112
107  107
146  126
124  130
147  119
119  122
163  120
97  111
95  107
98  105
147  149
154  161
84  102
138  121
134  133
113  114
109  126
175  127
148  165
134  135
98  98
147  132
130  114
108  128
145  131
92  95
107  121
149  151
144  122
145  125
122  105
183  125
100  104
127  130
94  114
95  108
142  140
106  96
108  97
152  133
132  109
150  126
111  127
93  107
142  108
162  123
142  129
188  127
105  99
90  102
127  123
161  131
89  101
123  107
108  170
103  125
120  109
95  111
165  130
131  110
168  128
138  110
119  120
106  104
143  127
142  127
98  115
160  134
121  116
113  112
187  127
126  121
129  106
113  115
142  121
147  114
167  128
136  118
179  124
157  125
144  111
111  106
141  127
124  117
154  114
152  127
140  120
146  124
150  128
122  140
127  147
105  105
124  128
97  109
117  136
108  118
113  130
93  95
125  122
120  127
135  119
148  162
123  113
100  109
138  112
155  131
103  98
154  132
119  128
134  127
125  156
110  135
124  141
130  122
132  141
86  102
116  128
139  133
148  137
126  107
106  122
140  114
112  171
95  102
127  129
174  119
137  134
147  164
97  106
131  106
148  131
137  119
130  133
149  117
162  119
124  122
123  138
105  129
94  116
139  126
110  133
82  104
133  141
126  135
116  124
98  116
97  102
121  167
124  131
161  118
139  127
95  95
133  118
103  111
103  117
126  125
164  125
116  120
150  152
120  107
121  136
102  105
122  123
122  126
117  137
110  109
155  121
119  127
117  115
117  106
145  113
134  106
130  120
108  107
119  136
113  129
105  108
164  130
117  131
117  129
149  118
159  133
160  135
119  118
154  135
134  107
101  123
99  98
79  106
108  116
150  133
111  101
123  141
151  137
152  126
127  137
94  94
152  117
104  110
174  130
112  120
106  105
118  125
163  126
107  99
147  115
151  156
132  117
131  119
96  97
120  169
131  121
138  140
128  131
99  100
193  120
175  123
137  122
134  121
94  95
105  116
96  108
122  113
108  112
154  122
98  119
129  136
103  118
146  164
123  118
142  120
130  128
173  127
162  117
168  129
119  117
146  165
137  137
99  108
134  105
136  112
164  132
108  126
93  98
116  169
118  107
151  135
125  103
107  125
194  128
95  112
135  135
96  117
125  155
144  118
131  127
112  170
119  167
156  167
94  113
121  135
121  139
181  124
95  103
140  138
143  110
132  130
148  164
133  129
143  140
98  108
128  136
138  135
116  127
98  109
148  134
129  140
190  128
146  130
148  136
90  103
120  106
141  120
109  97
110  120
127  121
122  115
108  103
94  102
98  122
133  115
124  132
93  109
114  130
116  170
128  108
172  122
102  103
131  117
95  100
121  111
104  101
140  141
151  133
137  121
78  105
124  135
92  103
105  127
98  103
170  127
96  98
84  101
118  109
95  119
124  121
105  118
147  113
100  102
140  136
117  134
140  135
152  157
114  118
177  130
185  121
101  95
142  138
165  124
104  114
111  124
142  117
123  117
120  122
119  115
131  124
120  140
124  112
93  113
150  153
164  117
177  124
126  117
129  115
159  117
127  131
126  120
106  111
122  109
114  104
103  110
158  123
118  122
88  100
127  138
172  124
158  135
127  140
133  132
88  102
145  132
149  111
106  114
186  119
140  118
114  108
118  110
97  97
101  115
150  154
104  129
99  101
121  109
117  113
94  92
138  116
157  134
100  117
145  134
165  132
118  126
111  117
124  139
101  117
153  128
121  123
91  100
104  115
120  135
138  118
128  135
102  109
154  153
145  147
179  122
142  133
133  136
101  112
117  135
181  123
121  132
149  124
148  122
149  128
109  120
99  106
110  111
140  119
120  129
141  118
165  133
186  120
158  121
178  119
117  118
145  124
94  100
109  124
100  98
108  125
155  117
146  147
170  129
141  131
146  134
138  137
104  116
174  128
148  117
101  105
143  122
101  116
119  129
134  109
116  132
134  125
115  119
150  120
124  129
105  97
150  159
131  118
159  130
106  118
134  120
138  133
130  142
99  113
96  93
161  121
163  124
109  117
159  127
127  132
163  132
122  108
90  94
165  120
181  127
179  121
109  102
82  102
113  103
133  107
100  112
130  125
130  121
104  111
100  99
97  112
130  111
112  131
146  120
99  109
138  122
163  121
86  103
136  136
152  159
126  124
128  126
175  121
91  93
153  156
106  102
156  135
125  124
108  109
150  137
141  133
145  136
94  115
127  148
140  111
128  113
141  144
127  151
173  121
153  122
123  131
113  133
127  155
164  121
134  131
154  128
125  141
189  127
81  104
134  136
150  151
126  129
94  111
156  132
96  111
91  103
142  139
106  107
136  115
80  104
101  125
186  128
146  122
155  167
134  118
106  130
121  137
120  123
140  122
188  128
154  133
176  123
108  120
126  116
93  105
159  125
98  118
118  170
134  110
109  104
150  114
93  103
101  124
115  118
93  108
93  96
137  124
113  113
138  132
117  107
128  145
111  107
101  119
181  128
109  169
150  160
102  107
147  162
124  115
123  124
119  123
94  112
124  114
141  111
165  131
124  119
121  106
158  128
146  127
159  114
149  121
147  131
95  105
112  114
97  123
127  145
147  121
102  96
101  114
116  137
138  125
140  132
130  119
149  127
138  106
105  107
99  96
103  103
151  131
114  170
139  140
124  120
114  121
128  141
149  136
177  122
103  124
145  129
139  117
122  112
143  128
166  125
103  107
128  133
132  124
133  113
124  158
122  117
152  156
130  115
119  138
150  162
149  150
153  123
144  127
87  102
99  104
76  106
151  119
118  136
143  144
156  114
167  127
140  115
152  155
189  120
183  120
108  100
100  100
130  123
110  114
100  122
140  127
133  119
104  123
121  122
144  133
94  107
170  132
107  117
172  131
154  160
97  98
113  110
127  134
103  109
105  123
94  106
144  126
149  162
125  121
179  119
99  124
129  105
135  124
155  162
126  133
182  123
127  104
151  129
128  123
151  152
120  114
139  138
134  116
162  129
160  116
127  116
150  116
110  171
120  105
116  133
95  106
130  134
152  128
149  158
141  122
174  131
101  108
129  119
148  110
122  161
160  131
141  121
114  133
102  129
144  165
162  126
105  111
110  132
126  115
132  115
113  134
127  152
101  98
159  128
159  135
121  120
145  146
133  124
161  128
127  146
163  127
142  142
122  111
98  113
126  128
146  115
126  131
121  124
136  117
154  168
166  124
137  107
105  113
93  102
112  113
116  115
111  169
119  165
101  122
87  103
127  112
167  131
108  111
116  103
91  95
123  109
101  102
142  144
193  119
132  123
159  131
100  107
112  133
146  163
172  121
118  104
142  125
154  169
131  128
116  117
126  103
119  125
144  117
108  96
97  121
144  134
96  120
146  111
168  124
112  111
103  93
104  118
178  122
122  128
110  124
104  113
96  116
192  120
136  119
131  122
100  111
148  161
104  121
119  137
100  97
149  132
117  170
117  122
167  130
174  127
100  101
96  115
126  118
102  100
169  125
151  120
107  115
155  133
169  119
147  166
151  155
136  122
107  106
103  106
143  118
84  104
115  126
