1754
81  120
91  121
149  106
133  113
86  106
91  122
134  106
149  97
95  131
142  94
117  131
146  147
161  64
143  128
124  108
140  151
143  148
144  117
113  130
141  153
130  119
157  103
94  112
124  115
156  102
107  107
141  88
76  115
163  68
111  117
143  126
80  104
159  62
67  116
157  102
152  103
101  102
128  133
84  117
149  96
161  65
141  111
94  107
99  100
66  112
66  116
159  60
152  127
152  89
158  96
129  96
107  122
86  115
100  107
96  115
142  129
108  111
157  91
105  118
90  108
81  104
161  55
126  135
146  87
106  111
151  86
98  111
99  109
130  120
164  91
89  123
104  100
151  131
158  65
166  61
149  108
130  92
113  113
104  110
155  67
138  105
98  101
164  109
161  99
134  116
151  127
124  119
142  154
173  77
132  88
161  101
91  113
155  118
149  135
103  103
145  105
170  86
125  131
95  112
177  78
154  68
163  103
171  81
83  113
150  116
140  101
104  106
120  110
168  62
167  92
100  112
132  105
103  110
139  89
147  147
143  97
150  104
111  127
98  119
163  63
121  132
118  109
127  131
110  112
134  133
158  63
162  59
92  116
158  115
95  113
88  122
154  90
99  124
93  113
167  71
145  131
159  55
93  123
155  111
142  125
92  119
144  94
140  120
149  121
122  94
138  116
69  114
139  98
131  127
150  126
146  124
100  101
127  98
108  114
152  108
156  57
154  63
135  96
138  112
168  77
136  115
171  67
123  95
170  68
172  64
130  125
132  117
73  109
83  116
112  111
151  137
156  92
124  132
156  82
147  139
92  107
158  60
165  101
153  78
128  104
66  109
106  122
148  113
119  136
79  115
136  102
93  126
73  111
135  104
175  70
130  121
94  123
107  99
126  129
134  127
155  76
159  87
94  120
126  103
118  118
159  52
171  88
100  102
66  119
124  106
86  111
98  115
161  97
108  128
163  98
90  116
129  136
89  120
97  112
146  145
140  95
118  129
155  82
128  110
156  53
162  101
170  79
132  109
91  103
68  116
135  136
145  136
126  101
171  69
146  130
173  81
168  63
169  63
111  105
146  128
126  113
95  119
79  119
104  118
137  119
107  116
116  133
147  102
162  90
139  104
130  109
99  107
69  103
155  58
166  63
126  120
166  91
68  105
118  122
139  97
146  85
138  106
123  124
165  66
156  87
96  119
88  112
113  132
154  114
94  102
142  133
105  105
97  115
114  130
148  85
125  116
170  80
148  141
99  125
86  116
116  124
113  133
120  126
145  113
85  113
98  105
98  131
166  93
126  119
148  110
134  105
114  122
110  111
164  106
131  93
92  112
120  105
113  134
160  55
110  133
148  115
88  114
166  59
116  115
121  103
80  110
99  105
110  114
143  86
125  99
70  112
69  111
134  110
149  137
73  101
148  90
77  98
142  88
145  99
110  120
142  106
76  104
104  115
137  134
121  98
125  121
100  108
141  103
65  116
129  105
93  102
117  122
128  90
160  69
72  112
163  111
76  113
145  107
143  91
132  98
68  102
142  127
158  59
143  88
148  122
149  118
153  60
148  94
104  121
167  73
176  69
170  81
137  93
122  118
150  113
114  134
90  110
153  100
119  92
122  117
140  87
119  115
141  121
114  104
157  76
77  112
116  128
85  112
121  95
96  116
127  132
98  107
118  110
151  143
82  109
129  134
86  104
127  104
144  126
68  100
124  134
69  108
175  66
141  127
141  86
98  113
159  65
171  74
170  89
106  130
148  108
134  88
67  100
147  115
148  86
156  75
99  110
142  100
142  124
113  129
161  54
76  108
94  129
139  127
77  115
132  112
152  128
136  117
106  105
150  109
175  83
159  103
97  103
73  100
137  122
162  99
155  55
158  97
109  97
88  115
97  106
93  119
114  103
150  117
145  102
99  113
153  98
168  83
167  61
151  139
134  97
165  81
138  110
115  96
156  60
138  118
105  107
145  108
87  106
128  131
81  115
150  100
145  124
151  111
136  134
120  129
101  125
63  113
92  110
91  123
152  110
91  110
116  112
124  114
84  102
84  118
115  104
121  107
147  146
122  124
113  110
79  118
164  93
150  153
75  111
141  102
166  97
140  89
68  110
120  114
146  125
161  79
142  150
108  103
172  60
163  107
127  124
161  93
159  114
117  98
69  100
133  129
140  132
151  84
159  66
149  133
146  111
104  129
131  121
117  113
126  128
103  109
130  95
122  98
150  128
162  112
158  89
170  63
93  128
147  94
76  107
155  66
164  55
143  94
69  110
168  84
143  89
165  78
123  94
116  94
130  98
105  129
164  107
111  123
106  114
160  56
152  150
152  123
173  62
117  137
96  111
117  136
158  121
143  131
127  116
98  122
75  102
96  124
140  100
62  105
143  118
94  119
145  122
124  118
98  102
141  149
62  100
121  116
136  118
153  84
109  124
114  95
159  117
78  112
70  106
120  122
133  124
150  137
126  116
170  88
150  133
157  59
163  60
162  95
138  91
167  88
86  109
148  96
105  119
126  100
93  107
118  123
155  77
101  123
132  101
172  74
67  115
135  124
91  114
120  117
140  97
130  133
148  117
144  122
144  134
129  106
87  112
139  102
88  110
85  108
137  95
156  61
160  53
162  106
168  97
85  117
161  52
162  72
89  110
149  111
106  119
163  82
133  90
155  88
130  131
119  129
161  63
127  134
106  121
67  111
134  100
102  129
164  67
160  109
163  75
122  113
169  67
162  98
67  104
159  67
92  128
103  113
128  99
112  113
154  66
163  87
143  87
143  144
136  93
163  85
111  106
102  107
61  103
150  87
170  85
173  70
158  91
160  100
169  88
155  93
162  86
121  111
101  114
117  135
145  94
170  92
149  128
123  118
139  101
87  120
153  107
136  91
109  102
129  122
138  98
162  111
146  107
104  114
122  123
131  100
99  116
140  122
156  73
69  115
126  126
160  99
136  119
152  111
140  115
105  99
148  97
143  98
140  102
126  98
82  113
127  102
134  89
143  103
124  96
172  66
93  109
124  112
122  99
120  123
121  122
137  99
140  98
150  120
138  121
66  102
140  135
147  87
96  128
126  97
153  83
150  114
110  109
141  129
98  109
146  127
117  96
134  94
152  61
148  101
165  62
83  105
116  103
68  99
173  78
176  66
119  123
149  85
99  106
72  102
164  64
114  121
94  114
94  131
175  64
76  116
87  111
94  130
148  137
148  100
78  105
91  116
138  94
131  88
79  98
100  117
154  62
140  155
161  67
96  117
130  111
118  126
76  110
146  126
109  121
141  120
121  120
71  112
79  100
121  109
120  99
128  101
103  124
123  131
171  83
128  126
166  60
103  117
92  117
124  135
151  88
143  121
162  87
124  117
141  146
73  104
143  110
132  103
107  117
84  110
173  64
151  132
94  124
142  121
76  112
163  95
152  87
153  58
102  103
174  68
139  93
123  113
119  117
150  98
163  105
128  127
149  117
127  100
126  93
163  64
74  112
74  107
119  127
140  119
130  110
100  122
129  120
153  103
156  104
138  117
156  66
155  61
165  65
139  153
146  122
152  60
147  103
151  123
150  118
124  125
97  118
83  106
126  133
146  134
102  133
127  90
169  75
98  103
136  116
149  138
103  118
155  83
150  147
158  87
154  61
127  121
159  97
155  104
97  123
102  111
113  103
147  132
141  90
147  85
167  58
132  100
171  62
109  120
171  90
104  101
145  134
163  90
84  111
82  111
112  124
93  114
158  123
152  88
63  100
109  126
157  56
135  111
126  131
113  112
125  93
90  125
115  118
76  106
146  115
145  93
102  109
141  133
71  105
67  108
66  98
163  78
86  120
122  112
133  100
126  117
144  88
141  151
133  118
121  115
121  137
151  120
142  120
71  99
87  117
128  113
162  85
137  91
135  110
97  102
158  57
159  80
93  118
108  97
131  97
147  114
82  107
152  126
165  105
121  91
167  85
141  89
98  106
140  131
78  113
146  136
134  121
175  81
165  58
145  125
164  54
142  117
153  68
89  106
121  136
142  89
126  125
153  81
144  118
95  108
165  56
156  80
165  89
163  59
121  93
151  129
147  138
140  118
134  99
160  59
80  115
166  89
167  56
84  113
168  75
89  118
65  104
137  103
97  111
95  111
120  95
127  96
159  54
127  101
141  122
135  135
130  89
161  110
108  100
139  156
175  71
148  134
159  104
116  127
157  125
74  100
143  127
169  60
162  110
138  155
156  79
125  91
80  113
166  71
118  125
131  92
165  71
152  82
155  54
107  115
99  104
159  93
159  56
103  98
131  118
75  109
102  105
108  118
141  94
153  61
147  124
158  99
134  136
145  89
134  102
156  108
162  117
134  111
71  113
123  117
130  102
123  100
172  68
109  104
174  80
87  123
155  98
123  101
132  125
141  96
138  101
167  90
105  112
146  97
100  118
160  96
159  68
145  129
165  74
132  115
155  78
149  124
137  100
90  120
167  66
168  91
149  104
154  128
156  67
163  88
79  105
84  108
111  100
117  130
157  70
121  125
165  63
108  120
118  127
118  100
97  119
131  106
163  84
97  129
113  115
164  77
120  119
135  119
162  119
162  60
75  99
93  108
128  107
87  109
123  98
167  74
136  99
175  80
140  111
158  106
174  76
143  93
110  105
166  83
122  95
161  105
124  122
99  131
122  100
162  61
126  94
167  57
80  108
151  149
156  109
165  82
120  127
167  79
101  119
100  104
151  119
161  60
124  121
137  102
136  96
172  78
121  135
161  56
163  108
155  121
134  107
148  143
114  118
70  100
156  119
102  130
159  111
146  104
171  80
131  109
94  111
141  154
121  124
92  114
134  132
147  105
171  63
75  113
75  110
162  55
172  67
84  122
141  155
124  128
162  115
153  106
166  79
85  116
153  123
119  128
87  105
149  151
158  53
90  117
153  104
157  60
86  103
124  120
161  84
158  61
132  124
104  122
96  120
108  98
121  113
150  95
157  87
147  121
145  101
129  117
71  104
90  119
133  101
97  104
77  107
115  122
149  132
117  129
108  112
159  94
103  106
126  115
153  122
139  100
152  96
153  54
106  107
90  103
134  90
120  91
136  136
123  109
142  112
130  97
97  121
108  109
99  102
114  133
110  124
157  53
164  78
101  124
137  107
158  75
169  89
126  99
128  94
92  118
140  114
155  107
133  88
134  109
117  107
138  99
130  115
87  115
149  89
77  114
124  103
161  61
142  101
171  76
100  111
113  114
122  126
145  132
134  131
155  120
123  104
140  147
125  97
142  90
139  90
173  74
138  135
171  68
88  119
130  123
160  78
169  70
126  107
114  102
95  120
158  54
107  121
159  61
173  82
79  111
124  94
92  103
87  114
160  112
119  118
127  112
123  93
173  83
79  112
107  113
125  103
149  127
129  115
89  105
118  97
149  88
163  58
95  102
94  122
155  94
127  133
157  80
79  109
147  119
169  61
77  111
146  102
155  126
93  124
154  55
166  64
129  95
161  89
100  99
139  126
144  127
99  126
124  101
114  108
105  116
133  132
133  133
152  117
64  106
153  138
103  125
161  88
158  83
160  116
133  135
68  113
160  66
135  89
156  95
150  84
141  118
156  81
158  62
153  101
156  114
163  83
148  139
101  104
138  122
119  130
134  123
153  57
141  92
130  93
145  96
133  97
137  121
103  107
137  124
162  105
155  80
101  105
155  75
128  108
166  100
157  109
108  126
161  72
95  106
146  142
153  143
173  65
150  151
158  82
95  122
126  124
160  108
138  132
154  70
81  109
173  80
169  83
78  114
160  54
94  115
151  147
95  103
101  117
149  87
167  70
148  104
162  89
177  80
145  95
123  92
131  91
144  133
105  113
162  70
132  123
114  99
162  78
74  105
101  108
91  106
176  74
142  91
101  112
97  107
68  112
117  115
158  88
112  133
117  118
102  100
118  107
128  136
143  90
154  122
112  114
121  123
70  109
68  97
148  146
161  75
164  86
160  81
140  93
144  111
82  102
150  145
150  154
134  120
142  103
78  100
66  115
115  119
144  121
95  105
159  69
116  120
69  101
161  83
128  123
158  98
144  131
124  131
150  152
76  111
157  55
146  98
149  101
112  131
102  125
149  136
137  101
118  114
136  88
109  131
94  116
71  96
161  118
84  106
123  97
128  135
152  143
98  118
117  106
112  105
110  96
136  122
127  129
120  135
113  101
108  116
104  116
172  88
125  124
147  130
118  136
116  117
68  98
148  138
87  118
131  96
166  57
120  101
67  114
160  88
146  143
160  89
135  102
134  96
119  122
127  117
140  117
130  114
91  105
157  63
161  113
112  97
141  131
119  133
122  111
135  90
162  53
141  105
108  104
149  109
87  104
72  107
123  121
154  96
80  118
167  94
130  94
124  90
70  98
153  99
108  107
165  93
174  69
129  99
158  52
152  145
79  114
134  119
92  111
147  92
119  125
132  90
155  95
108  127
82  104
110  132
94  105
121  99
155  117
103  133
148  136
133  93
101  122
104  113
168  94
133  122
138  96
92  120
151  103
133  116
133  106
147  101
75  112
161  111
150  105
97  109
133  136
138  90
159  112
81  113
99  129
94  118
86  117
120  121
94  113
64  114
111  109
154  80
92  115
166  65
132  91
153  129
135  94
85  120
122  128
121  106
150  144
159  71
158  73
159  85
121  94
142  95
167  78
147  96
123  105
101  116
164  70
153  128
140  105
107  125
113  99
166  69
169  62
138  87
162  96
131  122
150  92
91  108
114  116
95  126
63  114
143  122
135  103
136  94
133  103
129  119
163  94
64  101
154  57
146  106
144  137
122  108
162  116
131  119
83  110
139  117
160  57
62  99
168  60
162  64
88  117
132  130
140  127
152  85
142  108
123  115
164  79
148  131
111  124
151  110
162  56
177  79
125  122
142  98
105  127
101  115
142  144
148  95
139  115
99  108
67  110
121  92
110  119
100  100
169  86
169  93
73  99
138  88
137  106
147  88
117  134
134  135
95  115
87  103
101  101
85  104
116  125
165  77
101  106
98  108
85  118
66  110
129  127
172  63
144  101
120  109
99  101
147  113
164  102
109  117
123  126
120  106
99  119
133  119
172  76
93  105
64  115
86  119
168  95
91  115
66  114
172  82
152  142
125  111
84  104
164  104
132  131
164  62
107  106
112  125
166  62
105  108
130  124
127  91
119  120
160  75
144  96
160  91
131  124
84  112
167  62
150  140
61  102
160  61
139  133
151  112
116  132
133  107
73  103
79  106
90  106
86  102
111  107
130  128
150  97
106  118
67  98
146  86
78  115
134  118
159  75
100  109
81  107
126  118
107  120
129  102
160  63
161  91
158  56
71  109
98  116
170  61
100  127
115  126
77  118
134  104
176  77
159  91
142  116
128  134
85  107
78  111
149  150
149  103
167  91
69  104
94  125
105  111
138  125
163  99
104  111
164  98
92  106
142  99
148  99
131  110
112  120
149  107
106  104
118  104
82  115
155  74
126  90
145  146
131  128
168  89
108  125
147  144
123  107
83  115
147  131
66  117
126  121
161  62
92  122
156  76
169  64
142  87
147  104
106  98
65  103
155  90
162  108
138  133
122  109
126  134
131  117
150  106
111  101
128  92
166  88
72  108
137  115
160  104
165  88
144  98
96  108
122  133
124  130
161  53
136  112
106  102
136  89
104  120
149  142
103  111
74  101
127  130
144  97
155  87
155  140
109  113
77  100
131  95
95  107
159  90
173  76
104  123
105  123
162  102
175  72
80  116
130  134
94  106
130  96
93  125
146  120
134  125
171  86
124  129
164  61
127  123
174  84
108  117
70  102
98  129
94  104
149  84
122  115
87  122
65  97
70  110
93  103
154  53
167  72
130  122
120  107
151  142
133  115
159  107
145  147
152  98
122  105
110  125
118  98
82  106
164  73
102  112
135  93
