866
159  128
122  111
162  115
128  127
151  110
178  118
160  123
162  106
122  99
134  164
80  91
165  124
104  90
169  113
129  127
131  109
132  124
112  105
127  121
159  114
153  129
108  98
104  100
130  125
109  84
160  108
140  105
179  113
136  134
129  120
137  99
126  119
132  131
131  117
186  113
162  126
155  140
139  102
174  119
136  115
169  116
136  112
164  107
147  114
121  113
127  117
101  81
142  103
136  119
156  149
131  106
158  106
185  112
129  106
165  109
147  124
142  129
150  133
144  117
163  118
136  151
111  90
164  121
116  103
165  120
134  118
132  98
133  132
126  121
152  111
113  85
145  113
120  101
88  87
144  122
126  124
162  121
135  110
120  109
128  104
162  117
167  113
165  113
191  113
133  101
122  117
113  103
121  122
130  128
110  105
176  116
175  121
131  124
121  98
122  105
129  105
135  103
109  95
126  128
140  122
147  130
113  101
150  113
127  101
152  128
121  124
155  126
163  117
167  111
164  111
175  123
176  123
146  102
105  81
147  105
100  78
132  100
132  123
147  113
169  110
156  109
132  165
148  104
149  108
150  114
184  115
155  150
122  98
175  114
139  100
108  104
142  124
113  94
153  164
140  115
99  83
130  111
124  119
136  137
98  79
151  123
146  127
121  111
135  119
117  118
151  133
77  96
143  122
161  121
104  78
146  130
113  81
129  115
138  117
105  74
140  114
150  109
126  115
131  110
167  119
113  114
110  112
145  125
124  106
114  108
143  131
127  104
142  117
190  115
137  124
134  102
115  119
108  97
126  125
182  114
144  133
174  113
94  84
128  123
164  117
106  95
151  112
110  96
138  140
110  109
99  81
109  104
154  164
92  84
156  108
149  118
161  118
111  107
113  78
138  110
142  125
127  98
121  116
140  101
118  100
136  116
172  118
137  115
135  161
123  98
153  165
119  122
127  124
148  131
121  107
173  112
142  133
170  112
115  96
120  123
138  139
164  110
130  102
139  117
121  106
133  122
132  103
73  99
150  100
160  112
159  127
150  117
145  131
128  110
132  163
130  119
132  112
142  100
121  120
154  132
156  150
150  118
141  121
120  106
123  109
175  122
138  98
134  116
164  109
166  124
152  110
140  127
136  102
187  116
156  157
134  120
91  85
108  100
119  120
135  162
147  101
133  163
137  101
150  120
115  85
149  107
127  123
112  80
140  111
118  110
143  121
132  115
178  119
141  105
126  126
106  84
129  99
179  122
158  158
173  121
151  127
138  105
186  114
183  112
120  107
129  122
111  109
100  79
153  103
152  123
151  129
120  110
137  147
174  115
131  119
149  103
84  87
117  98
156  159
134  123
128  113
133  103
125  103
144  127
161  128
153  104
128  126
130  120
164  116
131  121
130  109
158  128
175  117
144  101
91  86
178  114
178  117
130  123
132  117
123  124
150  105
106  96
136  122
105  99
134  157
126  117
146  128
153  123
139  98
114  103
114  118
105  88
170  110
122  112
114  95
174  112
131  128
133  116
172  112
152  117
134  119
108  107
123  101
97  81
149  124
178  112
180  115
166  111
136  117
125  122
114  84
158  154
132  109
156  160
124  115
152  108
134  121
137  119
123  97
145  99
157  109
140  117
96  84
124  117
144  121
157  156
159  112
159  107
103  76
180  117
155  121
123  118
85  87
135  136
122  108
146  125
179  117
179  119
171  114
126  97
121  123
184  114
167  110
123  126
118  109
158  115
163  111
113  89
162  112
114  89
154  144
149  132
126  107
146  126
191  116
126  103
150  106
108  87
155  162
182  115
127  129
155  144
134  109
170  111
155  111
124  103
140  102
128  107
155  131
143  103
140  118
133  115
155  136
125  121
163  121
146  111
103  86
159  111
140  120
120  105
125  116
130  121
141  103
141  120
135  111
107  99
165  108
135  102
122  100
159  125
112  111
169  119
77  93
109  93
136  118
122  123
129  119
113  99
112  114
154  167
142  116
123  117
133  113
135  124
137  103
119  115
105  75
132  101
107  75
122  115
138  125
122  118
134  133
116  117
134  107
108  84
129  102
154  135
138  99
123  115
162  105
162  116
162  123
137  137
163  112
149  127
105  97
127  112
104  83
164  106
137  107
113  115
112  97
171  111
141  122
177  122
109  86
148  115
117  96
150  104
151  120
146  115
186  119
119  118
126  100
165  123
159  117
155  104
125  124
123  104
136  150
161  113
156  104
142  108
128  99
147  119
111  100
157  151
120  121
150  116
136  136
130  115
101  75
134  104
137  148
133  119
123  107
149  133
168  124
117  106
168  114
106  75
137  122
118  118
102  82
108  96
175  116
156  114
140  131
151  119
136  153
147  104
133  100
153  106
107  87
153  134
109  102
111  79
161  105
154  165
138  122
127  102
146  104
151  103
148  122
172  122
120  99
165  126
124  125
147  102
101  79
173  113
123  105
120  119
180  114
134  110
111  77
133  135
90  85
162  111
116  115
163  120
124  120
154  136
107  96
99  77
155  161
141  131
132  125
137  102
152  127
161  122
95  84
122  109
116  112
132  105
143  126
145  132
106  105
152  126
133  129
152  166
189  112
137  121
130  98
189  118
127  116
116  94
109  77
114  104
123  113
124  114
172  121
108  103
156  119
181  114
175  118
125  97
158  156
146  122
133  106
160  104
118  97
99  78
133  118
160  116
101  80
154  122
146  120
118  114
170  117
135  135
138  142
87  87
122  124
133  107
163  127
145  107
126  98
97  83
126  120
121  109
146  124
110  111
164  126
131  165
149  104
169  111
151  167
145  108
149  106
189  116
168  113
148  100
139  127
143  127
147  115
106  102
142  99
155  117
145  124
149  111
181  113
86  87
106  98
145  129
142  121
180  116
188  117
112  82
144  131
145  102
139  126
140  98
147  131
133  124
115  104
155  167
126  101
143  118
130  110
125  99
108  109
156  154
138  106
156  156
114  102
138  118
157  125
102  79
163  108
146  107
186  112
103  79
126  116
124  121
130  122
176  115
134  127
165  112
141  102
155  120
144  126
162  119
181  112
172  124
132  130
111  82
180  112
138  121
175  112
126  99
101  76
113  112
117  113
111  101
131  100
140  132
121  115
147  132
149  117
168  110
187  114
163  126
134  100
144  118
161  111
141  127
157  150
155  149
137  106
140  119
179  116
102  84
154  138
115  118
107  107
100  81
106  88
102  85
143  110
151  111
141  129
118  98
145  101
128  101
151  166
138  116
131  127
112  113
177  123
173  122
150  128
139  115
139  143
111  86
163  107
164  125
185  113
138  112
123  100
177  118
149  109
138  101
153  133
98  81
148  101
126  113
134  99
121  103
138  150
106  104
134  106
166  125
79  94
137  100
154  145
134  125
145  122
148  110
158  123
148  108
128  108
153  128
124  108
147  121
171  110
145  105
164  115
166  123
111  105
152  103
142  101
142  106
102  76
183  120
140  100
124  122
173  115
134  131
163  124
178  116
121  99
183  113
168  112
107  106
124  118
178  115
151  132
130  114
107  81
120  114
136  99
126  118
149  128
147  103
139  101
119  117
95  83
143  128
191  117
139  104
153  107
162  110
156  155
142  112
161  110
167  115
123  121
141  111
120  122
149  101
112  85
166  108
100  84
109  97
119  123
133  133
166  115
142  127
91  83
160  109
118  122
134  111
154  114
117  107
142  120
127  100
162  108
106  92
111  106
141  118
113  113
124  101
129  117
158  121
190  118
114  116
154  128
144  111
124  112
118  104
135  137
179  121
178  122
134  135
131  122
116  120
157  131
164  112
130  124
155  107
135  104
151  131
138  146
148  113
131  118
134  132
155  137
155  165
157  154
149  121
153  122
182  118
97  82
165  115
114  99
168  116
113  110
152  133
148  117
146  106
117  115
134  105
125  111
118  107
120  117
155  118
122  113
159  104
150  126
