1465
166  138
127  124
148  115
131  76
113  99
94  105
119  136
112  114
131  117
119  81
154  114
118  98
113  154
91  114
138  99
82  57
148  117
118  123
133  88
145  108
109  97
133  84
169  119
129  99
165  120
128  89
88  82
132  91
123  107
93  101
163  105
131  97
130  79
129  78
103  86
91  123
94  84
100  79
98  107
159  125
137  99
118  118
150  87
103  103
147  94
94  122
137  91
102  89
144  111
158  97
100  84
140  115
137  107
89  71
149  118
88  50
104  110
157  109
130  115
135  93
126  115
161  121
124  114
87  57
148  108
127  151
115  143
117  75
182  140
155  93
121  120
183  138
126  121
97  103
155  107
148  122
149  108
150  113
135  119
166  134
126  107
108  117
127  102
108  114
157  102
142  120
165  131
122  99
136  80
130  96
101  102
130  89
153  98
112  85
165  115
102  103
163  126
105  81
87  80
114  95
150  109
177  129
121  103
121  93
85  81
105  116
146  87
95  83
104  71
159  114
131  110
138  98
134  111
142  112
162  105
149  101
100  81
120  80
113  110
115  82
100  108
142  94
136  96
137  93
105  113
161  111
115  144
169  142
109  117
118  73
113  85
94  70
102  85
143  86
97  75
120  122
129  88
140  105
101  81
91  108
185  136
128  101
123  101
89  57
121  109
114  108
89  77
138  96
105  99
99  98
91  74
148  96
108  109
159  112
139  115
153  107
138  81
133  80
129  76
169  136
93  70
133  87
154  90
118  107
162  126
116  139
122  118
132  82
108  84
98  98
128  136
149  107
132  79
92  122
136  94
160  108
118  114
99  104
120  95
165  133
129  119
122  95
175  134
97  94
135  96
117  84
98  105
93  69
185  144
117  122
123  93
143  110
150  97
155  94
122  76
96  98
128  99
128  135
150  105
173  132
93  98
91  110
111  117
93  68
131  79
117  113
124  79
94  124
175  136
131  93
181  135
162  106
119  88
87  65
162  123
122  109
101  79
164  126
180  136
100  78
133  97
138  84
128  131
120  82
138  83
105  88
99  106
145  89
152  98
130  120
131  92
106  96
107  99
96  79
147  105
141  120
85  76
125  88
121  92
119  122
162  111
143  89
134  104
164  130
146  98
128  80
120  135
123  113
144  94
160  112
172  131
126  93
156  114
112  82
118  129
138  101
120  90
161  113
83  57
116  77
128  104
135  104
138  116
140  100
132  117
127  112
145  122
98  102
100  92
86  53
158  106
165  124
133  115
131  78
129  134
119  117
143  84
127  138
92  111
141  96
109  104
111  100
156  109
140  93
92  79
119  130
181  145
128  133
130  155
125  82
119  127
126  97
165  126
133  116
180  141
116  117
153  100
175  141
115  73
128  86
132  101
113  153
91  65
126  156
101  108
155  120
144  117
120  110
150  104
132  86
147  87
140  89
176  139
154  96
131  88
141  85
97  73
143  91
171  126
158  115
151  110
145  113
98  81
126  98
101  95
100  107
141  111
85  54
92  114
147  114
125  74
143  90
106  104
189  142
93  113
95  100
131  87
114  84
130  83
127  134
127  91
90  116
179  134
147  88
82  61
168  129
141  118
98  103
136  91
127  137
97  98
120  105
175  143
99  78
91  88
137  100
187  143
184  142
90  87
125  93
104  115
139  117
115  149
133  100
172  136
93  125
135  102
119  115
172  140
159  131
177  144
108  107
129  77
143  103
92  76
152  111
130  95
173  127
170  129
148  113
128  110
135  110
153  99
125  76
165  134
146  122
141  90
110  109
140  119
123  92
141  88
102  76
119  120
137  115
86  56
184  140
131  155
162  121
87  54
122  100
132  81
134  88
150  95
112  74
127  96
129  149
129  140
140  120
118  104
183  141
129  136
117  137
152  117
95  105
79  51
84  56
92  78
176  137
176  141
129  102
138  106
93  65
139  83
143  88
122  78
148  97
178  133
92  68
146  106
150  92
164  116
93  118
127  87
127  146
138  87
103  98
120  85
103  107
132  105
117  96
174  134
123  95
177  137
125  121
149  89
95  95
118  125
127  143
145  93
91  83
138  117
116  94
125  91
142  90
122  105
92  103
162  115
107  87
128  141
170  137
99  86
98  85
114  76
90  71
149  106
189  143
90  110
111  105
125  97
144  83
125  111
121  113
104  101
131  154
96  97
121  99
109  95
113  113
142  121
117  115
127  133
91  69
127  98
137  84
92  115
118  136
128  154
115  81
115  142
136  102
120  114
162  117
130  102
98  79
181  142
110  112
124  117
122  112
126  126
105  105
135  81
93  114
108  70
129  142
124  119
103  97
119  129
136  87
95  126
135  87
114  104
126  99
136  93
127  84
134  100
113  78
99  81
115  118
134  105
131  85
100  88
130  97
126  134
127  90
94  92
104  73
142  89
93  100
142  85
111  107
99  109
159  111
161  128
132  85
136  82
142  117
95  84
140  95
100  104
160  131
175  144
142  98
127  155
135  103
102  96
124  118
140  85
146  111
106  92
159  107
143  82
101  75
173  129
86  72
107  73
122  111
134  87
120  79
95  72
151  119
149  121
88  66
131  96
91  86
126  129
142  100
108  111
96  81
109  157
122  85
90  117
133  77
104  83
134  99
120  127
101  101
159  117
104  100
90  72
118  97
144  98
102  111
137  101
93  108
166  123
94  86
108  87
155  95
123  109
126  128
163  118
93  107
121  77
96  84
86  67
175  139
128  85
99  102
123  97
148  90
137  102
130  109
156  119
102  82
133  78
139  101
152  89
145  84
127  131
102  79
125  116
130  93
163  127
130  111
168  138
99  71
175  140
180  138
168  128
130  114
91  116
110  158
130  98
126  83
164  115
147  104
116  74
133  119
133  154
92  110
115  148
110  111
139  97
126  116
144  88
134  96
140  117
138  88
130  110
103  111
177  143
95  102
147  115
120  75
114  75
94  100
75  52
117  81
97  106
120  126
127  82
93  95
108  97
182  133
140  118
129  84
124  101
179  130
139  93
141  89
124  157
114  154
112  97
165  113
145  105
120  107
90  62
93  103
134  118
96  75
127  139
106  88
180  139
138  118
130  87
174  143
160  104
134  102
132  87
131  81
107  113
94  125
163  108
134  84
116  140
123  98
93  105
149  111
189  141
167  140
163  107
144  121
155  98
114  99
101  105
117  98
145  99
132  88
127  116
108  116
146  86
115  119
143  118
119  133
177  130
125  77
90  79
94  104
126  103
131  95
112  113
147  119
133  81
97  104
163  112
119  92
94  107
121  116
130  86
164  111
91  122
125  81
146  85
133  106
165  112
113  115
102  105
145  83
123  82
94  94
114  149
165  130
92  118
150  114
151  112
92  112
148  104
119  118
129  115
142  88
167  115
109  77
126  117
118  127
155  126
133  103
139  102
127  76
163  124
113  101
117  135
105  75
133  86
149  103
158  99
164  121
167  128
151  111
108  157
174  144
122  75
141  105
176  144
138  110
89  55
85  63
178  146
123  117
98  91
125  124
159  103
149  88
104  72
153  101
134  106
81  50
101  76
137  119
135  94
145  96
90  119
118  100
98  95
132  76
168  139
105  157
127  147
133  118
136  81
92  84
121  107
142  84
93  77
123  89
131  109
181  132
84  64
103  109
153  106
96  80
148  110
102  109
136  117
93  96
162  119
153  103
154  122
108  112
160  109
126  101
134  116
120  129
117  107
137  103
102  112
100  102
126  90
113  89
118  126
145  102
126  125
163  121
123  121
126  100
182  144
112  80
116  112
150  117
169  125
107  117
139  81
159  128
126  142
149  124
147  103
156  104
142  95
124  115
105  74
159  127
141  102
126  120
115  150
121  81
128  84
93  71
100  98
100  100
91  121
190  140
100  99
120  123
128  90
86  63
129  127
136  89
93  123
123  118
83  59
82  53
103  79
108  100
177  133
181  137
139  84
135  78
120  99
90  76
84  49
108  98
168  124
142  116
92  67
135  84
186  143
173  141
134  90
162  112
122  108
174  127
109  71
151  88
126  133
92  116
109  93
99  85
141  94
163  117
102  84
110  105
136  99
128  145
90  77
93  124
143  83
92  95
150  118
158  98
119  79
160  134
128  76
111  86
127  148
141  92
126  79
86  55
146  120
185  141
105  111
181  134
127  140
92  119
116  76
121  111
138  90
114  151
152  103
102  93
182  139
116  80
157  125
89  72
174  146
145  107
127  121
104  78
167  131
116  82
182  143
115  85
166  139
167  133
97  102
121  95
158  121
121  85
129  153
158  128
173  145
149  117
133  90
106  114
149  87
138  91
99  101
130  92
96  78
134  119
112  111
134  89
103  110
139  104
109  113
158  123
89  83
116  103
119  125
118  122
72  55
132  90
174  131
171  141
152  123
124  122
147  102
162  110
99  96
117  139
102  94
171  133
152  110
184  137
174  128
165  132
106  84
148  99
92  117
136  88
166  125
111  79
105  97
89  51
126  131
90  120
100  109
131  84
127  152
139  90
142  103
135  83
126  143
148  101
147  121
131  91
181  131
79  52
96  73
111  109
103  93
140  101
153  122
146  102
146  104
150  100
127  81
171  138
90  85
134  110
121  94
94  102
123  78
115  84
144  97
124  77
118  109
93  119
123  94
124  90
167  130
100  101
86  81
134  80
105  108
122  87
109  86
134  120
105  107
124  121
182  141
159  104
133  113
170  140
90  52
166  124
98  89
128  92
160  116
121  82
93  102
185  137
165  123
86  70
111  101
120  109
131  106
111  106
159  130
171  127
114  116
167  119
150  120
101  98
98  108
139  89
97  88
176  140
125  99
103  106
75  55
177  139
179  129
104  90
98  101
144  96
110  96
92  107
145  95
120  78
82  50
163  120
90  65
119  72
127  100
106  95
140  97
117  89
164  107
155  121
136  112
137  83
104  106
140  87
173  140
164  132
151  120
128  113
119  123
171  135
131  119
128  108
123  104
170  127
99  105
148  86
121  91
143  121
138  105
176  145
151  103
93  109
126  113
120  121
131  100
125  156
121  98
142  106
138  112
162  129
129  87
114  89
128  77
124  94
118  80
136  86
167  134
151  123
141  103
126  124
128  78
111  90
115  74
172  135
126  135
142  99
155  117
117  77
91  113
114  102
126  158
144  118
124  80
97  82
164  110
173  142
128  134
83  61
89  76
177  140
127  80
122  94
164  117
129  105
167  127
113  112
124  120
172  144
103  157
99  83
120  119
136  119
161  131
113  94
140  114
128  153
136  115
130  153
169  134
99  107
132  100
91  115
137  80
129  83
142  87
146  107
91  85
132  98
147  92
126  119
134  83
157  103
139  82
108  96
127  101
112  105
161  105
187  140
121  79
93  126
113  150
92  120
147  101
120  106
119  87
129  81
164  125
128  157
107  81
122  117
103  76
99  108
156  102
123  80
152  126
143  98
98  106
163  111
128  127
132  84
131  118
133  101
111  77
130  77
106  111
187  142
124  112
127  130
177  142
175  132
115  96
91  64
156  108
138  82
122  98
135  111
153  104
102  100
117  118
122  86
84  54
109  84
123  100
186  140
146  97
123  115
134  94
118  90
130  78
127  79
130  76
106  98
133  93
124  103
171  134
132  112
115  77
143  94
109  72
85  67
122  81
112  154
135  89
175  127
165  136
172  137
116  120
102  107
118  110
150  106
87  51
148  100
128  126
115  72
149  104
101  80
91  82
117  144
186  138
126  94
155  104
117  106
120  101
103  156
119  128
107  106
97  83
136  79
141  86
94  120
130  94
129  120
139  98
117  136
127  132
187  139
124  84
153  123
126  84
132  103
120  91
108  103
113  103
126  118
127  75
161  110
147  113
171  142
132  115
74  55
137  95
124  108
131  77
124  106
134  97
119  89
104  113
128  107
110  114
159  132
168  134
180  144
125  122
127  117
78  53
164  112
104  111
99  77
186  139
127  145
114  103
162  116
85  51
122  80
105  112
188  142
125  103
85  60
130  119
173  137
138  86
112  151
129  95
174  140
90  83
110  70
121  106
88  64
171  132
155  111
180  143
129  80
92  106
107  75
179  139
166  136
94  95
124  96
150  98
115  146
95  103
103  113
172  124
129  122
93  86
95  80
133  107
170  132
96  88
165  109
94  77
152  96
114  118
94  123
172  133
99  100
113  81
140  111
143  87
114  72
127  129
162  108
89  65
124  78
140  102
116  83
155  118
146  115
134  107
125  131
128  123
148  94
136  118
161  122
185  142
149  109
129  106
134  82
179  142
136  116
106  107
166  115
101  106
101  88
144  122
96  70
129  82
161  118
181  139
107  116
107  96
126  157
129  156
138  85
179  146
133  83
106  105
101  104
97  97
73  55
107  115
121  115
115  104
147  85
150  116
142  91
182  134
156  95
106  102
127  123
142  108
139  100
116  115
107  107
86  74
100  97
122  115
106  75
152  108
148  95
143  93
123  105
89  56
122  113
96  93
160  123
94  106
96  87
190  142
129  117
97  81
134  109
142  101
138  94
147  96
144  101
88  87
149  97
127  104
128  94
113  114
129  96
137  106
129  79
145  101
163  135
126  82
164  109
109  102
174  130
108  104
135  90
85  70
122  74
120  117
183  143
163  132
125  80
140  98
149  96
111  71
180  146
132  109
104  114
143  97
111  82
145  94
