1037
142  121
118  118
108  118
133  122
94  120
138  106
121  116
165  105
137  102
80  125
120  139
138  122
149  118
92  116
156  104
149  132
132  115
123  141
150  98
164  107
154  96
111  139
185  83
149  101
156  119
126  134
117  135
154  136
157  156
95  131
127  124
108  127
158  98
160  108
125  121
127  138
167  110
160  96
101  124
156  109
171  99
89  123
143  98
121  115
138  101
139  133
126  118
168  106
116  125
138  135
95  122
150  114
98  122
145  124
105  129
131  106
179  88
167  92
125  124
92  122
74  127
161  110
118  129
75  127
135  104
145  136
151  132
119  137
150  105
152  96
118  122
122  118
107  120
108  126
119  128
154  128
163  107
129  134
116  120
153  123
86  120
116  124
130  123
170  89
124  112
120  138
140  119
97  118
145  134
122  113
76  127
127  137
156  138
166  106
142  138
85  128
140  136
105  119
123  107
103  125
175  87
128  141
103  134
129  140
164  112
124  132
89  118
164  104
116  140
95  115
132  131
163  94
71  130
105  116
92  117
128  113
124  117
147  101
142  117
122  108
176  88
137  124
156  157
127  123
134  135
93  123
183  83
135  161
119  130
159  97
120  135
166  108
110  135
126  135
173  90
137  121
184  83
159  93
77  128
96  115
169  99
88  122
161  97
147  131
122  111
144  139
182  86
139  138
150  116
151  127
97  121
159  112
125  131
164  106
162  106
101  116
131  119
161  105
146  102
149  104
124  114
152  133
93  119
155  126
92  120
127  133
134  104
109  138
141  131
117  134
140  114
113  134
109  131
121  113
155  118
97  115
122  124
164  109
107  122
114  130
114  133
184  82
86  126
142  112
137  119
141  120
145  108
174  95
143  131
116  117
162  108
130  164
69  131
114  134
147  121
123  118
142  98
113  115
163  112
162  99
172  95
144  118
123  113
133  116
88  115
106  119
119  129
122  140
128  108
160  112
127  131
143  121
162  98
87  117
126  126
127  130
136  117
136  141
131  127
142  133
182  88
164  98
130  133
131  165
156  155
140  151
124  139
134  125
90  131
161  99
127  132
88  117
83  128
130  121
133  100
140  135
103  118
158  115
156  136
129  122
146  120
90  117
102  129
156  114
126  119
153  133
148  104
89  127
133  118
134  116
87  118
127  140
151  133
118  123
133  115
101  117
144  131
149  97
167  111
114  116
183  88
149  127
142  144
148  122
134  110
98  119
164  111
147  114
106  122
162  111
107  117
176  91
112  124
151  111
141  105
135  111
184  84
120  127
143  148
117  122
132  161
86  119
131  109
151  123
137  103
97  129
163  111
96  119
145  99
149  135
152  117
171  100
135  136
134  111
154  122
87  124
137  115
140  131
108  125
121  140
104  120
142  125
99  116
146  127
84  123
174  89
124  134
101  119
130  111
124  135
87  130
121  135
129  119
112  139
132  163
130  134
118  126
120  110
134  123
155  150
132  125
146  126
155  104
149  107
117  115
158  106
114  121
119  122
152  110
111  117
109  126
156  156
111  123
124  130
146  130
161  101
149  108
110  120
129  127
124  118
136  137
126  128
69  129
144  133
150  104
150  133
138  156
166  97
185  80
148  110
133  138
166  91
136  112
125  111
144  122
132  112
94  130
113  129
142  100
106  121
108  128
153  99
86  117
130  142
90  125
156  108
181  87
136  122
127  116
144  137
122  112
117  129
132  141
168  97
94  131
152  126
109  120
132  130
133  106
168  105
99  124
150  118
140  115
128  135
94  116
121  120
141  146
153  122
118  114
147  113
136  102
157  102
124  122
139  140
101  125
112  131
140  147
104  129
168  95
141  118
153  107
136  99
110  132
181  88
140  138
123  121
157  109
94  124
140  100
128  134
148  115
143  128
178  86
146  106
134  164
91  123
143  126
135  102
105  136
127  134
171  102
174  94
135  162
119  123
112  120
167  90
128  136
100  117
130  109
119  133
155  95
96  120
148  134
151  120
94  118
117  113
102  133
167  102
120  121
126  124
144  117
162  112
148  131
163  95
88  119
152  123
137  122
146  98
121  137
137  134
83  124
132  123
137  100
138  140
131  124
159  107
142  129
135  119
120  129
104  118
150  126
138  125
140  117
90  120
140  127
84  122
96  124
105  127
159  104
148  100
149  111
169  93
92  128
147  124
157  125
149  96
134  120
137  154
132  165
153  98
151  129
90  116
144  121
147  119
172  91
186  80
155  98
155  137
149  106
87  128
131  122
123  126
122  141
134  132
133  135
135  137
133  163
99  131
154  114
136  134
179  89
128  123
110  124
155  117
146  124
167  106
137  101
130  128
168  89
173  93
122  109
93  124
168  91
160  100
130  124
171  96
124  131
151  135
122  128
121  122
128  126
133  101
133  142
156  95
149  109
171  101
100  118
144  134
145  122
146  128
163  105
95  126
155  111
153  100
147  132
137  99
162  96
118  127
128  110
146  111
169  102
123  109
120  140
162  105
117  130
134  100
94  125
171  90
152  127
93  126
120  141
150  117
181  83
134  136
148  99
136  158
142  139
148  113
150  113
138  133
129  117
149  103
115  122
120  126
133  136
142  99
141  122
153  104
126  129
137  107
114  118
151  112
125  122
139  117
153  103
139  127
93  125
135  124
164  93
106  130
124  141
141  133
144  126
141  139
119  120
119  136
179  87
116  127
165  108
136  119
112  136
128  131
145  131
142  120
129  115
102  125
152  103
177  85
159  114
159  111
124  119
93  128
131  121
160  109
127  129
142  101
100  122
87  123
142  108
155  107
145  129
141  151
171  88
76  129
132  103
130  110
126  131
115  118
124  120
181  86
174  90
128  107
134  109
137  106
163  99
120  109
117  137
126  113
143  118
148  97
97  119
168  110
99  129
165  112
129  105
99  126
139  153
98  131
93  114
161  118
139  100
169  89
101  114
170  104
177  91
147  130
108  120
133  124
136  115
88  114
69  130
147  102
170  92
119  117
159  103
127  121
157  103
121  123
160  116
163  98
136  136
160  99
130  120
116  115
109  121
148  101
92  119
123  138
98  115
91  116
148  108
94  122
162  110
156  102
76  128
141  127
142  142
167  105
146  136
116  128
150  109
118  136
152  128
132  117
166  93
125  116
174  87
110  125
129  120
120  117
162  102
168  103
185  84
96  116
138  118
110  119
145  113
170  100
162  115
175  93
142  140
158  97
128  133
140  98
120  119
142  127
95  119
177  89
179  85
138  116
150  97
162  117
147  103
117  118
155  121
121  125
165  109
138  99
107  125
115  119
131  128
177  90
131  117
127  112
174  92
130  115
169  107
133  129
104  116
113  132
155  149
158  123
148  117
122  133
132  101
159  94
140  148
92  118
113  139
138  139
115  126
133  113
145  105
149  128
147  115
151  131
127  139
106  118
169  105
164  102
174  93
124  129
140  122
143  127
136  116
116  139
155  136
124  128
123  142
158  99
166  111
174  91
149  133
104  115
151  119
121  136
138  105
145  107
156  154
143  122
138  132
160  104
166  105
141  129
134  121
126  117
180  85
87  120
163  108
155  131
134  107
134  102
134  139
141  149
175  94
119  125
86  128
162  116
153  128
85  120
150  120
124  108
119  127
123  115
133  103
130  119
145  125
133  107
119  138
165  101
87  122
165  93
81  125
121  124
177  88
146  122
118  125
141  103
124  121
103  135
172  88
155  144
143  144
91  114
142  103
108  135
126  121
103  133
129  106
116  133
142  116
133  133
158  121
141  102
132  105
145  132
173  91
110  133
126  116
184  86
153  106
145  101
183  87
122  117
153  101
146  134
80  127
94  114
143  110
113  133
164  110
114  138
168  107
166  100
111  124
126  125
153  129
127  117
123  117
116  132
173  88
151  103
159  117
135  135
161  93
167  94
111  127
104  122
138  121
116  137
91  122
140  111
91  121
130  125
107  121
161  111
129  136
163  103
83  126
139  115
138  137
149  124
134  119
126  142
170  105
144  101
156  150
113  130
140  120
149  121
91  115
162  95
96  117
172  93
134  133
155  120
153  134
167  91
137  137
136  163
140  132
104  121
92  114
95  120
124  125
98  129
146  107
120  114
166  104
138  155
134  106
122  123
125  141
82  127
167  107
121  111
98  116
163  90
129  142
126  115
99  119
90  130
146  104
71  128
131  162
122  126
112  133
117  139
169  106
180  88
110  137
94  119
143  140
134  127
138  117
134  131
135  110
120  122
132  160
130  131
185  85
144  127
99  125
126  120
149  117
98  118
130  122
171  98
109  124
171  91
146  125
164  91
105  123
124  106
123  131
168  94
121  132
152  111
172  94
136  159
93  118
139  126
119  115
103  124
154  135
138  110
175  86
132  124
114  122
101  115
123  124
122  115
140  101
117  136
101  123
139  102
100  127
139  104
90  119
180  87
104  123
130  114
102  130
126  133
121  139
117  131
121  109
158  96
133  132
162  101
89  120
124  115
150  128
133  141
146  115
142  106
120  123
138  112
147  104
134  118
145  102
97  123
131  118
155  158
178  88
139  101
101  122
152  108
150  100
126  107
144  98
182  84
140  118
147  105
156  159
151  110
133  119
141  121
136  118
161  113
141  111
94  115
148  96
173  97
92  115
144  111
131  110
132  109
94  129
134  105
112  125
103  117
169  95
139  152
170  99
150  106
94  123
119  118
152  98
140  102
142  124
143  103
96  128
128  127
140  105
167  101
135  103
