866
146  127
81  94
83  79
87  87
151  129
100  117
98  102
126  113
98  98
177  143
156  136
84  99
85  107
175  148
121  120
89  133
84  101
82  102
131  122
91  114
116  124
148  131
176  141
136  119
153  133
87  105
172  137
151  131
98  105
141  129
124  118
178  152
122  124
92  110
181  146
96  117
90  110
89  91
101  101
109  117
109  121
93  102
133  122
123  113
101  124
114  108
112  113
76  83
86  104
99  106
95  105
158  138
111  100
84  95
82  106
170  144
88  97
87  96
105  108
140  131
90  94
121  107
93  105
130  122
83  99
96  115
95  120
93  96
111  101
92  133
124  112
77  75
124  108
85  104
86  109
91  103
121  106
172  140
127  124
109  124
121  122
178  146
167  148
88  110
103  110
79  94
126  125
124  114
126  124
99  109
82  78
107  122
159  133
167  140
90  106
173  145
107  120
108  118
179  153
119  125
180  148
101  105
138  121
104  115
92  117
110  119
187  145
118  125
163  140
182  148
159  135
188  147
180  144
118  104
109  104
96  108
107  99
94  106
79  97
84  94
84  102
96  97
177  140
131  118
132  123
187  146
116  115
166  139
88  99
147  130
80  80
126  120
97  98
99  124
91  94
114  103
120  123
144  126
120  119
148  139
93  103
97  121
170  146
98  111
105  141
100  104
99  96
102  141
189  147
180  150
182  146
94  130
92  118
170  137
147  132
145  136
150  133
173  141
151  137
171  142
172  149
128  110
71  78
148  137
94  116
142  133
157  139
165  142
85  102
139  126
111  124
109  120
91  95
188  150
107  115
103  98
84  81
105  118
116  103
134  116
117  113
80  94
120  107
78  76
158  135
87  114
79  78
113  112
91  105
110  124
185  147
108  104
85  101
100  102
186  148
121  109
98  109
132  112
126  121
151  140
141  131
94  111
154  136
171  138
82  109
100  122
171  141
90  99
79  74
157  136
159  132
122  109
75  80
100  111
146  130
160  143
127  121
108  103
176  150
163  142
131  121
105  119
122  105
108  111
124  115
92  116
179  152
80  81
119  123
92  107
118  118
93  109
124  120
88  82
130  114
85  91
124  117
101  125
102  112
115  104
94  113
142  127
122  111
175  140
170  149
188  146
138  122
155  134
180  152
91  93
78  81
75  75
108  135
176  151
87  103
83  98
93  118
82  107
98  129
100  118
120  121
97  118
122  112
126  116
97  111
71  79
131  124
87  80
136  122
110  125
134  127
103  109
131  119
144  137
176  152
154  135
151  141
93  119
93  114
129  120
84  111
85  108
141  127
137  119
150  140
89  110
101  104
179  142
95  102
109  113
159  140
144  134
90  117
123  121
101  108
89  104
144  127
184  150
106  119
88  87
130  120
122  113
109  102
102  125
93  101
84  108
160  141
160  134
106  114
105  111
83  110
80  77
91  113
104  121
177  139
99  98
94  104
94  115
105  116
94  131
175  153
152  133
93  98
100  127
148  138
147  131
90  108
101  119
102  107
150  128
173  149
119  120
95  113
121  111
126  107
76  81
102  105
157  134
100  98
104  106
169  136
129  119
101  115
181  145
161  144
82  74
87  97
104  101
172  146
177  144
97  103
104  111
169  147
79  98
104  123
124  121
121  124
78  84
104  113
114  118
175  144
95  108
130  121
133  115
117  122
87  101
99  125
103  140
134  118
118  107
146  126
87  109
110  120
108  116
98  103
98  113
92  114
104  118
101  123
84  80
178  147
125  116
87  92
81  98
101  114
144  131
107  113
91  100
98  95
93  108
100  112
169  142
130  125
88  90
95  95
119  115
74  75
168  138
130  111
176  144
177  151
146  128
115  119
78  79
145  134
95  106
116  125
123  107
185  144
169  149
111  106
128  113
118  114
173  151
151  135
89  106
155  140
111  109
107  107
108  107
122  118
86  101
133  116
172  144
120  110
84  104
94  119
169  143
142  125
88  89
97  106
139  127
87  89
169  150
141  133
92  111
96  98
123  124
127  112
121  116
111  107
157  137
98  122
101  116
108  112
136  118
123  118
132  124
82  104
118  122
173  140
129  115
156  135
107  116
94  120
101  106
159  145
124  125
99  102
176  140
176  149
93  95
86  81
120  117
103  118
174  148
178  148
84  110
166  144
83  105
86  111
113  115
117  106
85  112
126  115
87  111
145  129
87  95
162  145
87  106
105  105
129  122
116  117
120  106
98  101
187  148
153  138
95  111
134  119
95  112
133  124
117  118
127  116
171  146
137  121
182  144
174  140
145  131
170  140
83  106
147  138
120  105
80  97
105  107
98  107
123  117
82  97
133  119
146  136
106  102
87  102
106  107
96  119
72  77
158  142
119  122
105  123
161  146
97  102
95  103
117  107
100  100
83  96
87  112
97  104
122  108
96  120
175  141
110  114
155  131
183  147
169  145
150  137
166  136
74  78
98  118
168  142
90  103
158  144
91  115
164  144
134  120
176  139
186  146
97  112
104  120
120  122
132  117
95  100
85  99
87  104
172  151
102  109
92  112
81  83
126  119
129  117
99  101
123  115
103  97
177  149
106  122
110  132
157  138
164  143
148  134
170  145
83  78
104  100
173  142
166  141
102  111
180  141
153  134
149  128
98  116
100  99
155  133
88  100
113  110
171  149
110  111
83  93
97  119
88  115
180  149
166  149
133  118
125  111
114  116
103  111
173  152
144  133
83  76
111  123
91  110
121  113
85  81
125  124
145  132
99  116
91  99
114  102
119  117
135  119
103  106
79  100
143  126
98  106
120  114
122  123
114  104
80  91
125  122
132  125
128  123
106  121
182  149
101  122
139  133
118  109
107  121
124  122
84  92
119  118
88  114
83  74
94  95
94  112
175  151
121  123
106  104
101  112
175  139
87  115
106  105
134  123
114  122
103  117
112  105
143  131
174  143
122  115
111  105
104  114
186  143
184  151
181  142
151  133
124  119
81  93
148  136
91  106
86  106
173  150
76  74
113  101
140  127
115  118
134  125
107  117
187  147
137  124
94  118
146  134
108  125
71  77
142  129
162  142
114  121
111  117
84  106
92  106
78  87
94  102
95  107
106  118
107  106
97  109
149  135
94  100
96  111
99  104
112  120
183  152
88  102
89  101
80  95
87  99
101  117
91  108
158  137
101  102
99  113
151  132
92  103
155  137
94  94
101  98
168  139
100  108
168  147
130  124
75  81
174  149
103  125
188  149
180  153
112  114
92  115
103  124
138  125
88  94
108  114
89  105
165  143
118  123
91  116
106  111
156  138
104  116
127  123
94  114
177  142
183  143
174  146
118  110
140  132
96  116
104  122
99  110
105  99
97  107
154  133
182  143
149  136
98  115
126  117
185  146
102  103
117  115
85  96
113  103
86  87
110  109
180  143
105  113
168  146
100  107
100  97
157  133
149  137
94  107
182  152
85  84
138  132
125  121
104  110
98  119
93  107
99  119
160  135
99  107
149  138
175  152
163  138
131  117
121  115
115  122
135  124
110  112
95  119
143  127
98  108
168  148
163  135
90  102
94  105
154  138
163  144
179  146
88  112
108  109
93  113
179  151
108  100
121  125
82  81
105  112
113  114
160  140
91  92
86  103
99  100
130  123
90  131
102  100
130  119
112  124
123  109
93  100
181  147
183  151
162  147
113  113
99  105
85  76
126  118
185  148
175  143
85  87
100  109
110  105
151  139
122  117
149  132
137  122
166  138
112  111
156  132
111  127
176  145
149  133
155  136
108  120
108  117
99  108
99  129
83  75
180  146
103  103
103  113
97  97
177  153
154  132
116  112
95  115
73  77
89  94
162  137
90  116
116  120
120  109
134  121
86  102
112  125
180  147
165  136
130  115
143  128
184  146
97  129
106  98
171  150
142  124
81  104
127  117
132  115
174  144
97  115
157  131
100  101
84  87
92  95
103  107
181  148
