1236
142  120
133  103
141  92
106  104
104  101
149  121
163  108
141  96
130  122
174  99
149  108
146  120
159  93
182  108
132  130
154  96
139  115
137  95
184  102
139  98
134  127
111  106
169  111
114  89
165  101
183  104
112  111
113  67
164  102
147  104
103  64
158  98
143  88
102  71
145  102
148  115
133  90
157  102
173  108
120  107
138  88
160  108
127  117
148  95
186  105
107  62
122  118
98  91
149  96
125  91
118  97
134  94
132  87
133  93
147  92
122  78
120  79
183  110
109  95
125  121
138  83
153  106
127  101
126  119
123  154
123  156
140  111
141  85
122  115
183  106
185  106
105  107
116  115
164  112
119  87
130  95
134  96
116  120
143  98
140  95
97  81
128  107
96  84
104  78
100  88
118  156
108  64
173  106
107  63
108  103
137  103
147  94
159  117
129  119
152  103
128  101
131  95
136  117
155  95
170  100
134  109
126  84
140  119
137  119
118  114
137  84
116  70
128  104
107  73
160  104
134  105
147  113
101  75
144  94
131  85
181  105
131  106
116  83
102  65
125  155
135  93
156  114
115  72
110  111
115  70
150  106
121  111
164  107
144  121
136  87
96  78
137  99
130  121
110  70
120  90
113  114
148  90
125  81
102  60
147  88
145  95
131  119
98  98
165  105
151  103
141  90
182  103
170  104
149  97
104  58
136  88
103  76
112  105
147  102
133  100
104  83
121  156
148  113
172  105
134  123
94  86
101  106
103  110
102  76
122  80
131  124
122  117
101  81
100  53
141  111
163  111
162  105
131  84
143  110
115  73
126  116
147  101
144  96
106  107
123  115
133  142
112  114
114  76
119  115
107  99
101  68
97  94
95  80
102  57
114  95
129  88
163  94
130  98
175  109
138  82
103  57
108  98
160  109
135  104
129  156
150  113
112  59
132  98
123  92
179  106
165  113
142  106
95  59
127  96
137  93
147  119
138  112
158  97
139  102
122  85
124  80
112  67
176  101
126  100
139  100
124  94
95  60
97  82
102  94
127  123
163  103
120  122
140  120
97  83
124  118
146  98
122  87
162  108
93  65
143  93
120  119
143  103
132  112
124  122
111  105
128  108
100  97
137  100
126  117
100  60
102  70
123  80
103  106
164  109
118  104
178  108
109  97
133  135
105  60
166  111
171  99
156  104
131  81
91  65
126  115
104  100
133  80
109  113
99  101
111  107
152  117
129  83
169  105
153  100
129  80
106  98
98  55
178  102
178  100
107  81
98  103
126  98
136  86
104  64
143  89
120  110
147  115
123  95
111  82
133  81
159  114
179  108
161  110
99  83
107  113
144  117
113  103
130  123
107  68
126  97
123  118
110  112
128  158
121  122
122  94
130  83
127  79
130  86
153  101
151  112
106  84
133  136
133  83
137  124
138  91
128  99
170  99
125  99
166  97
145  93
110  58
128  123
169  99
106  102
133  107
179  104
99  86
139  101
98  95
142  94
143  94
148  101
142  85
106  53
149  111
140  97
123  158
156  102
121  99
123  82
123  100
99  81
137  121
114  104
129  87
150  105
101  95
104  73
109  93
185  108
116  82
138  118
138  86
130  93
135  81
171  111
169  110
124  108
108  109
134  104
108  111
100  98
102  93
148  104
123  97
139  97
132  88
99  61
129  99
104  72
130  128
97  65
124  157
85  70
119  159
103  107
138  105
141  105
101  105
126  94
142  88
134  116
102  79
130  153
134  99
101  88
155  117
169  106
130  114
124  101
156  92
131  100
113  85
127  91
147  105
104  106
82  68
146  97
98  79
123  94
138  94
126  120
154  114
136  118
132  105
133  132
120  101
131  92
138  125
127  102
152  89
125  116
133  88
120  106
137  106
164  104
105  64
115  63
100  101
174  110
101  64
123  89
132  82
140  101
126  79
136  89
167  107
134  80
104  66
171  100
125  80
119  120
124  84
143  90
163  105
103  63
126  101
107  87
149  118
151  110
135  119
145  107
106  63
146  115
98  66
142  95
133  138
132  91
105  97
100  81
150  116
163  99
148  108
139  83
123  157
147  103
153  98
111  86
122  99
112  80
127  82
123  93
141  88
160  112
157  103
121  91
171  101
165  109
166  106
141  122
99  85
121  115
109  71
102  96
117  106
136  82
187  110
132  141
100  99
140  98
128  90
100  59
112  64
115  77
107  75
142  100
147  114
143  84
117  113
124  114
155  107
96  80
120  80
109  104
156  95
143  121
131  87
147  121
144  101
158  115
124  119
132  81
119  79
126  82
173  97
180  101
103  103
126  99
181  108
134  84
137  107
138  110
163  98
109  65
121  92
127  81
114  99
130  155
115  104
109  54
125  156
133  141
133  87
174  101
129  81
176  106
106  105
159  94
110  63
84  68
115  81
115  119
161  111
123  121
111  71
139  84
140  102
109  102
99  69
146  86
134  133
100  92
134  110
100  104
150  92
129  106
186  107
132  131
176  102
133  113
128  80
119  117
162  110
136  119
133  124
135  89
123  107
101  101
150  118
129  82
100  102
152  98
112  113
137  102
134  157
151  111
135  94
131  97
116  80
186  108
79  74
133  133
166  108
108  114
138  90
168  106
96  56
135  103
136  93
123  105
131  118
178  107
100  79
170  110
131  110
161  97
118  118
142  112
184  105
141  94
120  91
121  85
125  93
95  83
140  118
127  121
126  157
159  103
137  83
158  106
111  55
137  122
121  98
108  107
132  86
120  121
121  106
142  98
130  92
114  63
124  78
165  112
144  88
140  93
104  71
106  68
128  94
131  96
139  117
115  69
164  111
139  104
128  110
124  106
138  87
136  112
132  147
120  78
140  100
133  129
114  84
75  75
120  109
181  107
99  96
105  65
149  117
109  84
112  85
159  107
138  84
126  103
113  115
132  151
100  78
97  98
126  90
109  55
96  93
108  100
175  108
109  72
148  97
97  97
149  88
116  67
128  157
131  155
118  80
162  106
130  149
105  108
138  116
130  96
138  98
122  100
102  107
114  66
125  111
99  100
168  97
112  82
174  105
149  103
153  103
120  85
114  103
101  76
111  60
150  95
133  101
102  84
144  98
98  89
155  104
146  106
124  112
76  74
117  81
150  97
120  105
145  108
152  111
121  81
177  105
134  88
126  124
131  127
162  112
134  125
132  100
115  84
102  105
121  103
134  121
136  91
121  120
105  105
102  100
168  107
162  96
97  88
149  107
138  85
114  118
170  111
134  119
128  84
143  87
98  63
143  118
130  115
123  104
99  65
130  97
147  87
113  99
144  111
95  62
137  115
132  125
116  77
121  93
136  115
120  114
108  65
96  65
98  85
102  103
103  109
146  102
102  85
116  103
155  98
131  88
118  100
132  115
108  84
141  89
109  77
187  109
106  56
116  74
132  101
105  99
134  102
73  73
115  82
132  145
145  101
168  110
155  94
129  105
181  110
133  118
96  88
107  107
119  155
135  96
71  75
108  96
111  101
121  109
134  106
134  87
126  107
119  118
123  101
150  104
110  96
160  99
119  92
132  123
115  74
182  107
161  105
155  111
155  118
108  70
149  106
160  96
113  78
100  84
140  85
134  90
172  107
108  55
125  122
145  89
127  84
132  85
127  80
121  95
179  110
97  59
133  115
103  93
138  99
119  89
140  89
143  91
125  103
106  75
167  111
113  113
161  101
159  112
134  100
163  112
127  98
124  154
117  77
130  89
107  96
132  117
106  96
111  90
117  107
117  115
105  74
135  87
146  107
113  112
173  110
160  100
158  96
143  122
126  113
134  118
112  97
127  100
126  93
133  97
101  104
117  118
101  80
123  117
141  103
100  68
130  109
112  66
122  95
103  79
94  84
109  58
131  117
108  112
100  66
140  114
104  90
161  113
139  90
132  124
103  98
129  117
176  108
162  95
110  105
142  99
116  112
124  90
96  87
120  117
128  85
169  102
171  98
96  79
142  103
153  99
122  158
102  82
173  109
178  106
122  108
179  107
92  67
99  104
138  122
111  100
131  122
124  77
112  74
135  102
135  84
167  101
89  65
171  107
130  111
125  82
113  110
130  102
166  100
142  108
127  90
73  75
99  98
159  104
111  77
112  57
117  155
145  105
124  120
111  65
132  90
120  159
118  107
134  83
125  88
128  113
108  104
114  102
118  109
125  97
126  156
184  103
176  107
180  110
130  120
122  109
99  64
163  95
172  108
122  81
114  116
101  102
168  105
76  72
72  75
75  74
99  71
116  117
113  94
141  102
131  150
133  106
165  108
131  158
149  89
102  66
122  86
138  117
136  102
129  102
136  116
162  101
167  106
95  56
110  109
101  53
134  120
108  97
144  118
124  115
99  78
111  58
132  103
126  83
100  100
96  81
154  90
120  82
118  90
180  108
148  100
128  86
122  155
131  121
116  76
121  157
128  89
141  120
132  109
113  62
142  117
95  84
90  65
121  94
129  120
101  70
105  111
135  111
152  96
150  120
167  102
142  116
163  107
175  101
120  95
142  101
106  88
148  99
167  110
117  75
142  121
162  98
132  84
113  89
115  118
134  97
178  109
140  105
148  94
122  98
185  103
105  88
124  117
123  109
157  109
180  109
151  119
153  107
141  118
170  108
129  95
141  86
159  111
110  68
105  53
145  113
129  79
134  89
105  58
149  104
126  121
105  75
110  114
159  97
171  102
162  102
162  115
151  88
162  111
111  79
131  154
138  96
99  77
129  115
86  67
122  105
135  90
117  96
112  68
130  125
133  116
133  122
167  105
148  96
120  99
167  113
149  101
156  109
111  117
149  109
156  108
100  69
109  86
118  155
127  155
124  79
130  94
152  108
145  96
150  98
166  105
141  121
127  116
164  98
117  84
116  69
139  93
97  75
134  82
118  98
117  98
115  96
126  158
136  94
148  110
119  81
150  117
107  59
139  89
114  72
158  99
133  119
107  106
168  112
181  101
140  122
101  98
134  111
122  111
146  111
180  104
109  59
121  107
171  110
131  109
111  67
142  91
105  81
135  124
140  117
123  113
101  79
114  70
145  94
127  87
121  113
91  64
81  69
136  99
147  96
124  96
144  97
99  102
136  81
182  104
113  81
106  92
135  110
98  62
110  66
130  119
138  101
142  89
142  87
152  110
134  107
140  87
113  101
171  109
103  86
129  96
145  99
108  62
164  106
85  67
140  115
112  70
184  109
108  87
121  82
162  99
136  96
111  109
182  105
123  98
121  116
98  81
161  99
105  66
174  100
70  76
104  110
126  118
122  112
121  77
116  94
150  100
143  97
98  101
131  128
122  113
94  66
98  102
155  93
125  77
74  75
118  159
148  117
186  110
127  112
137  91
123  78
124  121
130  87
127  124
150  109
135  83
115  85
166  104
150  114
103  67
100  55
131  93
131  91
106  111
142  84
137  101
136  122
183  101
117  89
133  86
119  88
128  92
169  107
170  105
98  58
103  97
153  104
88  66
138  121
86  70
118  110
134  132
114  108
168  103
130  124
129  122
121  79
102  89
146  104
142  90
138  106
129  84
130  110
124  158
106  95
133  84
143  86
164  110
124  103
114  75
184  110
99  70
146  87
121  159
127  104
97  58
173  105
