1307
89  168
137  103
140  98
121  125
168  94
135  111
147  105
77  181
105  148
81  165
134  99
134  111
138  118
102  160
142  116
132  101
144  94
82  164
88  170
158  87
82  148
89  163
121  113
146  115
70  170
151  111
143  126
128  131
120  117
108  140
101  164
124  154
129  119
135  119
83  161
118  147
72  173
97  163
145  101
103  133
117  137
121  116
90  165
101  162
122  123
124  131
172  91
119  122
122  113
155  95
134  164
127  104
150  98
136  158
150  116
138  163
116  132
124  141
128  154
69  171
138  105
140  163
97  156
84  169
131  124
152  103
140  127
119  127
116  133
74  178
83  176
159  87
80  154
115  151
132  109
116  139
92  150
75  172
159  104
127  101
143  90
102  141
170  89
81  160
84  162
109  138
73  162
153  98
161  99
126  119
116  127
174  87
142  95
134  104
98  166
155  87
153  107
144  122
153  103
131  117
154  96
81  168
155  88
138  112
130  123
170  92
134  105
120  151
138  98
141  120
149  118
131  155
133  152
70  184
132  161
74  166
178  88
133  103
83  150
105  161
118  136
154  90
64  174
70  174
92  161
127  143
169  93
91  158
78  160
138  117
124  134
162  95
138  106
149  103
160  100
70  190
134  136
77  159
120  126
151  86
105  141
127  116
124  118
85  158
105  146
70  176
132  163
153  84
133  101
134  121
133  116
126  116
68  174
131  122
163  85
101  143
132  165
114  134
133  115
117  118
142  90
66  167
134  166
163  88
127  138
126  156
135  135
128  141
162  90
133  124
128  126
86  162
163  83
167  92
97  162
97  147
79  154
120  122
155  98
142  129
117  131
101  123
109  154
102  129
135  162
128  145
137  124
144  117
147  88
74  169
91  145
82  149
90  153
118  126
151  110
134  102
88  165
87  171
73  178
142  127
126  143
133  133
130  121
80  171
134  94
119  118
78  157
114  122
151  88
81  172
101  163
130  153
109  153
123  148
108  146
124  112
120  140
82  176
91  148
123  142
81  169
81  170
138  94
70  168
150  117
167  90
103  124
109  126
110  125
119  117
118  148
114  133
103  135
165  89
162  85
147  102
80  145
149  97
168  95
132  151
74  171
131  106
119  136
149  107
98  140
83  148
174  89
136  118
133  97
161  93
165  93
97  140
70  181
157  102
76  166
106  130
149  101
76  181
119  129
152  108
162  86
101  157
137  101
90  170
127  145
153  99
135  166
146  106
85  165
82  168
149  88
146  104
94  152
147  115
118  122
132  112
75  151
149  104
96  144
136  94
166  88
106  143
66  185
111  145
135  102
163  94
129  122
116  128
122  133
167  94
102  130
115  149
139  117
144  118
69  177
137  106
79  171
64  178
86  145
122  115
121  135
110  135
134  107
125  131
108  138
161  83
143  94
143  97
112  136
93  156
72  167
168  89
116  148
79  175
153  104
159  85
96  149
71  175
77  164
169  88
76  158
148  104
128  107
111  139
123  118
131  159
74  170
103  145
77  163
121  136
133  138
129  142
128  104
65  192
123  131
116  125
84  168
139  127
77  161
155  93
125  111
78  174
71  171
152  89
126  124
130  124
147  96
84  148
77  174
141  118
99  126
135  161
83  171
105  129
119  143
107  146
135  103
139  163
128  161
81  175
142  112
129  105
71  181
128  110
90  148
128  160
142  117
105  144
103  157
131  110
95  161
76  168
143  127
158  83
136  112
73  167
133  151
127  151
144  111
150  105
140  120
145  89
73  160
96  165
153  100
134  165
134  100
67  182
133  100
134  127
126  148
92  164
67  186
140  132
65  171
64  185
117  144
72  169
146  98
69  185
141  129
112  133
145  113
123  117
142  108
123  138
138  121
105  143
127  112
139  101
155  104
129  140
142  125
138  165
114  130
169  83
134  116
139  102
113  153
126  126
140  117
104  121
93  166
78  173
155  94
65  186
140  161
134  109
124  119
163  87
124  149
117  122
157  103
147  103
135  136
158  97
132  105
71  172
84  156
135  96
130  133
122  149
140  131
103  136
127  132
99  161
124  139
78  175
81  157
93  149
99  129
105  136
147  114
68  178
112  146
119  123
136  96
121  144
141  127
77  168
115  122
126  118
87  158
121  115
163  99
161  84
114  121
134  135
85  168
126  135
134  123
137  107
91  162
77  169
82  172
132  98
102  143
117  136
131  118
105  157
90  160
85  147
85  160
152  88
117  151
92  166
79  148
108  145
101  140
173  91
83  173
126  117
101  156
96  153
99  154
147  119
115  126
132  100
129  117
109  131
142  106
89  158
81  166
88  151
90  151
99  157
67  179
79  176
145  107
161  88
149  96
134  132
84  151
83  157
123  124
130  164
107  147
146  97
98  160
66  165
121  122
126  131
120  135
129  153
76  169
139  126
115  150
137  122
87  162
119  128
84  163
95  167
114  149
131  165
66  188
93  153
130  96
119  120
140  118
115  152
72  170
142  94
128  157
79  145
99  141
151  103
128  127
136  102
69  176
78  164
81  156
117  129
145  99
89  153
134  125
92  144
146  122
67  189
101  125
148  117
101  160
162  96
140  115
144  98
101  122
71  170
130  149
101  153
163  90
142  124
100  137
78  172
99  144
118  144
65  177
117  134
86  161
136  117
71  184
79  160
124  129
155  90
127  129
125  116
69  166
140  105
66  189
137  119
73  185
67  172
109  157
136  159
78  177
125  122
123  149
122  126
143  121
124  144
117  130
100  122
131  154
148  108
130  109
131  121
147  101
149  89
96  142
107  159
137  95
112  131
113  134
162  99
122  146
78  178
137  166
94  162
148  95
80  163
136  134
142  120
152  85
73  169
86  171
140  100
92  169
120  119
130  128
164  93
85  144
95  153
142  103
90  154
93  157
120  141
130  155
142  99
124  120
171  91
136  116
107  125
96  145
118  127
158  89
102  155
135  110
70  166
104  123
73  182
98  143
116  120
103  151
124  135
125  155
160  96
122  118
103  153
128  133
156  95
130  102
112  139
134  96
110  154
71  176
92  163
116  153
148  90
133  118
74  156
119  138
105  137
131  127
84  158
68  185
117  135
76  163
174  91
133  119
170  88
166  83
94  155
146  102
72  179
104  122
110  137
81  164
139  161
86  156
128  158
104  129
72  172
143  93
122  128
92  165
159  93
135  124
127  102
103  140
160  99
136  99
80  176
103  163
65  187
143  128
163  95
74  175
66  164
117  147
99  162
116  124
98  155
171  90
153  106
148  97
97  146
140  93
99  139
103  125
163  84
68  167
127  124
109  139
87  161
87  155
131  162
129  127
124  145
133  132
79  178
156  92
147  113
143  118
129  102
123  126
69  172
120  145
125  121
99  140
79  168
85  143
128  153
81  178
137  134
96  161
70  189
103  156
144  96
129  99
122  140
138  96
108  135
145  96
145  105
121  120
128  135
141  96
118  118
73  175
109  124
75  163
96  158
115  148
93  158
96  152
138  156
134  106
133  135
114  142
136  136
91  165
127  123
134  120
68  179
94  154
111  123
139  97
156  102
113  139
169  89
95  152
150  114
158  98
119  137
158  96
128  108
98  142
96  156
127  133
138  116
77  177
112  140
138  101
127  134
136  93
85  162
81  158
133  106
121  124
127  148
132  131
80  173
73  159
138  110
110  132
77  170
126  113
119  145
138  122
122  150
89  167
69  188
169  86
119  144
137  115
119  146
132  124
150  92
146  111
150  106
88  162
67  165
122  141
137  93
94  146
77  173
104  143
78  167
71  187
141  122
130  122
126  120
141  102
127  121
87  164
148  96
172  82
135  104
82  157
166  91
142  101
148  100
64  191
133  163
80  174
161  101
66  176
126  134
100  142
150  95
141  111
78  170
128  136
115  146
163  82
114  138
112  125
152  96
117  139
119  152
87  168
99  125
82  175
161  89
127  130
127  137
72  185
134  97
76  173
155  107
65  169
124  125
167  88
150  97
128  113
90  163
121  139
147  104
100  147
145  93
71  162
139  104
122  117
104  137
132  125
75  169
102  145
130  98
124  132
168  83
134  152
139  93
130  131
133  148
140  101
139  165
103  134
101  146
89  147
131  96
137  121
77  176
141  103
95  156
76  179
120  146
176  88
131  150
161  91
141  162
146  107
140  102
175  83
130  97
88  159
94  165
136  119
130  110
106  159
87  163
105  127
131  97
134  118
113  150
87  170
140  159
126  128
112  154
129  156
147  94
149  111
128  101
90  144
145  94
159  90
163  98
130  114
132  103
127  160
164  91
84  167
171  88
91  143
130  111
83  160
116  137
84  172
89  170
151  112
110  150
123  153
136  122
164  98
119  133
103  155
134  157
120  123
100  127
67  173
125  150
149  87
156  104
140  119
128  123
73  172
90  167
101  152
152  87
103  149
114  154
82  170
149  109
129  160
167  85
118  123
126  115
69  165
114  141
142  100
95  159
71  160
124  128
70  191
148  94
133  149
88  171
129  106
160  88
87  147
78  176
145  95
132  130
159  103
78  171
133  113
86  144
158  88
150  113
124  121
95  162
97  121
131  128
124  146
158  91
134  150
124  151
104  136
127  139
70  163
145  108
94  150
142  91
88  150
109  151
98  154
164  86
125  156
126  129
144  97
127  117
126  133
79  174
125  141
108  126
120  139
120  127
132  117
99  146
145  122
127  152
129  149
160  91
120  129
98  144
124  130
86  158
139  100
133  107
130  120
93  167
127  140
136  115
121  137
77  180
141  121
137  99
82  144
94  167
162  87
131  158
141  105
112  147
127  147
148  101
111  146
116  140
86  169
95  165
128  134
126  121
114  151
143  91
108  127
131  119
96  146
124  122
135  165
92  168
168  84
150  100
111  124
131  109
149  108
87  144
124  114
152  110
87  153
113  129
123  115
167  91
144  121
118  125
119  125
64  195
141  92
84  160
88  147
93  163
126  157
148  110
115  142
166  89
146  120
143  122
134  133
107  158
77  158
149  106
89  169
153  101
129  134
98  139
173  83
140  95
90  149
71  180
140  111
139  98
148  113
141  94
168  91
87  166
133  129
134  119
173  88
95  144
123  121
156  87
124  152
108  128
80  147
106  139
137  102
122  124
71  167
118  129
149  117
85  153
148  99
148  115
99  165
134  110
105  123
110  144
175  87
140  122
126  158
113  132
159  94
120  138
122  143
133  136
138  132
99  149
76  175
138  133
70  183
152  98
95  150
112  151
86  154
159  97
121  132
93  140
67  187
73  154
157  91
131  160
110  133
100  136
138  99
133  122
116  150
133  154
123  141
85  161
127  155
109  155
145  102
132  115
78  179
132  123
84  152
158  99
72  163
99  124
140  97
130  115
177  82
124  115
159  91
139  115
102  125
142  121
108  139
143  110
171  83
108  157
110  124
129  136
97  154
72  162
77  171
143  98
119  130
157  87
108  158
142  98
172  88
82  177
162  89
101  124
96  155
121  123
115  144
93  152
129  120
84  164
150  109
127  131
126  125
68  182
70  162
97  159
126  107
115  143
102  162
111  142
126  142
127  146
108  155
83  144
76  178
110  147
63  174
83  172
136  163
162  98
70  192
120  121
177  88
83  156
165  81
113  154
121  140
132  160
152  111
73  179
110  148
126  159
70  180
143  103
77  172
89  154
68  169
98  122
161  97
135  94
102  133
86  147
138  125
98  162
67  167
113  130
85  173
139  158
75  181
64  179
68  168
84  155
130  134
147  92
128  163
82  167
140  114
96  148
160  89
74  157
62  188
98  152
84  174
78  154
129  115
150  104
71  186
92  154
74  172
64  181
166  93
147  87
110  140
123  113
174  92
65  166
112  124
144  101
130  125
131  100
97  123
73  168
137  100
150  87
113  133
106  155
130  119
102  152
70  171
111  127
129  159
121  151
125  124
165  88
71  166
80  170
80  152
69  179
134  131
76  165
89  152
