1111
181  131
122  65
184  142
101  79
127  101
104  64
174  113
141  89
127  98
191  130
107  63
125  93
138  87
169  106
134  90
86  63
110  119
78  64
194  133
118  69
174  115
120  75
138  96
85  63
172  121
126  90
134  87
128  92
97  68
128  107
146  104
109  120
162  111
150  97
163  121
105  75
170  112
140  78
188  137
116  83
141  81
109  77
128  94
174  119
147  87
117  67
142  90
169  113
168  107
95  69
107  121
143  93
136  94
115  85
110  120
120  95
186  123
173  129
118  114
149  84
139  98
181  126
132  86
106  122
126  79
138  98
114  84
149  104
104  78
123  109
144  75
149  88
188  133
130  95
115  63
178  119
119  92
135  89
163  107
130  92
137  84
125  88
122  85
186  127
148  94
109  86
128  84
174  134
149  103
140  101
123  78
125  76
111  65
130  96
122  75
133  76
132  66
124  64
116  117
121  69
128  89
139  97
138  81
155  107
134  100
122  86
109  65
130  98
151  103
93  61
130  76
141  73
135  68
117  63
116  112
159  104
131  97
134  88
143  79
169  119
118  90
173  113
97  73
91  65
173  121
132  87
135  96
174  112
164  112
175  127
135  94
168  113
147  83
103  57
162  117
176  137
139  102
180  141
160  108
168  116
123  72
107  81
143  81
112  82
143  97
145  89
145  94
117  115
175  123
183  133
142  79
133  81
114  116
156  109
129  96
127  62
182  126
105  123
178  117
150  106
152  89
167  111
169  125
127  87
102  76
192  134
126  99
179  130
97  59
153  84
125  97
164  121
103  124
125  82
181  134
178  122
159  112
117  81
155  93
96  56
179  116
180  129
124  103
170  129
126  74
136  87
105  81
138  72
98  63
144  76
175  112
82  66
101  80
144  88
121  113
187  139
112  68
133  70
137  100
135  72
148  81
161  101
128  78
134  71
133  68
168  114
135  81
133  83
187  134
94  131
131  76
147  96
95  59
105  66
162  116
129  77
95  62
143  77
133  69
129  73
132  84
169  107
147  80
124  90
151  84
132  91
162  115
165  120
146  78
126  63
148  78
142  99
101  75
117  66
106  75
120  101
100  59
122  87
184  133
156  79
179  121
121  71
116  94
127  81
125  91
187  140
121  94
186  140
163  118
155  111
191  129
115  96
140  98
93  71
168  110
107  59
129  82
123  82
133  87
159  114
136  86
161  111
105  58
110  63
142  103
139  81
104  83
118  73
121  103
87  65
152  88
169  110
166  105
136  88
150  81
164  111
125  71
102  70
190  129
136  79
129  79
145  84
107  62
160  100
88  64
103  64
173  112
136  76
134  80
134  96
153  100
114  72
125  99
137  91
124  71
191  132
96  65
135  77
101  125
161  110
145  75
147  102
149  87
140  93
99  61
172  108
133  86
137  102
146  97
115  118
175  118
142  94
124  80
156  92
145  99
153  106
94  66
120  79
116  69
133  88
128  73
120  114
90  71
121  81
144  98
149  101
153  99
122  111
138  99
108  84
122  74
149  97
152  85
159  107
165  123
115  73
177  137
188  126
176  116
133  77
123  107
156  102
160  99
133  101
154  96
146  98
151  86
102  79
188  136
121  93
140  100
127  67
184  137
126  93
134  82
179  122
131  79
183  120
119  60
140  97
187  133
140  87
113  94
122  109
105  64
113  89
140  95
148  86
150  100
113  85
130  79
121  85
139  90
129  63
151  88
141  92
142  80
131  85
130  77
145  102
157  103
156  80
164  109
138  83
161  75
107  87
106  63
136  82
131  78
128  108
120  61
89  65
185  141
162  102
122  94
112  74
190  134
126  82
111  79
168  112
117  75
155  80
131  91
140  85
142  101
139  77
98  129
163  112
185  133
109  84
138  69
110  70
104  73
95  56
136  78
88  66
145  78
177  130
107  73
106  88
148  85
105  65
129  105
167  113
186  138
132  65
116  67
123  104
120  82
120  90
134  75
139  74
126  103
133  97
131  95
123  101
132  90
194  134
118  110
153  83
176  123
178  116
180  117
136  70
136  80
178  115
117  77
136  81
104  66
99  69
100  78
141  94
175  116
148  99
124  62
145  93
104  71
143  82
163  120
164  110
131  66
111  60
146  85
152  108
179  117
150  92
164  102
171  127
165  105
152  103
124  84
93  70
121  92
156  108
121  109
104  58
128  80
141  88
129  84
179  128
178  114
116  77
117  70
130  89
135  69
193  132
124  67
166  115
121  91
177  118
138  86
149  96
97  65
122  95
123  66
139  82
136  75
130  70
127  72
108  120
124  70
141  102
166  104
134  94
131  87
142  100
121  95
143  94
161  118
144  82
159  111
177  133
130  71
122  100
137  99
140  102
90  62
137  77
136  89
103  67
116  115
111  82
175  114
127  102
148  96
150  84
173  115
180  138
170  127
134  99
124  101
84  64
156  95
117  113
137  95
136  74
146  83
132  76
140  71
139  100
128  71
124  78
116  76
148  97
111  77
173  109
153  107
145  81
181  132
137  78
145  95
190  136
105  74
98  66
138  79
149  85
123  92
147  103
172  118
175  121
162  108
188  127
98  55
123  95
99  65
188  142
107  122
169  111
131  100
142  84
120  109
122  112
99  77
130  74
144  97
123  97
139  93
136  91
137  72
139  72
130  83
114  76
149  89
142  85
177  123
112  85
177  122
127  79
131  75
179  119
148  90
107  68
164  107
115  74
102  82
103  79
129  88
97  75
126  94
175  122
113  67
106  84
140  74
143  90
169  116
115  82
182  141
152  87
102  71
167  115
136  102
166  111
119  79
139  80
129  99
173  110
182  130
150  87
171  114
184  140
143  91
124  73
114  89
175  134
129  95
155  95
139  83
95  72
177  124
193  138
113  78
143  83
96  73
119  87
159  97
160  96
148  80
170  117
186  135
148  100
158  106
143  87
141  86
130  97
129  68
159  103
101  76
93  69
138  77
160  112
138  101
134  83
179  129
161  105
182  134
190  140
158  98
175  117
132  82
143  98
140  77
123  89
142  77
145  101
133  74
105  60
120  78
97  69
128  101
146  81
120  85
134  97
135  78
110  68
116  82
162  99
111  90
126  84
176  115
148  101
143  86
120  68
123  94
141  90
117  84
100  69
130  94
162  119
124  60
132  69
134  102
100  66
118  97
132  98
122  78
155  104
126  83
157  109
140  76
182  139
168  124
122  71
164  104
134  69
147  94
107  75
142  87
137  80
167  110
179  139
93  60
132  100
127  69
162  112
177  129
119  64
124  77
119  81
132  81
126  97
112  66
132  73
99  64
193  131
164  117
114  63
181  130
167  105
146  87
139  101
127  96
164  106
132  101
127  68
139  84
130  86
108  65
191  136
129  78
95  131
165  108
127  76
166  124
145  96
144  78
114  70
186  128
154  90
92  133
181  123
132  75
161  99
135  73
129  87
128  90
125  103
112  70
99  70
128  64
164  116
165  112
171  109
102  66
132  85
174  127
150  98
108  62
160  104
133  90
122  98
132  74
193  136
129  69
90  65
146  80
165  113
181  127
167  107
103  63
172  112
167  106
174  128
138  85
135  75
156  82
101  64
127  100
165  115
140  75
171  111
135  93
112  80
122  108
138  94
115  77
126  107
127  75
111  71
121  79
153  104
130  78
142  89
123  105
166  108
162  110
100  55
131  71
148  79
101  68
193  134
124  96
110  66
148  104
180  136
117  96
188  128
131  64
130  72
145  83
155  98
135  102
139  79
160  109
124  79
171  126
188  125
185  142
120  99
132  88
116  74
96  75
128  86
186  134
163  108
125  77
126  100
125  81
114  95
112  67
127  84
129  83
135  71
100  68
121  99
147  105
91  64
108  70
118  109
187  127
121  98
143  103
125  74
147  101
129  76
130  93
170  108
121  111
160  116
158  96
117  89
123  80
102  65
153  103
152  98
142  91
136  96
186  125
140  79
155  82
173  122
147  92
123  98
144  77
137  71
156  104
130  87
171  110
141  96
151  82
132  79
158  97
92  67
136  68
144  101
185  137
174  131
131  96
166  123
115  70
164  115
109  71
127  91
104  72
133  84
122  80
181  142
128  85
135  70
161  97
158  115
175  132
172  131
103  125
155  90
113  81
144  83
122  70
85  67
147  88
129  80
131  77
175  136
192  133
138  75
124  106
156  81
115  84
135  84
142  95
109  72
104  123
102  57
114  118
138  82
143  88
155  94
127  80
181  135
142  78
133  72
115  69
168  106
124  108
122  105
108  87
157  102
150  105
123  100
172  122
115  81
143  89
95  60
114  66
103  76
162  105
111  86
96  70
135  87
138  76
86  67
120  110
181  137
130  102
144  94
127  90
189  127
100  127
129  74
180  139
115  72
135  83
185  136
106  68
128  70
133  93
121  77
157  80
141  103
128  99
102  60
135  90
97  129
125  72
189  135
112  64
98  58
98  62
81  65
161  113
120  80
188  131
150  95
181  139
126  101
150  104
91  69
111  67
191  137
123  93
126  98
182  133
121  72
138  91
182  140
141  79
125  80
173  132
101  70
133  100
173  127
142  98
186  124
129  106
178  118
139  76
129  102
119  89
153  101
182  123
134  89
119  88
167  119
120  91
181  128
127  104
116  80
162  106
162  101
163  105
163  111
187  142
122  76
121  66
119  67
119  72
137  93
122  81
127  82
163  99
179  134
97  58
131  88
133  80
131  74
141  85
121  82
178  133
134  72
131  84
146  86
113  62
93  68
148  95
147  85
122  99
172  124
141  78
94  130
165  109
183  125
181  124
138  88
136  93
166  106
152  96
190  130
109  121
158  99
143  80
137  101
92  57
140  89
124  94
133  78
102  125
170  110
142  88
99  71
114  75
120  71
128  76
134  84
129  81
127  74
93  65
116  70
136  69
128  104
183  138
146  102
119  115
117  118
134  73
128  77
147  104
163  103
92  68
100  60
147  77
179  124
144  96
168  105
131  93
137  83
174  130
131  92
163  117
108  64
143  84
131  81
136  99
183  141
133  73
138  90
153  98
139  89
186  139
118  80
138  84
94  70
170  111
