1604
126  121
177  79
94  95
94  125
156  79
112  111
142  90
97  103
171  88
98  95
164  70
150  104
97  109
156  149
76  120
131  95
170  81
124  108
135  78
161  88
175  86
150  147
74  121
131  109
147  101
101  122
132  88
107  121
98  116
137  106
108  114
137  91
138  86
147  130
142  120
133  100
108  117
94  129
93  128
128  94
148  157
93  101
94  112
95  100
123  109
155  93
139  82
137  84
169  89
136  112
95  115
93  125
117  113
151  132
180  77
134  97
142  121
151  81
164  79
148  78
171  86
137  83
156  75
88  115
122  98
141  73
163  78
114  99
132  85
159  80
93  118
151  135
139  101
132  100
151  152
158  75
79  115
94  104
87  118
141  131
86  109
133  107
90  117
87  103
97  123
103  103
140  132
149  132
96  108
86  104
162  90
138  106
121  111
120  91
90  125
152  143
144  77
114  104
150  92
149  136
107  107
83  128
171  80
174  76
149  135
147  87
139  89
128  108
90  102
176  74
84  112
94  105
107  120
158  99
104  101
141  122
140  127
86  106
153  150
125  103
143  140
129  96
140  78
138  101
134  83
153  103
98  108
165  82
181  70
121  122
168  91
126  118
137  99
87  128
182  82
120  95
142  116
82  123
138  99
154  147
95  113
87  117
142  85
114  103
76  119
104  120
153  78
155  87
83  135
148  139
147  151
107  113
159  87
168  89
131  93
99  105
145  74
145  122
134  89
137  100
145  125
155  95
137  103
147  144
141  102
156  76
158  87
149  142
100  101
95  111
115  122
135  83
72  125
183  76
71  127
99  101
150  71
124  119
126  93
82  111
94  119
130  96
101  108
114  108
147  105
134  119
88  102
105  112
103  111
124  96
99  125
93  114
146  97
138  90
148  75
124  101
118  118
111  105
105  111
135  124
116  94
159  151
125  88
109  97
96  97
129  117
100  108
86  102
109  104
150  97
84  123
143  144
98  111
106  105
78  112
125  116
166  89
143  87
138  135
149  103
146  122
94  116
129  87
161  84
148  94
97  111
131  106
174  84
105  97
80  134
150  98
151  141
146  136
177  82
88  114
136  87
126  100
124  122
140  117
140  79
93  124
120  101
114  122
127  112
130  94
135  90
142  91
98  129
83  110
117  106
133  115
158  144
91  121
133  88
129  106
146  124
145  108
141  118
109  124
136  122
160  149
148  80
146  83
138  77
78  120
139  127
128  90
141  86
102  96
150  140
125  97
104  113
128  99
122  100
123  89
139  117
97  121
141  96
145  105
112  120
184  70
85  104
74  118
115  118
155  80
120  119
138  85
176  69
77  118
120  106
164  73
101  102
154  71
92  107
112  125
93  98
128  101
95  126
137  121
78  125
117  107
86  128
130  97
174  85
155  149
176  83
104  110
99  126
147  102
167  72
122  118
162  72
109  95
120  114
117  89
141  92
140  115
123  100
136  82
135  119
143  103
130  115
99  107
118  107
97  115
162  78
99  106
94  102
130  92
159  69
151  131
148  143
173  83
133  129
122  85
143  121
151  75
157  145
120  117
164  86
86  116
148  146
147  88
167  70
132  87
80  121
90  119
144  118
158  88
111  107
103  98
136  88
87  112
120  122
148  99
133  87
157  148
103  113
106  95
78  122
108  103
134  87
145  78
171  83
150  74
142  144
101  104
143  71
144  78
152  145
115  96
98  98
143  80
92  114
158  98
172  82
142  127
127  102
108  111
147  124
130  120
85  112
96  115
143  82
158  147
91  122
154  90
149  89
138  88
104  123
145  96
149  97
126  107
105  116
123  92
126  98
97  119
152  75
93  126
122  86
92  128
150  87
149  155
136  91
141  139
148  81
146  145
148  95
148  90
145  93
153  84
169  70
83  130
145  146
139  83
107  115
150  106
83  116
144  127
181  76
167  79
94  114
155  150
146  98
155  77
102  105
142  139
158  89
154  146
164  67
101  114
142  77
120  85
100  111
73  123
121  107
95  122
124  117
148  153
149  101
96  124
89  110
137  102
158  149
91  106
175  80
129  120
134  107
87  111
149  149
150  137
135  104
84  108
83  122
76  129
143  118
85  118
140  105
175  83
138  83
85  116
159  94
135  87
137  101
150  154
155  78
156  92
151  140
79  114
101  98
88  122
98  102
74  135
136  79
136  93
140  141
102  107
83  126
158  83
148  131
127  100
101  125
140  95
180  85
93  96
131  110
132  123
140  77
152  98
77  136
116  103
144  101
96  119
93  119
71  128
132  103
105  113
131  122
158  148
166  83
145  73
165  74
104  118
139  98
131  121
138  91
147  77
141  105
131  91
134  118
180  78
84  113
84  111
90  108
161  83
155  76
157  70
147  152
140  119
138  132
143  97
126  119
98  106
142  70
93  107
154  138
131  88
121  99
147  104
87  109
112  114
127  91
143  88
141  144
80  127
88  117
126  99
127  96
81  115
120  110
106  121
156  82
138  81
160  69
153  83
139  100
140  138
103  117
143  86
108  116
158  151
81  120
134  105
82  121
134  109
132  101
127  98
139  115
111  123
153  98
145  141
151  84
165  77
94  120
143  77
140  71
99  109
120  107
126  115
150  95
147  96
162  85
145  89
146  87
92  103
105  108
146  81
72  133
79  131
149  106
120  123
134  88
129  115
126  97
76  135
144  134
153  75
120  99
171  76
95  95
90  103
154  80
87  124
146  144
92  111
110  109
167  71
175  87
160  75
136  102
108  112
94  123
138  105
106  107
82  109
139  81
142  124
123  115
148  104
160  89
138  98
101  123
132  109
106  122
158  82
146  130
143  91
140  102
110  119
141  71
168  84
155  88
143  110
157  87
148  74
96  117
88  100
157  76
134  80
162  70
170  86
169  86
158  152
141  127
126  101
99  113
143  81
117  118
161  89
147  103
85  113
157  149
115  119
87  120
145  83
156  150
73  131
139  133
163  83
140  122
175  84
121  113
124  118
78  136
110  124
160  81
141  85
158  150
84  106
132  86
170  85
84  122
150  100
121  85
131  100
122  99
133  124
111  106
136  115
134  100
152  85
148  73
175  72
128  92
147  69
101  112
133  90
141  79
94  124
142  125
149  133
153  148
138  116
88  119
107  99
130  86
154  148
121  92
149  137
149  158
141  133
87  106
145  102
128  107
85  128
117  122
123  93
102  103
135  102
148  136
139  79
156  81
147  72
142  129
163  94
139  90
106  111
105  99
87  114
119  122
107  122
73  121
128  89
149  71
124  103
122  111
180  76
161  91
173  77
159  93
132  90
146  125
73  130
178  86
95  108
129  119
141  88
143  93
147  147
106  119
84  118
137  80
165  89
115  104
169  67
121  109
92  120
150  144
90  130
123  113
100  99
135  84
118  104
87  115
104  121
119  123
97  106
152  103
135  81
99  102
86  103
148  108
146  147
136  118
156  102
167  66
88  132
159  90
140  131
114  102
98  101
125  91
130  109
116  115
121  103
140  89
128  113
146  127
124  120
153  76
143  94
126  94
131  119
173  80
159  75
113  101
144  97
144  82
123  98
128  85
137  95
113  99
141  81
179  70
134  116
132  81
122  112
106  102
161  79
123  118
153  151
156  73
104  115
149  87
142  117
182  84
91  113
104  100
153  99
76  123
139  74
130  119
139  102
137  93
147  92
83  132
169  88
118  90
136  86
100  104
136  96
125  121
179  75
127  104
147  138
89  106
161  72
138  112
149  150
86  120
179  85
146  128
167  78
95  103
155  104
124  114
163  85
94  111
151  139
160  91
92  122
123  97
126  117
127  101
143  98
159  150
104  116
103  124
134  131
121  91
140  136
149  138
87  130
135  103
110  105
156  80
79  122
155  144
167  73
75  116
144  131
100  118
74  116
163  82
146  126
89  118
142  80
103  110
109  121
122  113
170  79
111  117
134  82
166  71
124  106
116  120
126  113
141  111
134  99
135  96
138  84
119  115
145  95
134  96
101  116
155  75
86  111
84  110
154  149
173  70
110  96
184  75
142  78
134  125
155  83
116  124
139  76
148  134
146  86
149  104
108  96
134  94
140  114
127  87
74  123
147  131
120  105
183  75
122  105
147  94
153  70
113  112
109  113
141  103
181  81
136  89
105  105
78  114
167  91
97  129
150  153
103  118
149  73
134  123
140  75
151  74
175  81
176  77
131  96
96  128
108  98
158  96
98  119
101  117
170  89
118  122
148  85
131  118
122  94
147  83
172  76
142  88
153  138
91  100
98  105
132  82
78  119
145  132
157  146
139  138
150  72
172  78
133  113
113  113
165  66
167  88
146  71
71  133
121  93
103  106
168  83
99  110
157  80
134  90
119  92
81  124
94  122
147  75
162  87
148  86
119  87
167  85
177  85
104  114
77  115
91  103
142  98
132  125
76  118
144  137
157  150
121  95
184  76
148  101
120  109
80  122
147  139
112  105
157  103
147  146
88  110
93  103
93  100
154  151
130  98
137  115
99  100
174  69
172  74
146  143
81  123
137  107
135  93
140  93
134  127
138  87
174  80
129  105
173  81
93  102
117  98
150  151
143  126
106  96
140  120
142  138
152  88
107  125
102  100
77  135
97  97
77  112
118  123
92  106
144  133
150  80
74  122
91  114
118  109
148  71
106  118
113  103
86  117
182  76
90  110
170  80
142  100
100  100
89  104
182  77
133  97
95  107
143  90
96  98
77  128
121  106
109  117
89  101
101  119
157  151
185  80
132  98
163  68
81  134
145  94
144  94
182  79
136  117
105  107
125  99
113  114
178  77
142  133
159  85
120  90
147  132
149  108
73  122
167  74
111  109
129  99
113  110
96  116
145  150
83  115
148  154
144  111
100  109
144  98
103  97
95  102
159  149
171  69
159  148
108  109
184  79
157  102
159  91
151  143
105  119
133  122
174  87
136  94
82  127
100  97
154  96
100  117
93  105
139  97
122  95
165  81
140  97
87  101
98  103
140  135
85  107
144  71
154  70
166  91
102  125
133  118
79  111
126  90
112  113
145  99
92  117
148  137
165  71
143  127
98  115
145  134
92  112
118  98
77  114
95  112
121  94
142  95
77  126
86  115
130  87
146  85
137  77
141  94
76  116
126  103
163  88
104  111
166  93
151  142
139  104
130  93
134  111
151  82
108  118
79  119
111  124
155  140
127  116
76  128
119  117
117  96
104  106
140  111
95  120
141  121
123  105
138  133
136  119
90  106
119  89
142  89
172  88
97  98
98  122
130  111
109  102
183  80
89  120
146  78
154  144
124  112
163  87
143  131
101  115
164  77
105  123
178  70
180  83
87  102
94  113
82  115
96  111
91  116
150  84
119  118
89  105
70  128
152  152
148  96
114  116
148  97
148  79
153  100
145  84
135  110
100  112
149  88
85  117
83  121
151  78
108  120
107  117
99  119
156  104
144  76
133  86
142  79
142  72
86  130
90  116
158  97
132  117
142  112
137  119
132  112
114  121
81  109
160  88
98  118
127  117
151  86
92  116
145  72
138  125
80  113
142  140
146  72
111  100
89  127
132  115
138  76
145  129
122  109
91  105
177  78
87  122
91  108
93  123
177  80
146  102
117  115
138  117
74  127
112  97
90  131
143  79
133  119
151  133
136  80
149  107
149  84
163  75
147  85
138  96
142  99
116  117
139  84
112  124
103  107
132  84
139  126
116  112
101  105
175  70
145  101
151  149
80  110
142  94
121  116
150  105
134  106
95  105
156  138
98  107
141  120
97  107
85  108
88  112
149  151
181  75
87  123
80  118
117  84
141  129
136  99
162  89
90  99
142  103
110  114
100  98
181  83
165  78
137  122
139  80
110  111
165  88
158  73
133  83
141  89
125  93
142  108
140  98
91  110
121  123
86  119
80  125
129  95
110  125
144  121
81  113
162  86
122  123
152  150
79  112
82  131
99  116
123  94
152  96
93  109
176  81
138  122
104  122
122  108
164  78
143  83
171  74
78  113
94  115
161  75
93  108
132  124
83  113
160  78
151  103
97  112
145  124
153  73
123  117
146  73
159  145
75  123
107  116
119  120
123  104
124  94
129  102
134  102
123  107
120  121
149  85
125  111
153  81
100  102
103  109
140  87
75  127
159  147
134  110
135  89
149  128
118  100
133  103
150  133
123  121
130  110
148  69
118  110
101  106
155  74
152  142
149  96
108  97
82  124
84  117
130  102
131  92
145  107
173  82
170  88
91  123
121  115
124  90
105  118
101  95
179  76
130  89
150  145
157  91
146  80
153  143
155  98
133  116
124  115
76  115
158  91
122  87
121  120
130  95
87  104
148  138
106  98
102  111
155  82
152  133
131  85
118  97
94  106
95  106
123  101
146  107
143  122
91  99
155  94
178  83
166  88
137  78
138  82
163  90
138  94
124  121
148  147
139  93
106  104
108  107
160  96
143  89
153  101
110  120
136  81
143  84
145  81
78  115
142  106
114  95
129  88
127  90
145  147
176  84
139  77
87  105
131  84
160  151
151  88
119  88
89  123
94  107
74  134
133  101
167  90
154  153
100  122
152  89
162  95
144  88
138  79
173  78
134  104
99  104
80  116
92  110
155  153
126  120
152  74
133  81
99  96
151  153
70  126
147  80
144  83
131  117
108  100
110  112
111  101
144  96
94  100
92  119
166  69
173  74
155  90
75  121
167  92
113  94
142  142
138  110
138  121
141  90
140  74
154  145
122  115
159  71
138  118
135  111
148  148
171  81
133  80
92  115
107  96
164  91
128  104
133  84
149  76
131  97
142  87
85  120
145  75
150  81
151  155
121  98
152  87
96  120
99  98
128  86
134  84
95  119
161  93
174  86
90  120
107  106
144  75
123  95
93  113
126  116
85  132
99  108
169  83
146  106
173  76
136  116
163  84
97  118
108  104
108  125
142  84
78  132
100  107
150  152
140  118
169  75
132  91
151  137
143  70
102  112
149  148
152  82
133  93
101  124
132  105
175  71
133  106
134  120
144  139
146  150
140  76
143  128
146  134
137  124
106  114
140  101
141  78
148  158
113  115
122  117
153  104
166  79
147  149
98  113
134  121
144  122
118  114
82  113
181  78
109  120
135  94
91  115
103  125
131  87
168  75
156  87
76  127
149  69
94  118
151  147
97  102
79  118
148  100
97  104
146  104
114  118
81  125
148  141
146  142
182  74
145  136
140  85
144  126
128  110
168  77
159  97
86  126
83  124
80  115
102  109
142  101
98  109
130  114
136  78
92  118
149  127
156  95
145  131
101  101
140  100
99  124
178  84
