1620
143  86
91  121
131  77
114  103
115  85
126  99
151  65
126  93
125  111
100  117
139  127
123  78
107  120
102  103
140  78
157  76
73  122
140  100
150  71
146  83
140  122
80  113
103  113
143  84
150  98
109  93
153  68
100  112
69  118
146  130
146  72
129  117
69  115
143  88
132  75
84  113
111  109
143  103
77  107
154  66
144  82
108  87
75  113
84  102
149  85
67  119
130  98
167  71
149  76
126  83
80  108
138  135
74  117
146  78
82  115
138  88
87  96
94  113
79  112
139  83
88  100
144  126
143  90
129  120
140  132
142  85
141  127
80  104
94  120
83  98
104  120
122  87
148  148
95  113
135  72
130  124
77  115
146  68
89  105
131  117
101  112
141  92
142  69
125  97
92  119
134  105
151  74
136  94
131  87
112  114
146  147
145  147
136  89
121  99
97  112
142  91
142  89
136  112
123  109
144  134
155  67
82  102
134  89
130  111
135  71
104  100
136  87
161  62
75  110
80  116
104  113
77  128
82  113
127  101
148  96
104  116
141  69
113  78
139  126
101  116
112  105
78  125
95  107
83  113
142  127
100  101
107  99
164  64
90  99
151  143
130  79
91  93
98  111
144  77
127  84
171  74
64  123
135  137
143  77
87  122
92  120
100  99
119  89
154  90
103  117
113  89
69  126
160  61
100  107
94  116
152  88
134  120
128  80
140  135
148  138
105  116
135  119
136  99
120  91
130  87
162  72
130  120
71  130
138  137
143  69
178  70
81  120
143  126
134  133
129  105
108  98
142  84
135  84
94  95
127  98
135  124
152  75
94  94
133  129
92  115
101  98
111  105
117  98
131  84
145  93
150  81
97  97
110  105
169  70
132  90
121  107
132  88
86  102
83  121
106  114
143  89
93  113
158  62
75  117
130  93
158  61
141  78
150  144
104  90
131  81
94  111
149  133
143  128
149  142
161  60
109  84
136  79
170  79
146  145
133  87
158  60
159  69
135  78
92  117
133  107
105  108
149  137
97  119
172  78
156  76
90  116
111  101
149  84
96  120
147  130
154  70
95  105
164  78
94  102
113  101
155  88
166  69
100  104
94  46
103  97
117  106
130  94
166  83
74  121
99  108
92  110
143  91
107  117
75  112
159  62
86  106
163  82
101  117
123  113
131  119
159  61
161  65
155  75
134  127
132  73
150  74
97  94
144  97
132  117
155  90
93  102
133  68
147  138
144  88
111  100
162  70
158  75
84  111
106  88
148  99
87  102
97  107
151  147
134  111
84  104
132  84
78  113
129  74
133  74
141  73
99  96
134  107
131  75
91  95
106  102
98  115
146  136
71  123
98  108
144  71
156  67
78  115
145  78
129  99
105  107
112  111
174  68
149  89
99  104
66  121
76  108
162  60
87  115
175  72
102  94
110  96
88  112
137  137
150  147
148  141
137  91
99  116
98  91
118  114
117  96
143  93
84  118
84  95
136  122
105  99
147  88
124  84
70  109
130  92
91  113
139  133
161  63
137  93
88  102
73  114
130  123
95  112
141  146
114  102
135  136
142  103
71  117
108  112
125  80
133  116
75  116
130  95
143  70
84  92
134  100
72  119
138  84
80  118
161  75
165  81
134  97
153  76
145  134
133  103
152  145
135  89
136  70
96  98
139  143
163  83
146  134
124  78
126  116
66  126
169  67
108  104
131  118
121  82
150  72
73  121
111  117
95  115
158  83
149  148
123  101
110  112
142  67
130  77
141  149
158  82
131  122
78  122
129  84
91  99
65  128
154  80
144  127
155  74
135  102
75  111
148  64
85  116
123  89
145  131
78  120
144  131
106  96
138  133
82  121
103  98
151  81
113  115
160  63
159  60
142  87
145  96
141  129
152  85
126  113
64  127
122  111
76  104
126  117
117  84
98  109
171  68
92  122
78  105
106  118
114  99
163  75
103  107
138  87
139  84
142  140
139  93
141  96
138  117
101  101
104  114
145  146
81  107
143  98
78  119
127  79
86  104
129  83
142  72
153  83
142  100
63  121
132  85
130  115
134  136
148  86
140  101
120  107
121  94
131  96
115  82
90  102
91  92
137  78
139  140
146  69
167  66
146  71
137  124
73  104
164  70
141  90
93  108
159  66
99  100
147  132
80  125
89  104
87  104
136  137
110  109
137  95
131  109
130  96
132  130
156  81
132  82
166  64
142  144
120  90
82  111
124  115
122  99
113  85
77  114
128  113
98  89
110  111
130  86
126  115
125  77
154  63
139  138
97  98
141  139
132  112
116  94
85  102
139  90
164  77
173  65
130  76
146  73
128  84
133  88
81  115
148  79
131  92
145  72
133  132
67  120
87  118
71  118
120  95
75  109
171  81
145  94
143  79
123  105
141  102
76  115
136  115
63  119
150  84
93  98
140  87
88  122
149  97
172  64
172  67
154  144
128  107
121  93
176  69
136  117
142  129
135  93
130  78
79  100
138  79
137  83
151  140
148  131
148  143
137  115
77  100
103  111
85  120
155  76
153  84
71  127
138  116
66  117
129  77
129  88
99  107
131  128
87  109
148  146
175  71
91  105
141  71
79  118
130  119
87  105
101  108
93  119
117  115
126  82
136  82
105  105
91  115
136  134
136  81
134  72
92  112
127  96
138  76
132  86
127  117
113  99
134  132
134  96
146  80
160  81
102  100
119  87
151  75
139  77
148  71
82  106
145  102
138  72
103  103
131  121
141  122
106  104
154  145
93  103
140  97
136  78
116  115
170  68
124  96
127  91
88  115
142  95
145  95
74  122
149  136
148  139
65  127
139  80
144  133
145  81
127  75
68  123
138  121
77  112
98  106
128  86
120  109
144  78
88  99
88  90
125  103
161  79
148  81
137  99
84  110
144  137
92  116
142  139
173  77
135  87
155  87
126  107
108  103
141  121
102  89
125  88
140  118
136  80
82  107
74  107
94  107
108  118
142  90
128  123
135  68
142  80
96  119
168  77
158  65
148  94
97  106
78  100
151  137
141  144
109  102
145  66
115  96
109  104
138  140
109  117
130  114
91  94
94  100
130  110
139  76
136  116
103  109
141  103
126  90
76  116
95  120
106  119
107  87
88  97
148  147
96  115
85  101
138  125
123  92
107  106
121  113
106  95
70  106
133  90
149  73
134  121
147  83
111  82
126  84
89  120
132  74
135  111
128  78
147  80
148  74
151  68
137  102
67  115
150  92
137  134
173  76
136  91
132  101
169  64
71  112
136  75
133  101
122  85
87  103
166  79
132  105
139  104
142  77
105  119
121  111
124  108
143  140
137  121
146  128
66  115
110  114
143  144
160  88
132  76
133  118
136  96
134  125
133  100
112  113
142  150
84  122
130  83
122  100
83  115
65  122
139  101
146  86
101  106
95  119
133  106
80  121
114  84
90  110
99  110
73  116
135  94
148  69
149  135
145  101
124  101
95  111
131  95
130  97
121  109
102  96
73  111
140  102
127  116
116  82
125  116
163  64
148  137
91  100
123  80
126  118
143  66
159  67
120  85
135  69
147  75
165  65
149  138
75  123
147  131
71  109
71  113
83  110
91  106
132  81
99  109
119  88
120  99
81  98
67  121
127  104
131  79
74  105
78  111
71  128
138  82
131  76
134  71
148  85
111  106
89  118
173  70
90  106
84  112
137  72
69  123
137  100
121  98
143  82
147  72
141  88
136  88
127  102
107  121
98  95
140  98
152  68
133  86
108  116
128  76
122  80
136  102
91  110
79  105
103  110
132  69
142  70
100  97
134  109
131  127
168  75
135  103
139  100
141  89
135  81
94  115
98  118
89  91
100  102
142  98
134  90
135  66
141  120
98  107
150  137
79  115
76  106
85  117
152  82
93  109
165  78
163  68
156  87
92  103
84  99
99  105
138  81
139  102
108  96
128  92
136  74
131  71
86  116
152  89
140  148
134  118
133  113
146  98
108  107
89  94
70  122
68  127
130  89
126  94
139  82
147  69
142  94
93  100
100  100
109  95
112  82
144  94
176  74
148  95
117  113
142  99
95  106
76  128
143  68
119  92
133  80
133  69
132  131
140  71
143  131
120  105
83  106
143  94
118  80
147  77
90  119
95  108
94  114
129  96
91  123
117  107
135  104
143  127
134  135
85  113
136  69
103  106
133  84
93  105
134  80
133  133
131  106
104  118
123  107
156  66
159  65
78  112
93  118
116  80
96  116
86  101
89  110
173  74
129  95
146  144
138  96
153  75
123  100
102  112
148  75
133  76
66  127
150  140
141  85
140  93
134  102
89  123
135  75
85  104
136  119
72  114
129  115
150  80
153  70
142  125
146  142
141  94
150  95
151  86
140  70
84  101
94  112
148  97
113  110
138  101
135  73
87  106
128  90
130  72
91  108
129  81
150  145
152  142
126  79
136  86
148  78
122  81
120  106
68  113
108  97
133  119
106  98
173  78
121  106
85  96
122  105
90  94
129  106
65  126
163  84
165  74
147  87
87  123
123  97
151  141
95  103
104  110
133  73
142  88
139  74
143  148
170  81
130  71
160  78
116  83
138  68
112  85
96  108
62  119
130  109
129  87
120  101
165  77
151  84
88  94
161  84
70  131
136  76
133  124
167  78
85  118
76  118
94  106
172  74
141  86
84  94
149  71
86  120
106  111
91  114
145  141
176  77
80  122
76  113
106  105
68  125
134  94
149  96
138  122
175  70
140  85
155  82
155  66
172  66
108  109
130  128
98  116
66  119
87  92
94  92
70  126
151  88
161  64
128  77
81  104
85  107
130  125
83  122
159  80
129  119
115  84
152  87
125  81
176  65
91  116
131  124
138  132
145  84
160  66
126  120
79  119
105  112
89  101
99  119
156  75
122  94
149  69
87  114
122  109
140  131
83  124
148  136
95  95
146  81
73  109
114  104
133  93
123  95
104  101
104  121
132  100
129  122
137  103
87  111
83  99
123  82
126  97
117  89
127  112
97  115
120  80
134  104
132  124
98  101
133  97
121  79
68  116
140  127
82  97
142  64
138  142
120  82
87  95
142  138
75  121
139  117
147  147
101  115
113  81
97  118
97  111
66  116
132  91
140  144
99  102
122  98
130  74
76  120
89  106
86  109
93  107
134  116
83  116
80  110
144  101
159  68
79  98
76  107
129  76
128  104
133  77
150  97
140  147
99  113
112  97
117  81
118  107
155  78
128  94
102  107
107  107
114  89
172  76
98  103
157  87
106  107
140  65
101  119
166  65
76  119
140  141
149  88
128  85
140  138
105  97
77  118
72  112
69  110
121  91
146  97
146  143
73  123
95  100
171  80
69  111
134  99
140  75
167  72
108  120
100  108
118  100
132  79
150  87
134  82
137  67
118  97
120  114
99  101
141  133
125  91
109  86
174  76
140  95
126  101
155  83
115  81
144  98
158  73
129  78
131  110
98  102
116  112
166  71
147  94
118  110
103  118
87  112
167  73
145  67
94  105
72  108
94  104
105  111
96  117
140  119
139  81
138  85
101  104
114  108
105  88
147  92
136  93
126  121
106  121
142  142
132  125
128  110
151  142
70  110
143  83
134  69
148  134
85  91
149  87
82  123
107  96
70  117
86  103
156  80
125  99
163  78
148  80
118  104
163  60
131  78
96  97
127  87
173  64
83  96
140  136
104  111
74  112
172  68
123  93
74  123
81  109
107  113
113  103
135  65
127  123
132  87
67  116
100  98
127  90
118  98
83  105
151  82
121  81
102  111
139  147
145  75
121  92
123  104
100  109
74  116
126  119
146  85
145  136
93  95
79  109
133  70
134  88
84  117
116  103
145  83
111  107
156  73
69  129
88  119
171  69
161  61
138  98
138  99
81  125
133  72
135  135
86  115
161  67
134  84
108  114
72  117
79  111
164  79
131  97
127  121
137  84
118  109
129  79
137  77
142  101
127  81
131  74
145  125
127  100
164  67
147  146
128  101
140  74
127  82
71  105
85  99
126  103
85  112
102  93
131  93
135  110
88  114
72  115
128  73
81  124
144  139
128  89
125  93
157  80
82  109
108  111
124  106
158  63
167  70
77  126
165  82
145  99
86  119
160  75
145  129
136  118
124  114
72  107
128  99
137  68
96  93
121  103
87  120
99  98
167  74
142  133
143  80
138  105
137  80
74  127
92  118
98  105
145  74
156  79
157  70
123  94
144  83
161  72
128  108
174  69
80  97
165  71
107  116
139  79
140  120
120  110
70  123
100  92
122  113
145  73
79  122
114  95
127  76
140  79
125  82
129  82
138  86
129  80
147  85
148  90
131  100
84  123
138  77
131  91
98  98
72  125
76  112
100  111
99  106
153  78
137  122
124  80
130  121
138  118
92  107
85  108
86  117
141  131
81  113
133  122
139  98
142  79
97  103
138  75
164  73
105  113
148  73
75  127
93  114
67  125
144  75
106  92
101  114
151  78
123  98
93  101
139  97
87  117
103  93
87  97
143  97
145  150
114  116
74  118
133  83
140  69
160  69
146  87
124  112
147  96
111  86
70  128
80  115
138  83
155  77
159  75
137  71
105  118
144  76
142  66
171  67
82  124
78  114
71  115
124  79
134  119
77  111
126  98
97  109
75  102
130  102
141  81
104  106
70  119
82  104
88  117
101  102
153  81
101  105
111  90
64  122
134  73
127  74
122  95
97  102
122  108
107  115
165  66
124  117
156  82
129  102
132  109
154  62
92  95
147  144
102  109
76  127
122  112
118  90
155  80
101  95
93  96
97  121
135  70
76  111
122  86
98  113
69  114
124  77
111  79
79  106
145  132
143  87
113  114
88  110
124  94
140  89
97  104
153  73
152  74
164  61
87  99
92  106
76  123
98  119
87  101
138  94
121  95
74  115
112  80
113  112
170  80
140  77
135  77
151  139
92  111
161  83
135  90
162  61
154  71
127  80
134  83
154  68
92  114
104  115
142  124
145  89
132  115
81  123
76  110
115  104
79  114
171  76
124  103
108  100
134  75
147  139
96  111
139  72
126  100
136  136
141  79
113  113
91  103
132  98
133  78
138  90
134  110
109  113
100  118
140  76
159  85
132  123
136  68
131  88
159  71
134  123
95  102
138  139
90  120
121  85
113  94
134  131
124  90
162  64
139  89
70  112
135  83
94  118
102  105
109  97
80  127
62  120
162  78
130  122
129  73
132  103
138  91
134  106
90  117
76  129
90  103
94  119
83  93
169  75
167  79
142  78
138  69
135  96
129  127
133  115
90  108
143  71
157  63
108  117
152  143
141  118
137  101
137  119
84  106
111  77
144  96
70  121
131  85
91  122
86  111
67  123
143  81
133  81
134  87
153  143
84  108
