752
165  88
173  78
92  133
112  131
87  124
159  90
170  89
144  101
105  118
117  131
153  101
76  119
135  111
82  149
81  104
108  114
99  139
61  102
96  116
162  96
70  102
179  75
101  119
90  131
85  120
144  111
169  83
103  125
112  124
163  94
82  109
80  116
77  100
177  78
126  113
71  104
170  81
87  128
91  115
71  118
78  105
86  120
146  106
82  115
138  110
170  86
94  113
121  120
167  88
91  113
86  130
150  97
123  115
139  117
96  120
100  142
77  126
76  116
173  83
110  114
107  120
93  137
101  114
136  116
98  119
116  124
104  116
124  120
108  120
76  118
96  117
126  120
119  117
90  117
76  111
74  115
108  127
80  121
80  108
77  112
117  122
111  127
120  114
106  119
122  123
84  106
182  72
102  125
152  108
146  102
85  104
141  105
73  114
83  113
82  127
129  117
92  114
98  113
121  113
71  115
85  118
171  81
102  130
95  112
93  149
79  122
74  117
79  100
71  109
139  115
150  100
70  106
84  122
105  119
156  102
116  117
85  112
99  124
131  119
128  110
154  96
162  89
75  121
98  139
72  102
82  113
138  112
83  121
125  122
77  128
136  112
98  129
165  93
120  122
102  129
133  118
81  115
83  132
113  114
165  89
98  131
79  106
80  127
155  94
121  123
133  113
161  97
122  111
93  114
101  117
84  117
72  107
169  89
133  119
138  105
129  115
95  115
112  113
138  118
94  150
120  119
72  112
134  120
104  115
84  112
148  110
95  131
166  88
83  150
94  116
90  130
107  115
121  116
101  115
155  98
95  111
120  117
181  75
75  117
92  110
103  118
120  123
76  107
79  119
94  119
79  115
160  99
118  118
84  111
93  123
119  118
84  118
126  116
74  122
119  129
83  148
99  116
71  113
67  104
73  116
83  124
134  119
159  97
101  122
72  117
170  88
70  110
91  122
85  113
166  93
75  127
110  124
79  118
91  121
142  112
79  111
109  113
122  112
122  113
109  124
159  91
90  116
173  80
74  118
87  118
167  94
125  116
164  91
127  121
149  106
132  115
71  112
90  125
87  106
168  89
83  105
72  119
73  111
149  103
115  119
163  88
157  91
90  110
126  117
90  120
160  100
95  120
80  104
91  123
123  124
76  104
86  111
159  94
70  100
138  117
107  117
138  116
99  144
89  127
107  116
94  120
169  88
159  103
119  115
83  106
136  115
95  126
118  129
87  122
90  119
92  118
113  115
130  122
134  116
81  123
116  125
126  119
130  110
156  95
97  112
132  112
85  147
86  119
94  115
142  106
126  118
172  82
82  111
93  125
74  116
137  115
78  115
130  123
95  122
135  119
140  111
149  101
106  114
93  124
142  103
130  115
94  118
89  123
89  120
82  124
173  81
74  121
78  120
148  108
115  122
104  121
87  120
81  109
109  120
106  130
76  106
82  102
90  108
121  122
153  104
79  109
149  108
101  123
147  101
162  90
84  108
152  96
93  119
86  147
114  116
124  112
108  126
92  117
168  84
96  119
95  119
122  117
110  119
81  124
148  101
120  121
93  128
107  121
163  95
99  131
179  76
99  113
83  130
75  116
84  148
146  107
73  121
70  109
171  83
76  123
87  114
113  129
112  114
170  85
147  102
182  74
76  108
72  114
105  129
124  119
150  98
176  77
98  115
118  123
88  117
79  112
129  122
85  108
81  120
123  117
97  147
87  112
94  129
91  116
114  130
100  127
94  111
96  134
94  135
88  115
73  101
64  101
71  99
82  148
80  125
129  120
83  128
80  113
161  93
84  123
155  93
74  107
94  123
151  103
167  91
167  90
153  103
108  118
98  144
82  106
103  133
107  125
129  119
149  107
87  130
136  117
78  113
131  109
106  122
92  111
100  134
149  111
173  82
78  122
69  101
96  128
145  113
157  102
100  117
78  111
163  90
119  130
79  105
71  105
108  116
134  118
148  104
99  140
114  122
84  110
124  117
167  85
123  113
136  119
83  115
74  123
150  109
168  83
97  119
98  152
103  117
77  107
160  89
105  116
98  116
168  91
96  149
92  150
103  124
114  121
136  118
88  110
80  118
131  122
72  108
83  110
179  70
109  121
149  109
73  99
83  122
177  79
106  121
81  125
147  105
130  120
111  123
97  123
152  98
167  92
124  115
94  124
88  119
130  119
76  115
94  125
99  126
92  120
117  130
76  120
87  115
104  118
88  132
100  122
77  114
97  115
73  104
114  118
146  104
68  102
91  114
124  114
74  100
156  104
155  104
87  123
88  122
110  125
89  110
175  81
171  86
99  129
130  114
127  116
102  133
175  83
74  105
86  117
82  123
143  103
74  112
122  124
133  115
84  104
69  103
85  116
145  107
131  110
132  117
75  102
116  120
177  80
87  117
117  113
90  141
93  126
150  104
85  128
81  107
123  121
104  120
77  98
94  112
78  119
104  123
75  99
73  100
73  123
89  118
116  115
91  108
85  117
147  113
131  117
80  110
126  115
140  115
130  111
78  114
118  122
110  120
125  111
132  109
109  126
128  123
99  125
88  114
82  131
86  115
137  107
78  112
89  133
127  117
125  121
134  111
82  107
174  80
78  125
94  131
95  113
122  115
104  122
87  111
108  117
82  121
164  93
157  103
105  127
91  110
98  118
153  100
169  86
158  99
100  118
92  112
117  129
95  150
153  106
147  104
76  113
174  84
160  96
158  96
97  118
119  120
80  152
75  109
85  132
88  112
138  106
85  107
141  111
130  121
146  111
115  118
108  128
97  121
112  125
145  101
140  114
149  104
96  133
135  110
72  115
153  99
107  122
106  118
73  109
94  130
94  114
96  111
98  133
158  97
80  115
77  111
109  117
121  115
161  91
111  124
121  124
166  91
116  112
112  120
113  130
152  103
78  100
158  91
153  98
171  80
127  123
71  117
163  98
119  122
104  129
142  108
126  121
180  76
87  144
86  128
86  109
117  118
108  125
166  89
176  74
74  101
87  109
124  122
118  114
124  118
98  134
123  118
170  80
80  122
159  93
109  131
93  109
162  99
111  117
131  121
83  126
140  105
84  113
75  113
101  124
93  118
83  116
119  123
162  98
86  106
76  112
113  113
96  124
81  113
134  109
92  128
76  110
75  111
94  122
92  122
93  113
153  107
161  89
163  87
178  77
75  110
148  100
68  105
96  115
128  113
98  122
122  118
124  121
131  118
92  116
161  99
86  126
158  98
77  115
150  105
143  110
145  102
176  81
162  95
101  125
134  110
101  116
86  116
73  122
145  108
96  148
73  103
65  103
117  115
156  92
75  123
147  103
155  95
175  80
150  106
127  112
160  91
105  123
92  119
76  127
69  108
77  118
69  104
145  105
148  99
133  116
66  102
75  112
92  115
99  119
97  129
82  104
79  114
