906
106  88
134  106
137  101
94  92
144  94
103  97
104  90
131  93
93  126
116  112
124  125
134  88
97  97
147  92
167  91
147  96
104  100
91  74
138  94
110  111
117  129
86  67
87  80
123  126
96  81
108  103
89  71
124  130
154  96
136  94
118  80
97  109
100  84
86  87
97  81
101  75
135  102
96  88
115  82
96  87
110  112
113  101
101  76
99  86
105  66
127  98
124  90
180  90
132  109
143  89
117  115
89  77
100  92
111  100
174  93
98  129
103  125
109  72
132  105
145  93
175  93
93  100
113  94
137  102
129  106
117  89
100  98
108  112
158  91
99  106
81  63
111  90
118  97
96  78
89  57
121  93
148  97
100  107
94  100
142  98
105  65
98  106
91  99
100  101
97  69
121  91
91  65
148  99
135  104
123  95
103  93
145  96
132  103
122  98
108  87
168  91
102  109
124  112
99  109
100  100
132  90
186  90
90  83
117  118
101  88
142  91
99  110
123  82
134  87
114  118
93  69
127  129
117  107
94  84
99  108
141  90
177  91
102  70
137  99
91  103
101  81
120  79
138  87
98  66
134  94
122  99
124  108
163  94
112  111
116  115
102  89
133  107
122  109
139  104
99  104
145  101
138  98
132  87
122  80
96  73
121  94
95  83
136  93
102  94
77  61
120  129
93  105
117  77
132  85
89  55
91  69
163  95
111  106
96  75
123  104
140  100
126  97
105  74
125  81
131  88
134  96
122  86
130  110
128  86
95  59
130  92
108  107
126  103
121  79
166  93
126  100
134  105
109  93
127  82
126  83
172  91
123  89
139  98
93  103
120  114
99  69
144  96
135  110
145  94
132  101
108  100
182  90
144  98
95  105
98  95
122  81
140  102
131  95
140  97
114  103
143  90
99  85
137  95
90  62
146  97
96  56
102  103
190  91
101  102
107  87
150  92
121  98
98  89
102  100
101  108
104  66
178  91
128  113
125  122
93  71
138  91
90  72
159  93
97  68
96  98
90  94
130  95
107  96
128  101
127  102
147  94
99  65
156  92
127  112
93  96
131  97
102  105
111  86
123  101
133  84
98  109
94  77
150  98
171  91
98  58
133  88
102  82
119  81
100  104
97  98
134  99
90  65
185  91
117  84
87  54
126  94
132  86
138  96
130  114
123  80
93  98
95  103
136  91
113  81
114  76
120  101
108  96
96  80
143  94
135  89
146  98
106  111
114  75
97  75
132  88
83  59
106  98
85  67
85  70
126  98
98  107
98  98
130  115
89  91
106  63
112  113
121  111
134  104
109  113
109  95
113  113
112  74
142  94
99  77
127  100
103  67
99  64
127  91
121  113
98  103
83  79
168  94
127  90
104  129
95  107
192  90
104  101
106  102
90  87
121  92
139  93
95  56
124  96
101  68
97  106
102  79
117  113
98  102
106  95
141  103
92  84
141  89
94  129
86  56
164  91
128  99
94  130
87  65
125  99
93  61
107  73
134  109
103  79
88  89
104  71
126  82
109  84
140  98
86  81
177  90
103  109
89  56
116  117
82  66
90  71
106  84
135  94
148  95
120  90
126  128
108  111
113  89
118  114
91  92
115  119
121  81
123  97
156  95
120  105
98  79
137  100
115  77
85  63
128  92
140  95
128  90
94  70
129  95
111  107
95  54
100  78
142  90
86  55
185  93
88  97
155  94
110  70
130  111
160  91
136  99
83  61
120  80
135  93
126  93
99  107
95  72
126  129
122  87
93  68
99  71
130  87
135  87
149  96
127  121
132  100
108  84
91  83
99  78
148  94
120  107
157  91
81  65
137  103
158  97
148  100
90  99
131  109
105  108
97  107
96  93
109  104
105  75
127  104
132  91
132  112
104  64
103  107
114  89
97  59
101  98
140  89
83  78
94  102
87  87
100  66
128  89
97  65
102  65
85  60
123  98
105  105
108  97
136  96
106  96
104  111
118  118
91  95
108  98
118  98
85  76
105  123
90  76
98  63
158  96
107  113
89  76
99  98
134  90
97  103
128  84
144  97
101  105
131  100
130  83
118  110
111  71
95  106
133  97
101  70
161  93
178  92
115  118
91  85
180  91
179  92
129  84
114  102
124  94
98  81
83  73
103  111
116  77
97  83
141  92
103  98
134  102
144  101
135  103
103  106
128  94
105  107
102  96
142  101
113  112
161  91
114  108
138  88
97  58
126  121
91  54
99  96
119  115
86  74
106  92
122  85
182  92
92  78
103  76
142  103
88  90
97  104
120  109
99  81
142  89
91  93
131  96
103  86
130  97
123  107
99  100
130  89
152  96
93  70
96  79
134  89
92  95
101  106
141  94
83  75
103  64
89  101
130  102
133  103
124  106
87  95
120  95
123  92
143  98
95  69
136  86
104  73
111  109
121  103
92  76
101  95
86  72
105  88
90  131
173  93
134  97
101  64
116  80
140  101
126  90
127  87
100  69
142  95
103  110
106  68
107  99
90  102
97  102
134  84
101  104
127  96
89  94
98  62
179  90
106  107
93  102
139  101
122  95
105  112
108  104
94  95
134  110
136  89
143  97
128  85
87  57
129  102
116  76
93  65
107  107
125  88
131  85
117  96
113  85
119  92
133  93
178  93
111  77
136  102
159  94
134  100
92  67
116  103
82  61
112  120
116  94
117  98
91  86
150  95
118  129
139  102
94  106
126  107
194  90
92  68
83  57
121  109
128  110
84  80
138  101
105  97
105  99
167  92
108  109
84  64
122  111
95  84
123  113
100  79
126  113
98  85
89  72
113  114
166  91
104  110
96  84
116  83
89  83
97  94
107  81
145  99
133  101
123  105
111  79
98  101
173  91
185  92
121  82
96  70
100  60
102  84
141  88
132  98
117  106
93  95
104  72
142  99
182  91
128  108
113  110
136  87
88  94
94  131
187  91
91  100
99  101
115  85
95  80
183  92
115  81
137  91
100  108
183  90
93  101
106  104
97  82
184  91
122  113
87  92
126  99
124  129
113  103
136  88
129  83
129  105
121  85
102  66
131  91
102  129
184  93
159  97
84  68
190  90
100  99
114  116
128  107
83  76
138  90
93  128
114  99
96  65
145  95
119  89
95  100
96  97
131  92
123  109
172  93
109  71
143  91
133  87
142  100
85  84
112  80
112  97
134  111
169  93
120  91
86  70
120  85
95  102
91  64
85  81
129  99
109  77
137  93
140  87
148  96
102  111
125  103
149  97
109  97
86  63
177  92
117  81
97  73
130  109
90  85
122  100
96  128
84  81
125  111
99  102
104  106
107  106
98  108
88  132
98  105
121  99
180  92
108  70
96  108
97  129
102  85
131  110
88  64
107  75
91  82
100  102
120  82
99  61
110  96
101  79
130  96
125  97
93  60
99  83
88  87
89  65
93  77
127  101
114  104
88  82
113  78
130  94
139  97
115  84
94  94
95  62
126  120
139  90
131  84
99  129
90  77
115  96
100  81
121  107
118  107
124  84
133  100
104  78
174  91
129  87
83  74
160  96
102  76
140  93
164  93
92  79
135  96
129  115
159  91
111  82
110  105
102  71
102  130
94  86
118  109
127  130
131  87
129  88
112  105
110  109
138  99
87  89
104  83
133  86
118  104
94  104
139  100
122  128
122  112
143  93
181  92
177  93
124  128
130  98
93  86
99  70
102  107
114  95
120  99
141  96
132  84
120  110
124  101
162  95
121  106
155  93
98  91
101  101
125  82
111  105
131  106
111  101
123  94
97  88
123  93
122  94
126  84
122  108
95  60
127  84
133  90
155  95
139  89
119  79
125  93
167  94
106  75
120  106
91  88
92  57
105  111
102  60
91  94
92  103
109  102
100  88
176  93
165  93
174  92
119  87
142  88
112  82
102  93
150  97
124  103
100  59
121  95
114  84
126  101
119  129
103  103
113  99
109  86
106  105
99  105
116  82
134  107
94  105
141  102
138  105
130  86
118  100
115  104
85  87
90  79
125  124
103  63
105  64
188  90
101  80
105  81
128  104
176  91
183  93
122  105
130  93
94  66
170  92
112  85
186  92
137  106
133  106
95  95
123  100
100  68
129  96
118  90
135  90
107  68
125  91
88  66
100  97
119  88
100  109
