1498
189  135
87  96
108  125
190  140
100  98
150  120
125  122
123  118
149  121
147  130
108  158
126  121
126  125
126  116
130  122
87  95
181  135
190  136
109  120
87  99
87  106
190  134
153  122
100  107
103  140
191  136
118  156
120  110
87  105
108  103
136  118
94  116
85  116
98  91
124  112
110  158
180  139
142  138
137  115
128  108
139  133
185  142
91  123
138  139
122  100
101  68
99  83
103  79
121  115
88  102
93  95
96  78
95  100
145  141
99  119
138  118
131  119
122  146
168  129
114  138
172  136
115  151
107  121
102  89
144  134
147  119
117  107
91  122
135  137
195  141
180  148
93  69
89  72
149  124
90  125
94  118
86  74
87  111
165  132
87  101
85  70
140  141
142  125
109  113
93  113
99  104
195  140
101  101
144  121
97  159
161  128
93  96
86  104
111  124
125  116
100  99
105  129
103  133
109  117
89  94
103  76
174  146
144  133
87  97
150  128
193  136
122  115
95  95
90  76
107  122
108  126
133  124
158  142
122  112
121  140
120  139
153  129
90  71
134  136
114  95
90  79
108  84
171  141
124  145
105  123
108  138
90  77
106  111
102  82
151  120
96  93
186  139
183  133
88  115
185  141
120  119
117  135
89  76
184  142
99  102
86  101
130  120
111  145
94  100
102  155
141  131
99  64
99  108
96  108
128  104
99  85
117  98
103  110
119  129
121  103
167  127
153  128
94  94
158  137
107  117
130  109
149  117
98  109
128  141
189  143
102  71
118  114
96  120
96  65
108  100
154  122
110  135
112  111
116  125
93  68
99  107
114  122
167  140
104  115
136  116
93  102
124  128
87  118
188  149
97  69
130  115
108  107
115  152
103  125
132  145
88  97
167  133
138  132
186  140
124  141
96  124
83  75
144  139
113  150
113  132
151  119
102  93
87  65
126  124
109  126
97  123
175  136
135  136
130  128
109  93
113  153
110  137
99  109
100  136
128  123
123  121
151  133
96  116
129  140
96  81
126  142
134  125
98  66
138  142
107  96
129  115
126  107
94  113
94  84
134  119
108  112
145  136
137  124
160  135
167  131
185  144
96  134
108  140
138  140
122  109
110  112
194  142
172  133
99  113
148  141
130  111
170  146
140  132
134  142
109  131
121  123
182  133
103  106
154  128
107  81
104  83
177  142
127  133
166  136
120  127
109  138
105  118
114  133
171  135
90  106
108  155
110  132
118  136
117  118
110  125
180  144
127  140
116  115
105  116
181  146
95  112
121  107
138  112
123  141
171  138
156  138
131  122
98  118
150  140
97  109
104  120
132  124
119  127
100  118
120  141
118  110
151  139
141  129
142  127
110  119
106  122
96  75
193  143
88  117
128  127
122  149
151  131
154  136
182  139
92  79
101  125
125  121
146  126
115  149
166  139
119  144
192  141
90  108
117  144
124  139
153  138
182  144
130  124
187  134
188  136
146  127
92  118
129  127
87  92
127  123
173  140
114  99
177  143
143  127
88  114
149  132
99  157
134  127
108  104
123  131
105  119
91  94
136  143
132  130
146  136
113  99
127  134
105  136
131  127
91  121
175  143
97  111
133  122
94  77
97  118
108  118
99  71
175  144
106  114
178  148
152  128
151  135
121  137
182  146
104  101
155  136
93  123
109  151
110  109
135  119
100  81
145  125
160  134
122  108
107  113
176  139
112  97
101  114
177  139
126  148
98  101
97  121
132  112
124  103
94  119
136  146
105  107
181  139
101  81
113  134
99  116
151  140
103  117
110  154
181  134
101  119
143  122
141  121
192  145
120  123
95  80
123  115
119  136
127  112
124  114
133  116
118  127
92  128
192  146
168  138
101  80
103  134
181  132
100  88
130  119
94  95
186  134
159  135
159  140
151  129
96  80
143  140
132  147
92  110
189  146
122  150
109  104
129  142
137  137
117  147
119  122
136  117
116  148
131  118
116  133
111  139
102  66
114  102
181  130
136  137
167  134
97  68
143  121
106  155
179  139
154  138
158  128
132  115
163  127
194  139
93  101
94  92
108  87
163  126
108  135
149  127
157  134
94  102
159  131
101  115
124  134
104  122
92  107
128  126
130  121
95  119
159  128
121  151
98  111
128  134
103  136
106  88
175  134
123  117
124  119
149  136
163  132
163  138
147  138
87  120
97  94
122  123
172  146
94  86
96  79
164  126
104  136
151  137
147  121
139  115
138  116
92  84
138  121
104  90
156  135
120  107
98  119
186  146
97  83
103  109
90  72
91  116
96  117
97  73
100  104
159  127
119  152
129  134
87  89
97  112
111  105
148  136
138  137
91  99
131  106
93  126
190  144
115  148
185  137
109  97
124  132
170  145
114  154
112  124
191  144
103  113
95  113
87  115
103  135
98  122
97  104
96  88
139  127
152  126
172  144
121  125
99  129
181  131
92  122
114  104
120  146
95  115
187  147
126  118
175  132
126  129
179  129
155  131
118  109
99  65
90  103
128  136
103  156
155  120
96  111
119  128
108  111
86  111
94  70
175  140
113  113
99  125
97  129
155  121
126  120
107  107
124  117
95  122
88  112
104  106
88  99
142  116
112  136
149  142
162  137
108  127
126  119
102  103
127  139
135  110
88  94
111  127
97  119
168  134
166  144
174  134
158  135
117  129
147  131
128  110
115  144
177  130
89  77
89  71
114  121
184  137
92  116
121  139
100  78
147  132
92  114
124  129
133  129
112  113
108  98
189  147
165  134
121  132
111  146
91  65
86  102
146  130
97  115
91  64
95  72
142  121
109  121
172  131
171  146
86  103
90  87
105  127
97  82
139  138
149  138
109  153
113  115
91  88
180  146
119  145
112  139
154  132
107  116
89  104
142  139
107  106
114  158
140  127
93  125
125  111
90  85
162  129
121  120
98  115
150  118
111  117
115  126
184  140
105  97
91  83
143  126
173  142
118  129
109  102
91  105
104  113
177  144
94  122
129  117
165  143
120  122
100  111
165  142
101  117
122  124
109  139
88  89
183  141
91  86
99  131
127  137
156  132
142  140
122  105
192  143
93  114
120  105
88  90
100  102
102  129
117  136
106  92
139  140
176  145
186  138
115  150
96  133
148  138
98  116
90  94
95  105
169  142
181  137
116  153
119  125
101  123
86  72
91  108
103  93
96  98
140  119
86  109
105  113
99  96
118  125
103  124
162  126
104  116
99  86
118  144
183  143
163  142
87  112
151  123
157  133
136  122
135  143
113  139
97  102
92  120
135  111
93  109
188  142
141  133
119  118
184  133
114  141
125  103
91  82
127  116
121  109
83  76
103  67
127  124
133  113
164  130
102  94
132  125
146  128
111  106
187  146
190  147
113  154
187  148
101  106
115  146
165  133
185  133
130  110
129  122
100  127
195  142
89  106
188  137
119  117
98  108
92  78
180  147
114  149
114  103
193  138
120  109
94  124
90  120
113  110
167  130
108  120
181  148
118  104
128  135
120  145
89  127
98  113
129  119
117  115
102  70
120  140
104  110
141  118
137  119
127  131
176  137
136  147
100  97
144  122
101  70
151  141
148  139
180  141
156  136
94  130
101  75
180  143
98  107
133  138
100  134
92  103
92  111
99  124
145  131
105  99
112  140
87  117
181  142
105  157
116  132
94  107
123  149
130  131
144  126
90  117
99  70
132  123
99  101
112  151
99  98
134  131
153  133
106  98
137  122
120  129
107  125
89  110
126  133
144  117
181  147
124  121
126  134
92  119
96  87
126  113
98  95
124  149
116  103
120  151
140  115
118  118
94  104
110  111
100  137
116  139
86  106
138  135
160  141
120  126
108  116
110  140
148  122
104  121
91  95
130  123
145  134
162  142
134  111
170  140
178  133
159  130
97  97
147  139
154  135
111  107
180  138
110  124
108  157
124  120
139  143
144  137
111  123
116  137
119  130
122  140
150  137
100  79
100  101
144  131
104  73
163  140
99  106
157  136
120  101
95  120
91  69
86  117
101  124
103  97
127  148
145  129
117  131
145  122
92  95
188  133
113  101
103  107
145  132
142  133
87  102
134  132
106  118
104  72
111  101
101  105
186  143
110  133
106  104
107  115
101  156
94  105
124  122
120  114
97  65
94  111
164  132
88  122
134  120
127  129
123  138
91  114
136  141
103  86
133  118
102  112
95  106
93  128
99  100
100  112
123  107
160  140
87  109
117  113
152  123
92  68
115  96
93  107
92  115
86  120
99  126
112  131
182  143
123  142
134  135
100  109
164  143
114  156
95  84
134  107
129  136
126  143
125  131
179  146
168  142
182  140
131  117
142  124
174  130
102  96
136  134
161  131
192  134
106  130
93  100
128  145
94  120
105  112
94  123
101  88
123  148
106  121
174  143
94  66
131  128
185  136
95  102
137  121
112  146
142  120
97  98
133  142
133  119
189  142
102  125
171  133
102  107
117  137
121  144
160  131
114  108
108  109
124  118
86  115
104  111
129  120
98  85
117  139
90  65
165  136
102  130
116  140
119  137
116  112
98  133
112  120
124  108
187  140
124  115
104  78
122  117
122  133
182  149
102  65
99  81
124  144
124  130
92  67
138  133
101  98
99  78
101  116
98  102
114  130
99  77
188  146
88  66
109  86
108  139
147  124
104  123
183  138
155  140
175  141
91  85
100  84
172  137
95  83
150  126
159  125
100  66
144  118
130  133
159  132
118  98
168  139
104  71
132  141
125  124
134  139
171  134
121  136
96  73
93  70
101  112
110  96
86  116
149  118
96  119
122  126
109  124
112  133
134  118
166  138
114  116
120  99
105  137
138  125
187  142
90  110
177  137
100  117
121  122
155  126
104  114
120  117
157  137
127  143
97  106
174  131
94  129
93  77
89  118
110  105
152  127
133  135
123  109
166  141
106  107
104  129
106  95
112  114
112  105
111  100
105  105
187  145
145  124
100  68
170  137
85  108
185  147
126  128
118  123
134  116
109  95
118  148
106  75
115  157
118  122
119  133
182  148
85  107
95  126
95  103
154  133
165  126
141  139
102  109
102  79
122  118
155  137
112  147
105  111
97  81
159  133
101  122
121  106
92  112
102  85
173  137
173  129
149  135
109  155
168  128
106  96
113  129
143  131
175  139
100  92
130  125
133  141
178  147
89  83
102  105
127  145
119  120
108  128
171  142
149  137
91  92
103  155
101  104
130  145
115  118
122  113
170  144
102  100
170  129
128  133
134  133
143  128
91  115
173  132
105  74
171  132
131  124
104  100
128  107
108  117
103  98
135  146
126  135
189  141
194  143
101  76
95  111
89  101
116  120
128  131
132  117
111  109
102  133
113  94
93  119
89  120
117  151
117  106
91  100
111  142
106  139
126  117
165  130
141  122
134  146
95  108
140  122
100  69
146  122
121  116
140  118
86  70
138  117
135  124
185  146
98  129
176  140
136  136
138  122
100  100
96  115
140  120
155  134
157  131
88  119
121  157
102  111
120  106
121  135
146  120
123  104
119  115
97  88
122  143
100  122
82  74
107  120
126  126
103  157
148  117
93  124
187  139
146  134
140  117
140  135
107  158
115  158
110  147
122  128
97  107
187  143
130  114
116  128
184  146
119  143
87  104
94  125
123  126
96  97
125  141
85  113
110  144
130  143
134  110
123  105
146  142
177  140
180  136
115  119
136  115
124  106
167  128
92  117
182  141
177  133
115  122
92  76
123  113
129  105
139  126
101  102
141  120
114  142
107  87
113  133
93  108
170  132
99  110
172  140
127  121
97  75
119  146
117  122
98  98
181  145
122  141
109  157
85  112
174  140
108  96
115  104
143  118
135  135
148  131
123  101
117  134
88  100
133  133
126  131
139  117
96  128
103  118
89  123
174  144
87  122
89  65
122  158
101  157
134  109
101  95
158  138
94  131
85  76
137  145
115  143
104  137
131  109
97  103
106  102
98  103
169  134
99  105
133  147
104  118
146  125
126  103
173  145
91  106
116  150
116  127
91  110
122  111
118  126
83  74
127  117
93  65
120  135
105  108
186  148
91  113
88  110
126  115
107  99
131  110
94  114
111  158
121  156
102  84
94  106
106  84
157  139
182  134
98  79
110  120
119  123
153  123
132  131
94  112
103  111
90  116
124  125
140  136
148  134
93  118
117  156
157  138
98  131
169  136
152  133
93  71
98  89
173  141
176  144
150  133
87  123
134  144
116  117
110  114
124  135
98  81
176  141
120  138
186  135
101  108
107  75
113  103
146  124
88  87
151  132
113  112
155  133
118  107
94  115
127  104
140  138
115  142
148  137
101  79
98  106
177  129
149  133
102  76
93  86
117  130
91  93
193  140
178  146
106  105
165  131
105  88
83  73
142  142
127  146
142  117
110  150
121  111
127  138
93  98
90  102
90  119
98  105
95  131
87  103
90  99
136  119
90  83
146  115
144  127
109  154
179  130
114  134
134  121
118  147
185  148
91  103
163  135
157  125
124  131
182  130
89  105
110  148
96  70
183  147
103  103
112  154
113  130
127  147
133  132
190  142
98  134
179  134
112  125
116  158
108  97
108  114
132  109
105  81
133  115
92  106
105  75
119  138
116  124
128  113
118  100
188  147
95  69
89  91
120  121
93  105
172  135
151  127
123  124
153  134
91  74
106  119
141  127
86  67
129  106
169  143
114  118
121  124
131  121
127  130
87  114
127  132
98  160
99  69
179  142
133  107
140  131
142  129
100  108
140  114
121  113
133  136
149  128
130  134
114  151
134  123
136  112
93  103
113  114
191  137
124  146
130  142
137  134
95  107
166  134
96  84
