718
123  101
98  62
151  110
179  128
116  112
130  109
107  117
135  90
92  68
120  101
177  118
129  88
169  116
96  87
175  121
102  71
118  107
111  86
125  93
138  106
134  100
150  113
127  101
120  95
139  101
102  85
198  127
144  101
119  92
128  104
95  60
140  98
119  125
101  81
101  98
95  83
130  86
93  70
128  89
114  102
183  133
100  68
91  69
112  114
160  116
123  104
142  108
107  81
98  63
127  100
99  65
109  93
140  100
186  124
177  123
134  99
131  110
127  96
148  110
113  81
164  121
141  96
173  122
140  93
123  94
122  100
137  91
130  92
102  76
113  99
150  105
191  129
98  89
183  120
117  98
121  109
193  136
138  99
134  90
135  93
125  99
146  97
191  130
136  102
175  118
142  99
123  95
103  97
148  104
137  106
113  114
96  65
152  110
126  90
171  127
128  101
132  100
129  102
118  127
164  115
96  78
181  126
143  103
200  133
118  100
196  126
188  124
113  103
143  94
103  64
182  126
89  65
114  84
144  98
149  111
101  70
128  94
132  98
195  125
179  130
142  103
173  127
118  126
133  88
136  94
100  69
107  116
108  87
113  115
123  89
196  129
114  108
175  117
95  84
125  111
102  100
121  120
193  127
102  65
138  101
103  98
122  95
103  79
140  102
149  107
178  122
182  134
139  98
122  99
162  112
97  82
178  119
163  121
179  124
134  89
188  128
168  116
93  71
132  105
127  87
150  104
193  124
135  102
111  106
106  118
146  111
157  109
118  97
120  126
163  117
115  82
118  110
121  106
93  68
177  130
167  115
186  127
99  81
201  130
140  95
91  65
124  108
179  122
130  96
185  136
142  98
193  129
132  101
123  107
117  107
113  101
119  87
108  96
110  96
108  97
121  93
98  81
193  131
124  96
101  68
100  78
109  97
121  122
111  105
202  131
126  97
172  118
135  110
163  120
97  59
130  110
117  113
85  63
151  112
134  105
145  102
101  95
124  94
191  136
203  134
135  96
108  84
106  88
98  66
187  127
131  96
199  135
137  103
188  131
124  101
94  70
107  99
105  97
129  106
159  112
126  103
149  101
127  90
113  94
96  75
167  119
90  65
181  123
191  137
190  134
114  103
188  133
123  97
199  133
93  65
139  97
120  105
118  109
174  119
159  117
93  61
149  104
130  102
109  86
131  95
100  79
135  103
90  62
194  128
162  116
185  121
161  111
142  101
163  124
193  134
93  69
124  103
147  103
181  132
120  107
99  83
147  102
162  123
128  108
130  94
191  125
192  133
182  133
113  85
120  91
120  106
142  95
97  68
109  102
98  91
133  97
104  100
126  115
121  123
121  94
175  122
101  79
163  112
134  88
102  66
179  129
115  84
106  102
102  70
87  65
132  109
177  129
166  123
100  81
106  98
119  127
106  95
117  96
126  93
200  128
134  110
118  98
161  122
175  123
86  63
128  107
139  104
104  101
145  108
114  104
124  106
187  122
179  119
186  125
104  83
130  87
181  128
145  96
188  136
196  135
163  118
107  96
125  97
96  79
121  103
196  133
201  128
149  103
142  100
201  132
99  77
141  103
109  95
150  106
134  94
112  82
125  88
133  90
123  118
134  107
126  101
166  124
149  106
91  64
151  103
116  83
97  94
138  98
126  113
121  98
196  132
133  100
106  92
107  87
112  85
170  127
174  128
102  84
181  127
156  119
134  106
123  92
103  67
136  91
158  121
103  86
130  93
152  111
197  136
135  104
133  106
194  133
134  102
140  101
143  98
92  67
146  104
117  106
138  91
131  87
129  105
101  88
177  124
140  105
104  118
142  106
120  109
120  90
102  94
181  131
99  69
189  127
195  135
190  128
123  93
195  130
135  94
131  106
112  97
105  116
165  120
100  60
111  100
114  99
130  97
100  66
108  117
153  106
98  79
120  85
119  89
162  115
182  123
186  134
99  85
124  84
108  104
100  88
195  128
96  70
186  128
145  101
116  82
170  117
189  125
95  69
188  137
123  109
124  118
129  96
177  122
149  108
143  110
165  126
175  127
141  105
122  86
103  93
127  91
204  133
147  101
129  95
138  105
165  124
99  86
173  129
193  132
145  107
96  80
124  117
166  115
184  133
173  121
126  94
179  121
158  115
130  98
126  107
165  113
132  103
139  102
131  91
132  90
116  94
127  112
121  107
128  99
131  109
133  107
156  109
125  103
109  104
187  133
102  96
126  84
102  60
131  88
191  128
100  92
111  101
149  109
97  83
188  127
134  96
127  104
88  64
103  76
168  124
108  98
141  92
134  109
180  129
105  118
100  97
130  95
145  105
128  92
115  85
148  108
164  117
197  128
147  104
136  93
113  89
101  76
118  90
128  90
99  96
96  73
112  80
112  105
128  86
97  81
97  69
165  115
137  100
122  85
94  84
99  78
202  135
119  88
105  88
138  110
159  111
136  99
172  122
122  98
129  99
103  63
104  78
131  92
97  65
117  89
164  116
145  99
108  116
114  89
176  123
139  93
137  95
131  100
95  62
160  112
182  130
121  99
97  88
125  91
202  134
121  91
161  113
191  132
188  125
114  95
130  89
155  118
146  106
99  64
203  132
132  88
126  98
174  130
181  124
148  101
122  105
131  97
137  93
96  88
126  100
202  133
121  95
108  103
126  99
128  110
97  75
146  102
110  105
93  60
134  104
122  94
165  123
197  133
140  97
137  101
135  89
102  93
127  102
133  101
115  81
154  114
137  99
162  119
102  82
95  80
101  75
174  127
148  113
100  84
123  100
105  81
115  104
162  121
115  96
194  132
117  84
172  121
183  125
155  111
143  97
98  85
88  66
125  116
139  100
150  114
94  66
147  105
118  104
108  100
181  130
171  126
191  126
95  59
200  129
190  136
99  70
97  73
129  87
122  108
166  125
144  96
116  103
195  134
169  125
144  97
188  126
106  84
102  89
186  123
96  84
141  94
142  94
120  99
132  91
159  114
169  119
138  94
96  81
190  130
131  93
127  98
99  71
151  111
146  98
109  84
161  118
94  77
123  98
150  109
111  90
137  102
98  95
187  134
122  109
95  72
101  64
124  90
189  135
172  124
193  138
146  107
123  105
99  61
133  103
106  119
162  117
190  129
152  108
121  85
155  117
120  123
192  134
122  87
148  100
106  96
161  121
153  107
134  97
133  93
156  114
136  96
105  99
102  79
137  107
104  90
111  82
121  92
186  135
185  133
194  134
118  125
141  102
181  134
138  96
101  80
