1243
167  148
123  142
161  152
113  112
185  142
117  106
130  121
147  146
155  136
103  93
162  142
75  110
180  139
109  113
108  114
133  133
150  126
166  139
149  149
102  112
117  122
123  118
119  122
188  142
107  113
99  126
109  104
146  147
160  153
176  140
122  191
159  149
103  133
143  155
105  119
158  138
105  129
140  132
130  122
181  134
98  98
164  151
175  144
155  134
117  118
121  116
151  143
134  146
103  117
113  134
177  144
143  127
146  145
171  138
136  183
130  124
119  137
154  153
107  116
166  136
140  147
134  164
126  121
108  107
176  144
113  115
159  150
145  132
124  146
122  150
142  133
157  139
127  140
91  103
106  119
148  137
165  150
169  142
177  137
120  99
150  137
118  110
167  134
118  126
149  132
113  94
175  140
112  136
155  137
124  118
142  124
152  142
131  128
152  143
159  127
124  149
134  133
172  133
153  138
119  127
145  136
116  120
152  156
104  90
187  140
95  103
115  146
136  118
105  105
133  142
180  144
117  139
126  124
135  137
136  117
151  140
136  141
146  127
157  148
159  148
90  103
118  125
108  103
137  122
93  105
112  125
104  110
191  144
104  121
125  111
119  115
138  125
145  158
127  137
123  121
159  130
103  109
188  137
149  142
157  133
137  154
149  150
89  104
141  155
190  140
174  143
101  115
100  98
106  121
130  125
144  155
127  192
126  134
74  112
114  149
120  135
141  151
105  136
182  141
118  118
127  155
129  149
141  149
144  139
124  112
122  133
137  121
173  132
114  151
126  142
151  147
122  113
165  136
106  95
108  118
127  148
154  128
141  127
116  139
84  106
151  129
111  90
124  117
103  136
142  120
121  140
160  141
151  127
155  154
121  135
138  150
151  141
171  133
133  151
121  139
122  141
136  136
139  140
135  162
111  117
114  104
122  128
89  106
129  193
157  137
106  104
124  152
146  154
144  122
137  176
99  119
163  152
177  143
111  127
124  194
94  104
114  118
125  156
134  131
168  147
114  108
103  134
150  133
116  148
139  117
157  138
167  133
192  143
156  136
183  143
149  148
134  132
121  111
163  138
102  94
190  136
112  139
129  115
180  146
148  154
132  141
185  137
117  131
119  118
101  122
106  105
126  131
106  107
175  143
134  136
186  138
105  97
115  152
131  117
133  148
158  144
120  146
120  110
122  111
132  151
136  163
122  115
139  147
128  133
92  103
129  127
134  142
110  119
146  150
121  120
146  143
107  122
100  112
127  117
113  132
128  145
129  117
181  139
115  149
121  124
142  125
138  146
172  140
176  139
141  139
140  118
144  126
129  156
191  137
108  96
171  132
126  133
129  136
109  126
115  119
123  154
167  150
109  139
104  111
109  131
181  135
175  139
107  107
127  124
108  116
144  154
147  138
151  156
191  136
149  155
131  119
153  129
132  123
99  96
112  147
116  128
121  144
182  140
81  107
134  150
110  112
126  115
108  97
130  133
128  113
177  140
145  131
186  140
141  144
141  120
107  96
140  141
107  99
145  124
154  149
128  158
151  123
149  136
135  124
118  107
120  122
117  135
160  149
114  138
161  128
147  131
163  140
149  133
109  102
137  168
141  131
120  119
103  98
133  124
135  143
159  153
138  117
130  149
118  97
105  116
116  127
153  151
152  127
89  105
112  140
162  137
142  154
151  131
123  113
142  144
148  143
167  131
116  125
150  147
114  116
114  134
181  137
106  122
123  156
148  122
133  116
108  109
160  151
124  134
124  125
138  116
147  147
151  132
174  146
130  115
159  128
117  147
139  158
139  133
125  141
109  124
139  161
128  153
144  131
105  141
108  139
104  101
100  100
134  144
134  127
147  152
133  147
123  141
110  132
109  93
127  121
123  149
148  153
134  120
137  148
131  193
177  142
147  124
100  127
165  143
122  126
113  99
172  144
123  115
144  134
93  101
127  129
133  149
158  147
116  124
179  142
102  133
122  140
134  189
130  128
108  104
107  120
87  106
121  137
118  147
131  121
114  130
138  121
160  152
104  136
170  146
134  125
82  109
110  144
102  130
166  149
100  117
115  151
94  102
119  143
119  128
147  157
134  121
146  136
117  113
124  135
124  145
143  140
116  117
138  139
157  136
120  114
158  151
134  119
108  117
109  95
131  158
127  138
142  129
99  113
129  134
174  140
123  148
106  139
125  150
90  106
136  153
165  130
129  142
98  115
117  136
101  125
140  159
139  156
127  116
122  117
166  134
140  161
106  118
157  149
122  123
127  151
117  115
127  191
175  134
105  127
128  141
135  161
147  130
118  127
140  117
114  133
147  132
75  111
172  136
120  109
130  131
136  182
110  135
113  129
140  135
187  142
100  118
130  114
130  134
140  122
128  127
119  129
128  123
102  96
159  140
160  131
114  95
121  132
133  152
118  122
150  153
131  155
150  145
162  147
158  148
141  157
154  145
135  184
129  120
126  128
98  118
148  141
116  133
146  142
120  107
133  135
143  121
171  141
120  145
101  98
126  148
158  142
127  139
186  143
101  123
145  156
130  123
112  146
100  97
127  147
149  137
154  135
113  139
118  100
154  138
127  145
111  146
189  141
103  125
87  105
113  110
101  117
157  146
119  145
158  152
130  145
116  140
159  131
161  131
126  118
104  120
131  118
162  129
98  102
113  113
102  100
109  138
135  150
155  126
146  126
157  151
152  145
107  106
137  124
119  152
129  119
165  134
126  125
134  123
119  130
110  105
129  140
122  146
76  111
157  150
164  130
132  145
142  121
166  141
148  134
137  166
162  151
133  138
112  111
128  154
144  133
169  149
122  153
124  120
111  109
115  118
124  119
154  151
148  139
141  129
190  144
140  155
126  157
108  111
168  139
146  125
141  154
126  113
146  134
124  128
150  152
100  122
140  120
151  139
119  125
118  123
181  142
110  111
117  130
145  153
102  111
177  139
154  148
121  122
106  102
99  116
136  188
142  160
147  151
132  147
150  154
170  140
168  142
125  122
104  116
146  156
122  112
173  141
138  142
144  121
136  122
108  125
145  151
120  123
127  152
115  142
104  113
149  151
156  132
107  125
189  142
120  129
106  114
180  136
153  128
151  152
102  125
137  174
124  132
99  101
103  97
137  145
126  129
189  143
145  129
120  139
122  118
111  100
170  132
108  112
91  106
119  120
120  121
176  141
161  144
117  151
116  150
85  107
170  144
108  100
155  150
112  114
113  130
111  106
135  136
161  153
139  153
146  130
145  134
77  111
117  129
149  128
133  132
112  133
156  138
114  121
173  137
160  143
145  122
141  121
114  102
108  135
155  140
111  124
109  120
136  158
151  155
120  140
132  125
111  107
101  114
184  142
120  141
137  137
136  147
151  135
151  149
128  190
154  146
108  120
187  145
118  98
98  116
128  135
175  136
154  136
135  165
138  122
157  134
119  144
121  156
171  146
114  142
162  145
123  153
113  150
118  148
98  119
170  137
125  131
125  116
165  131
105  107
171  135
115  144
163  150
111  101
156  154
146  144
163  135
161  146
116  137
173  140
173  142
140  138
143  152
148  131
103  110
172  137
127  112
187  143
176  145
117  96
136  170
170  149
133  122
135  146
101  95
126  117
182  139
112  113
140  131
168  134
108  145
180  141
136  143
148  138
130  119
109  121
124  115
129  189
106  98
120  117
156  135
151  137
130  142
159  125
128  131
135  186
134  135
144  127
152  126
143  122
135  148
147  139
169  147
124  122
187  139
75  112
143  126
115  150
133  115
136  151
106  92
104  129
136  159
138  118
156  150
85  108
124  157
158  135
110  140
130  143
82  107
101  101
112  120
122  143
78  111
110  109
143  128
93  103
141  153
168  146
128  134
142  157
105  137
164  143
140  151
115  122
126  116
97  102
120  138
188  136
127  133
159  151
135  185
145  146
120  101
183  141
138  133
165  142
130  190
143  157
154  147
110  114
148  147
86  106
103  124
117  107
155  149
159  132
136  149
153  148
91  105
149  135
145  141
124  154
122  149
139  126
154  132
115  104
138  156
153  123
161  151
124  131
164  144
135  166
105  108
118  136
151  153
142  127
106  130
155  133
115  148
128  136
129  122
140  127
147  144
171  142
125  124
132  117
122  109
145  150
103  113
119  133
130  192
126  143
159  145
104  100
169  143
160  135
174  144
133  118
138  135
114  122
167  130
156  149
111  139
160  134
112  97
146  124
100  92
107  117
158  128
148  157
139  148
137  173
147  149
134  118
169  134
110  96
181  145
132  124
190  142
146  120
93  102
163  144
104  123
113  103
120  105
138  140
143  148
173  145
117  137
131  124
127  146
133  119
136  146
143  144
105  123
168  148
170  145
152  128
120  126
116  132
112  124
100  101
123  124
166  144
124  114
118  109
110  125
123  194
105  111
106  96
131  150
183  138
131  122
141  122
148  148
101  119
116  103
157  131
131  127
124  139
142  139
122  194
137  134
118  144
136  150
125  121
135  135
138  137
114  99
130  155
143  131
126  126
132  192
95  102
119  123
138  166
108  140
128  157
101  116
167  140
138  155
185  144
176  137
130  153
157  125
80  108
159  147
132  131
100  99
158  137
139  143
109  117
165  132
132  115
108  128
101  124
133  129
117  134
104  137
117  144
111  142
157  145
119  136
140  144
169  136
149  127
143  156
185  136
153  133
113  133
158  149
166  138
105  112
149  121
150  140
141  146
152  123
133  141
175  141
122  124
168  138
98  122
150  128
158  150
180  143
110  137
112  105
126  156
80  110
153  143
118  114
136  116
124  141
114  103
178  146
135  119
150  144
171  149
104  106
117  98
121  109
109  97
127  143
182  134
123  126
101  112
137  147
121  113
115  143
141  133
149  124
116  94
129  153
98  101
118  104
140  136
119  138
135  183
115  96
99  98
123  131
142  117
150  151
124  144
139  127
122  155
127  132
144  137
147  121
144  151
131  154
121  123
133  136
146  128
152  150
134  152
126  135
110  133
110  124
127  134
134  139
153  150
103  111
184  140
102  129
192  145
157  154
142  155
111  145
139  138
152  152
155  153
142  140
137  119
76  110
177  133
145  147
126  158
120  106
108  138
128  126
95  100
154  133
148  146
152  133
84  108
182  143
125  192
159  133
126  119
134  190
106  111
105  113
127  130
98  95
81  109
145  125
105  118
136  119
151  142
160  140
111  105
151  133
99  100
185  141
148  136
155  155
179  134
149  138
121  115
136  178
144  158
179  146
159  135
172  146
136  137
116  115
122  108
141  118
165  133
153  156
136  169
155  144
111  123
79  109
99  124
103  103
124  121
99  125
142  138
120  151
172  135
120  127
142  142
186  139
180  138
169  145
138  132
154  144
108  126
155  131
110  120
182  144
140  119
118  129
164  152
125  155
107  115
114  141
121  125
83  106
103  118
153  134
132  130
134  157
133  154
87  104
164  132
127  131
130  120
136  115
112  131
121  136
123  138
152  155
119  117
104  118
143  158
126  120
171  134
142  150
194  145
124  129
124  130
174  134
102  93
115  126
121  151
116  112
113  114
107  121
104  114
103  135
139  152
127  123
163  132
119  146
134  116
163  142
136  134
108  127
124  151
140  148
113  101
184  137
108  98
146  122
123  117
105  99
104  122
179  139
104  115
