817
124  78
116  83
107  68
100  79
178  119
128  110
100  81
115  73
128  107
96  79
135  110
136  89
131  110
118  98
125  82
137  101
128  80
136  116
148  101
118  69
101  70
126  115
127  79
123  94
132  91
128  85
113  103
102  66
127  84
152  103
93  65
145  107
150  97
130  83
108  65
127  100
169  113
151  103
123  100
147  101
116  112
117  84
95  69
149  111
164  115
143  98
122  99
121  93
148  99
107  81
122  76
132  105
127  96
159  114
162  108
162  115
109  102
130  95
126  124
133  93
149  101
149  109
108  96
115  85
121  103
139  102
134  100
101  76
131  95
127  87
149  108
121  116
141  105
143  91
157  109
104  73
162  112
147  103
127  82
132  85
124  117
145  102
96  65
142  95
96  78
123  93
121  113
100  68
137  102
111  77
124  84
134  116
109  104
136  87
96  70
149  104
123  97
141  96
124  101
130  110
162  110
175  117
130  96
141  111
124  114
137  95
175  116
122  113
131  92
132  115
122  112
115  70
129  115
122  81
124  115
126  94
103  79
122  78
186  124
175  118
105  97
138  90
190  123
109  84
125  111
122  85
108  87
122  117
146  106
121  92
100  84
140  87
136  86
166  115
121  107
97  65
156  104
121  81
120  109
144  97
125  122
119  118
120  99
163  107
120  105
129  81
122  94
133  106
194  128
140  98
132  117
124  108
138  94
134  105
135  93
113  94
133  84
148  96
193  124
111  90
122  109
123  82
120  101
120  90
148  104
179  119
102  94
168  112
167  111
101  79
133  86
114  99
136  96
141  102
94  70
110  96
120  71
145  108
204  131
135  94
202  131
197  128
138  101
195  125
142  112
141  90
135  87
131  84
117  81
147  113
109  65
107  62
163  112
191  122
106  95
130  109
129  99
138  99
120  110
120  75
143  89
125  80
120  91
134  82
134  90
99  77
124  90
128  90
107  73
151  110
109  97
116  103
137  100
120  107
134  109
150  104
110  70
121  99
108  103
161  111
111  107
140  89
130  97
128  94
118  100
127  80
126  116
121  77
119  72
99  78
124  77
111  79
142  100
139  97
107  96
121  95
186  123
123  105
116  94
134  83
118  118
198  127
121  91
150  113
160  108
191  123
123  95
118  90
99  69
105  75
141  94
137  107
101  88
139  89
126  101
114  102
108  100
133  101
129  106
133  116
128  113
126  120
113  89
110  68
178  118
131  97
114  76
196  126
121  79
120  114
114  66
102  65
129  117
99  65
140  105
128  104
111  86
152  98
147  102
96  75
111  100
101  95
107  75
117  70
111  101
171  114
131  106
159  104
122  105
130  89
117  75
163  111
126  98
156  114
97  68
121  115
115  96
130  93
105  74
170  112
142  89
150  98
159  107
112  70
179  117
129  82
126  97
104  101
112  105
94  66
167  113
93  71
127  102
135  84
122  86
126  84
92  68
148  110
127  81
131  88
140  95
133  100
155  104
148  97
157  103
159  112
138  96
112  67
131  93
135  111
124  122
118  97
150  105
140  97
140  102
115  74
99  81
123  115
165  112
147  105
133  83
142  108
126  107
133  107
128  84
117  67
114  103
125  77
149  106
135  90
104  78
145  105
130  102
126  83
142  99
155  107
143  97
102  84
140  101
112  80
133  97
191  125
102  82
122  123
200  128
101  81
93  69
106  88
127  98
141  89
134  94
96  73
148  113
116  77
126  82
112  97
119  87
106  92
136  115
125  124
105  65
99  64
103  97
101  64
138  105
132  82
139  90
153  98
131  109
150  100
131  81
102  76
129  80
139  100
134  84
132  109
136  94
112  82
123  92
118  109
114  84
136  102
107  106
134  96
115  77
132  103
144  96
135  104
130  87
101  68
131  100
130  86
189  122
125  81
127  90
134  111
145  94
141  92
122  95
136  88
138  116
132  84
138  85
150  106
109  95
193  127
135  103
109  93
123  124
112  68
106  104
167  115
125  93
129  84
102  93
165  113
115  69
113  81
104  64
153  99
145  99
145  101
122  87
137  91
93  70
124  80
142  98
126  100
161  110
142  88
113  67
140  93
139  101
117  113
103  63
114  72
122  124
138  86
126  90
130  114
102  89
152  111
122  75
136  99
144  98
138  112
128  108
131  118
115  122
86  67
102  79
118  80
130  111
104  90
120  117
101  80
128  78
129  95
102  70
133  103
115  81
160  109
112  64
143  93
153  104
123  78
126  119
116  76
148  108
106  68
149  107
134  97
107  99
93  68
104  66
201  128
131  117
92  67
183  120
137  99
100  66
146  97
149  97
123  109
110  63
117  106
120  95
105  64
111  71
109  72
135  96
108  98
133  88
156  102
100  78
142  90
127  121
129  102
144  94
125  88
123  107
120  85
140  114
116  69
143  103
147  96
168  116
122  80
103  98
114  70
121  98
133  87
133  113
150  109
149  103
137  115
147  104
113  99
114  108
124  79
116  74
101  75
119  92
121  85
138  110
129  83
119  89
201  130
145  96
122  111
110  105
123  117
168  113
189  125
128  86
108  62
129  87
166  111
98  79
146  111
158  106
103  76
140  115
135  102
103  67
106  63
146  104
99  71
132  101
111  67
195  128
132  112
127  116
120  80
188  124
120  78
123  113
123  101
114  75
118  73
119  115
130  94
127  104
134  107
151  112
109  77
126  121
112  74
118  110
134  87
139  104
104  72
108  64
122  108
118  104
150  95
139  98
129  88
106  102
124  94
139  115
126  99
144  111
102  96
108  104
127  91
122  100
97  73
178  117
153  101
132  100
191  126
168  114
140  100
127  117
95  72
111  65
173  115
130  115
169  116
106  75
163  108
106  96
105  88
124  96
113  101
147  94
120  106
121  82
104  71
106  98
120  82
145  93
126  113
135  89
138  91
132  81
123  89
132  98
134  110
141  88
182  118
107  63
104  83
138  106
186  120
116  67
155  111
159  111
102  85
134  88
164  110
114  104
141  103
138  87
102  71
164  111
122  98
185  121
114  89
124  103
108  70
126  79
114  95
153  100
105  99
111  105
148  100
137  106
123  98
113  78
132  86
200  129
121  94
145  113
99  70
117  96
125  116
120  119
176  116
132  88
128  101
160  104
134  106
100  92
137  93
107  87
115  104
146  98
119  81
134  102
128  99
144  101
133  90
164  112
97  69
119  120
98  66
111  109
121  111
153  103
116  82
121  109
132  90
156  108
104  100
157  102
113  110
136  91
130  92
146  102
122  115
126  93
125  103
153  106
103  86
131  96
115  82
177  118
164  109
138  88
105  66
109  71
123  80
134  89
129  105
115  72
146  107
103  93
119  117
142  94
160  112
119  79
161  105
118  107
114  63
187  122
134  99
156  109
117  107
138  98
129  96
116  70
136  93
152  108
180  117
97  75
91  69
194  124
151  111
130  98
119  88
143  90
117  66
142  103
123  104
100  88
174  115
105  81
128  92
145  95
127  101
131  87
135  83
125  99
112  66
117  77
108  84
98  63
153  107
113  85
117  98
137  103
161  113
124  112
106  84
100  69
193  123
142  106
112  85
152  110
170  117
162  111
111  106
103  64
128  89
142  101
139  93
126  103
133  115
149  96
121  106
109  86
111  82
132  87
108  97
136  112
205  130
142  91
148  95
134  104
131  85
120  79
143  110
165  115
192  123
131  91
125  97
110  66
116  80
127  112
124  106
115  84
125  91
140  111
117  89
143  94
