1121
121  95
117  137
130  143
123  118
146  143
200  174
154  133
182  152
100  100
105  107
107  107
117  134
107  125
146  127
189  163
127  121
131  127
133  132
104  101
98  101
159  133
116  112
160  134
150  140
123  157
120  160
113  101
185  151
150  126
181  148
143  140
196  159
162  145
197  166
151  120
114  116
168  139
141  131
163  140
127  131
102  103
108  126
142  129
168  154
153  122
108  107
108  116
134  123
147  119
184  153
119  117
101  95
128  107
190  156
180  153
142  140
135  148
142  138
134  142
133  133
153  128
123  142
123  158
120  109
121  136
143  118
183  165
174  149
120  99
169  142
155  137
112  105
100  97
150  120
130  123
145  147
104  110
118  127
97  104
105  111
133  135
119  159
141  151
169  149
186  161
138  142
166  136
124  84
199  164
138  117
132  115
163  144
149  136
115  96
132  165
146  145
173  155
123  98
189  158
160  135
113  112
118  98
159  148
155  136
111  124
161  144
122  86
178  146
144  118
167  148
149  149
146  122
102  107
127  116
109  124
171  141
121  94
129  119
180  152
105  99
184  154
146  120
203  169
109  97
152  145
124  145
110  96
93  103
151  141
126  131
129  122
133  122
196  172
132  125
121  85
110  109
137  137
118  109
93  101
139  117
180  149
180  150
147  131
130  109
183  155
119  120
183  151
107  116
116  139
110  165
133  116
174  144
127  138
123  141
148  122
122  146
130  128
121  159
107  122
182  149
130  122
97  102
128  134
133  138
163  142
153  148
198  167
117  160
147  151
89  101
121  106
114  99
144  133
131  109
149  148
124  121
165  134
151  135
106  104
127  137
126  125
194  161
127  143
110  125
144  151
150  145
157  138
137  119
132  147
120  110
131  118
174  146
201  167
140  127
127  145
172  155
120  129
134  136
154  148
114  130
132  151
199  160
147  147
153  143
168  147
112  133
133  149
106  102
119  115
139  115
157  131
141  118
180  154
106  95
122  85
145  134
131  150
124  134
141  144
95  102
146  124
117  113
117  115
120  101
119  133
148  134
124  118
172  149
133  141
118  126
114  108
149  150
138  146
159  131
134  110
143  121
197  167
122  158
157  149
118  122
134  146
124  103
147  146
136  115
142  116
193  169
99  98
124  112
173  154
94  102
141  127
134  127
153  129
126  143
124  135
124  157
180  159
119  138
122  133
140  147
166  139
103  93
147  124
140  115
145  131
140  148
140  119
137  145
87  103
141  149
188  168
197  160
122  109
161  146
173  153
154  132
106  114
199  175
179  146
103  103
171  150
126  128
182  161
155  133
156  136
149  138
130  133
130  125
127  130
114  133
175  152
141  139
100  101
192  157
168  148
142  120
195  166
115  122
136  141
146  126
145  141
151  147
127  147
101  106
121  123
124  141
109  95
195  167
133  147
178  147
113  132
176  150
172  154
109  120
144  131
194  157
157  136
121  107
126  118
188  162
160  143
179  153
204  165
120  145
124  130
123  105
156  149
97  103
162  142
157  137
120  121
169  145
117  107
154  144
162  147
127  146
127  140
134  135
113  110
121  122
176  145
129  136
108  114
140  135
114  104
148  146
146  147
119  136
142  144
120  122
146  128
126  148
125  156
165  142
126  129
142  124
99  104
159  140
112  120
138  116
105  108
203  165
161  131
150  137
119  118
163  135
178  156
98  103
115  161
121  120
118  90
123  101
147  149
158  147
121  140
124  119
148  138
110  112
180  161
180  148
126  133
117  131
145  146
177  154
148  143
157  148
119  128
102  93
150  133
138  140
175  151
175  155
123  104
114  102
136  122
141  133
157  133
123  124
107  115
129  140
122  108
142  142
126  124
154  146
133  148
144  137
148  136
133  124
191  168
133  129
135  110
118  97
145  129
119  88
125  141
132  112
129  153
117  136
118  129
142  125
135  135
171  146
136  112
185  154
127  132
110  120
111  123
113  130
137  122
117  122
113  94
116  117
126  117
173  150
124  129
165  133
169  143
119  129
153  138
148  139
117  106
113  134
117  130
136  147
119  122
103  97
129  117
123  131
128  145
154  128
151  129
112  166
120  114
144  139
173  151
187  169
111  100
128  123
187  162
138  125
130  153
138  122
198  162
99  102
146  144
106  105
185  156
199  166
130  119
131  124
174  157
149  135
117  129
151  132
131  154
158  135
100  104
119  161
140  131
140  118
185  158
189  162
134  131
172  151
113  114
126  134
158  144
122  126
107  96
193  168
134  120
154  138
140  138
158  138
120  139
196  175
202  174
139  127
124  117
105  97
146  134
132  117
189  168
95  100
121  135
125  131
114  122
160  131
190  168
126  115
128  135
139  140
136  146
186  155
139  147
142  127
195  157
127  112
91  103
128  136
108  125
136  137
176  144
129  149
154  136
134  121
122  117
132  124
105  105
134  125
108  109
122  100
197  173
135  111
143  126
93  100
123  113
135  124
188  160
140  122
144  126
152  127
177  149
151  140
194  156
179  152
125  111
134  150
185  166
106  121
120  127
122  99
109  117
122  87
181  154
135  150
150  147
158  148
143  144
127  117
100  98
203  174
100  99
116  103
131  110
132  130
116  133
145  124
179  159
111  127
120  105
162  137
147  121
158  128
132  123
139  133
123  138
167  150
108  104
110  132
164  132
151  127
124  120
154  135
134  139
143  131
175  148
130  110
133  113
106  107
139  138
113  133
126  121
174  143
171  149
118  107
137  147
151  131
128  126
120  95
123  100
193  160
88  102
119  144
132  141
116  137
127  139
121  99
128  153
131  117
144  121
122  141
120  91
139  148
140  117
170  146
127  133
121  98
199  176
155  134
125  116
101  105
131  106
131  122
122  105
106  118
156  135
127  148
199  165
108  98
172  140
131  119
128  154
134  144
113  165
112  97
163  132
111  105
103  107
94  100
115  118
171  154
151  133
141  129
139  153
157  146
185  152
110  124
127  123
108  128
184  164
137  154
99  101
130  131
138  139
121  116
135  119
130  114
116  128
196  169
117  98
93  102
149  127
174  148
130  115
139  152
146  125
152  126
166  141
133  142
188  155
129  105
133  118
119  87
122  113
193  172
146  136
118  125
147  132
187  163
149  121
116  124
113  103
124  115
169  150
170  145
123  115
148  131
99  105
136  149
152  128
109  102
144  117
134  119
138  137
120  90
115  164
112  131
133  119
148  141
155  140
185  161
134  152
134  166
130  134
153  134
160  141
136  153
198  172
126  113
136  136
127  124
138  112
118  118
109  126
111  117
123  156
114  89
143  127
100  102
193  158
155  126
195  171
142  121
114  103
128  131
147  139
129  142
123  117
109  121
151  142
129  120
112  111
128  127
127  134
166  149
121  132
149  133
194  160
156  138
152  150
157  139
117  89
153  123
116  163
152  133
121  109
193  159
148  137
132  145
112  114
108  117
108  118
145  150
143  128
188  166
124  128
166  134
147  130
166  144
151  139
98  98
178  157
90  102
103  98
124  131
169  147
155  131
149  137
146  142
140  136
146  130
140  120
143  152
142  133
188  154
104  111
134  111
108  103
176  160
116  140
122  98
121  157
134  109
133  152
182  148
123  109
184  151
191  163
105  116
185  157
130  121
114  118
108  112
118  104
116  125
154  145
124  132
145  136
192  167
136  118
140  141
173  145
101  98
136  116
130  124
126  135
102  96
189  155
108  96
131  128
168  153
181  156
152  143
191  156
187  157
140  151
172  146
111  101
107  117
122  128
176  151
169  151
179  160
149  132
129  115
126  142
148  147
176  152
118  100
134  116
126  116
148  148
145  132
126  119
103  106
117  96
137  115
184  160
112  125
116  127
122  118
122  123
197  163
189  169
113  89
120  119
141  122
182  158
118  123
168  138
106  119
92  103
130  120
125  124
144  122
130  111
101  104
111  164
121  124
112  124
135  137
118  136
136  119
139  143
158  137
165  136
110  119
175  153
107  99
90  103
122  115
155  150
137  134
183  153
176  149
188  158
106  111
151  143
153  150
171  142
128  141
126  126
171  153
136  150
145  122
119  137
124  139
134  118
123  107
163  138
123  126
119  89
179  151
123  121
122  111
183  152
178  155
184  150
167  140
95  103
106  96
120  123
124  144
143  148
154  149
206  168
113  99
142  139
177  153
164  143
122  140
120  107
136  117
159  135
204  166
159  130
159  132
120  106
121  111
119  92
129  134
132  161
140  132
133  151
112  113
144  127
138  118
136  134
149  124
170  144
173  142
107  106
145  125
108  100
111  90
131  121
114  121
115  119
129  106
102  94
118  159
139  126
110  114
132  109
107  113
126  120
111  107
113  115
135  143
124  106
173  152
175  158
120  117
120  141
130  145
155  149
121  113
178  152
122  124
136  143
107  120
121  137
133  115
110  111
132  131
137  121
116  94
138  135
170  140
105  113
115  126
170  149
135  136
106  98
134  132
109  93
102  100
121  144
141  121
180  147
124  146
152  123
159  145
118  110
128  133
166  138
116  115
128  108
141  120
116  120
105  112
119  127
172  153
153  133
138  133
168  142
122  112
113  164
150  128
117  139
130  142
149  142
156  132
140  114
108  127
119  130
120  126
98  102
129  127
110  105
111  106
157  134
125  122
138  121
134  133
117  118
123  89
177  156
133  136
121  139
186  156
101  102
144  134
173  149
120  140
113  113
175  144
159  147
113  129
114  95
177  151
130  149
104  100
164  144
138  150
145  151
136  151
121  91
119  123
99  96
114  134
111  109
115  104
178  148
104  106
165  143
119  143
109  104
124  122
154  147
120  85
195  170
149  128
160  140
151  137
155  144
128  113
178  162
188  161
147  144
178  154
99  100
118  114
120  159
158  142
124  114
146  150
196  161
124  125
152  142
150  144
135  146
116  160
151  123
147  138
138  132
151  149
168  146
140  144
108  111
205  167
159  128
121  115
109  113
108  120
124  108
131  165
143  122
107  121
119  125
121  125
185  159
101  101
116  132
182  163
126  107
157  145
127  129
186  152
204  167
106  92
142  117
120  135
165  150
117  135
137  124
125  121
120  138
187  161
121  103
102  105
122  143
141  146
142  150
172  144
103  109
137  148
132  163
108  97
128  110
