1055
189  146
165  124
143  122
160  135
190  168
132  101
188  146
134  109
126  100
155  121
150  113
134  152
130  123
136  134
124  120
148  108
124  122
192  149
196  161
157  133
143  118
153  123
203  160
123  98
192  155
171  132
185  161
161  128
136  147
121  106
130  110
180  141
130  98
125  97
158  128
195  166
165  143
127  129
186  148
101  104
94  104
150  126
118  164
175  148
131  100
174  149
153  129
162  129
170  129
129  115
140  117
142  108
174  119
146  142
139  127
136  151
147  144
153  122
192  150
131  110
102  103
149  117
142  116
137  119
134  118
161  121
146  125
181  142
142  138
141  144
186  156
171  126
119  165
126  126
152  123
122  161
173  150
155  137
155  131
121  107
106  104
168  134
165  123
159  127
170  145
189  168
107  99
150  109
162  116
155  136
112  170
187  147
110  96
165  136
114  99
211  173
160  123
186  152
122  162
175  151
139  148
177  139
140  135
136  149
144  137
182  149
175  139
100  104
148  136
193  172
145  132
188  166
131  118
111  106
118  104
197  173
127  98
153  134
180  138
119  118
149  124
179  151
194  156
193  174
204  177
172  137
184  151
155  134
115  104
124  103
141  103
139  133
175  117
122  108
155  140
166  134
174  134
142  98
186  155
166  124
126  116
151  132
159  135
146  107
136  116
175  134
151  129
174  130
141  105
103  103
134  99
181  147
144  134
186  150
188  158
161  113
135  124
179  152
168  139
199  164
94  105
144  121
142  117
142  101
149  118
150  104
111  109
197  166
133  101
125  116
145  136
179  146
149  103
167  134
149  132
159  130
174  131
151  131
118  109
132  131
133  122
151  137
184  150
154  135
134  106
142  125
117  115
137  99
177  143
160  112
147  115
101  102
133  119
203  165
166  125
135  110
182  140
168  138
207  166
137  115
191  156
157  138
133  152
175  132
149  137
156  138
170  146
165  132
139  98
145  107
133  129
163  120
197  177
159  114
132  109
110  105
211  176
118  114
160  131
175  141
204  167
121  99
149  106
130  120
114  102
123  101
148  131
120  110
138  118
145  99
198  155
102  105
122  95
159  140
176  152
120  114
170  137
119  115
137  100
144  126
208  177
201  180
147  121
134  132
121  120
123  118
149  127
194  160
123  104
108  109
138  122
177  133
180  153
174  140
155  111
121  116
146  102
124  108
186  143
158  123
140  111
181  146
140  114
135  104
147  114
178  148
177  151
177  153
159  117
151  140
189  158
112  111
159  133
141  118
166  139
122  98
166  123
184  154
158  115
156  136
113  99
142  142
181  156
142  133
193  168
134  104
172  133
146  122
130  131
173  142
137  148
138  133
146  126
188  161
140  147
182  144
140  100
131  122
202  161
123  105
150  117
143  110
180  149
134  120
163  138
163  132
173  140
177  142
179  142
142  99
157  109
175  143
130  124
204  166
109  171
158  138
200  159
195  170
184  153
124  114
173  149
189  162
128  123
100  102
147  101
150  128
137  122
133  124
160  134
140  136
147  139
143  127
140  122
189  153
207  168
152  133
148  137
117  98
133  113
180  144
137  106
162  123
121  103
162  126
155  117
181  148
161  122
120  101
152  117
145  101
143  144
150  116
196  169
189  147
154  138
128  104
184  146
146  115
129  122
152  127
170  140
149  104
139  126
140  102
128  127
138  110
182  146
107  107
118  107
198  167
131  128
135  111
144  118
180  147
174  143
171  133
162  119
148  113
129  117
192  167
142  144
126  120
133  132
183  155
149  135
121  115
125  103
155  120
183  143
135  103
157  139
193  160
148  143
126  115
147  103
134  150
150  133
126  113
149  109
134  116
124  115
171  146
178  146
164  117
122  113
141  129
164  130
126  124
157  125
138  98
187  162
145  134
122  117
145  131
126  121
147  105
139  100
133  116
188  147
121  94
187  163
187  146
112  97
107  106
188  154
142  124
134  135
158  135
178  155
116  103
173  132
122  109
105  97
127  124
188  155
208  174
162  137
125  122
185  156
164  116
148  138
130  128
122  118
153  107
126  103
106  98
118  97
173  129
126  97
159  112
153  128
136  99
138  137
171  142
204  178
162  142
206  168
172  144
148  139
140  115
138  101
157  134
120  106
134  127
190  147
146  128
111  100
129  120
141  146
114  167
165  120
133  107
134  100
199  157
147  130
124  119
151  120
181  154
123  100
192  157
139  104
193  151
165  126
151  123
147  124
123  117
138  139
108  104
169  145
140  131
124  101
125  111
142  121
126  125
191  168
211  172
193  152
165  134
185  159
140  127
170  144
130  114
106  105
177  144
188  160
195  175
154  128
128  99
146  120
125  99
139  102
127  102
168  129
196  152
172  136
200  158
121  95
150  118
175  136
154  132
152  126
131  127
185  157
114  95
145  108
143  103
167  130
142  100
145  102
178  115
128  107
137  124
151  119
126  107
189  151
140  144
142  127
137  103
138  116
101  101
145  105
123  97
146  124
126  158
180  114
176  144
132  115
167  119
113  110
193  153
143  131
156  108
95  103
153  138
169  134
147  113
130  102
126  118
189  155
178  154
143  128
169  142
196  155
178  147
143  121
180  154
145  113
138  106
161  131
185  151
142  106
197  163
130  121
136  112
178  152
134  107
144  133
165  142
118  100
133  135
151  110
121  113
180  143
184  160
143  126
128  157
193  159
134  119
199  165
139  140
149  121
133  118
135  150
146  145
140  105
163  135
141  111
139  147
189  150
134  131
98  102
106  107
148  134
180  152
179  113
153  106
145  124
167  127
189  152
122  100
134  105
116  94
190  150
190  156
154  122
139  117
158  137
199  178
142  103
126  101
196  175
131  119
128  101
164  126
132  100
159  132
149  111
188  162
139  115
155  118
106  102
93  105
175  140
122  112
174  148
151  133
173  137
147  104
175  118
180  112
146  134
126  119
132  103
171  141
98  103
124  117
105  105
141  120
132  125
187  148
136  122
182  143
131  117
134  125
172  146
185  148
124  106
135  102
111  107
120  117
97  104
140  119
146  104
159  111
108  103
196  159
147  131
148  122
124  112
126  160
170  132
141  127
176  140
109  97
174  146
141  122
177  149
127  121
169  125
197  176
104  100
187  157
116  112
167  128
155  107
144  127
185  154
165  133
162  117
194  152
127  101
129  102
201  167
152  111
129  106
169  143
187  145
160  140
120  99
150  106
122  105
108  107
165  115
163  121
145  146
150  120
130  111
132  105
164  132
108  98
146  111
126  98
181  139
131  106
159  128
114  104
127  112
148  115
209  171
195  171
144  117
162  121
137  102
195  152
130  125
176  149
146  143
166  138
123  124
134  102
186  146
130  122
137  107
202  159
157  131
199  175
176  139
134  123
144  111
138  121
145  122
198  172
118  98
118  110
160  141
181  145
200  174
173  145
144  101
140  98
123  107
122  111
205  167
138  112
132  123
191  163
199  179
172  121
149  136
140  138
185  147
167  140
176  137
146  136
141  133
113  112
97  102
128  126
205  163
135  135
138  99
133  154
124  121
108  97
115  96
133  103
129  105
120  95
168  124
171  135
135  119
99  104
120  119
139  101
151  127
141  131
199  166
203  169
181  137
143  140
163  140
188  168
156  109
130  115
133  133
144  131
111  169
168  128
142  139
193  158
157  137
176  151
117  113
130  119
195  157
202  174
146  127
192  152
113  167
117  107
152  110
163  117
149  128
151  139
129  99
104  106
158  121
156  132
142  120
155  133
125  124
140  141
128  110
172  122
175  152
126  159
142  140
193  154
136  102
180  148
197  160
121  109
172  135
120  164
196  172
148  110
110  171
175  144
195  153
178  114
147  138
183  147
163  126
190  154
147  119
185  146
163  142
116  167
165  130
171  127
180  139
126  99
132  124
123  121
124  125
164  125
151  103
199  176
140  148
123  115
188  149
167  133
165  131
132  112
113  101
150  114
122  99
128  108
108  100
180  150
182  141
140  118
209  169
147  102
127  123
131  124
136  115
169  136
145  141
113  103
185  142
204  162
127  104
154  133
114  103
137  101
131  109
142  129
154  114
109  104
152  128
152  108
129  127
155  126
182  139
185  158
139  138
159  125
130  109
180  146
141  121
136  119
136  150
136  118
177  140
156  114
173  141
176  145
199  160
176  150
108  96
117  96
124  96
123  95
151  135
149  108
136  153
146  130
168  142
123  109
177  137
153  133
119  117
185  144
146  144
123  113
183  152
144  122
132  130
151  112
132  117
184  142
183  141
151  111
164  121
203  174
122  123
187  161
125  160
146  106
186  161
150  137
149  133
127  117
182  158
124  118
105  107
140  120
209  167
121  111
128  113
140  101
97  103
126  117
197  156
137  121
111  101
145  129
125  121
176  141
163  124
138  117
104  101
127  116
149  138
142  112
134  133
134  121
179  139
129  119
112  105
121  98
159  131
204  165
138  132
140  132
171  138
137  134
163  118
141  149
113  94
172  131
134  111
157  136
136  117
209  168
172  140
156  119
126  128
191  154
163  127
177  154
145  125
138  135
99  102
138  105
179  153
148  104
174  144
134  110
162  115
141  139
120  109
109  102
170  127
150  105
192  153
105  99
154  136
117  165
133  115
156  135
188  150
183  151
189  163
150  140
198  162
110  170
166  141
167  131
147  132
182  148
148  141
166  136
122  115
144  139
114  108
194  157
193  169
128  158
148  117
149  107
171  134
197  167
127  100
185  152
120  107
164  115
138  125
161  118
183  153
138  150
133  106
160  116
182  152
117  106
120  105
133  100
110  109
111  105
194  161
195  167
137  147
131  121
141  102
