1478
143  118
105  88
139  101
142  116
105  60
128  99
111  90
185  156
117  56
141  121
121  71
122  99
155  121
143  144
132  101
145  146
120  99
131  109
146  164
128  163
122  118
121  93
110  170
122  133
147  130
120  117
172  146
102  109
127  143
127  129
138  101
156  132
111  65
108  111
127  164
147  147
129  159
125  77
144  122
139  147
125  99
158  128
123  124
154  128
115  118
140  138
134  120
157  136
131  155
112  70
118  126
106  119
119  67
128  158
144  151
130  122
122  140
105  65
131  110
165  142
128  107
133  103
100  111
111  60
136  150
135  93
103  67
125  116
126  98
131  97
104  58
145  131
100  68
106  114
110  109
108  103
102  65
106  118
121  81
107  121
122  105
133  116
151  142
110  124
133  115
180  148
118  129
117  89
165  143
104  111
170  144
151  159
128  84
124  77
124  134
120  105
133  149
175  143
103  103
108  84
122  80
149  128
109  72
129  105
101  102
120  141
124  94
129  81
177  149
160  134
123  82
126  94
123  72
123  138
102  60
133  113
107  113
138  117
123  117
115  171
104  114
151  140
122  113
123  93
159  130
111  124
123  107
138  125
131  154
119  92
163  140
111  123
100  102
111  105
117  135
113  94
142  138
131  127
114  99
150  120
113  81
125  121
107  115
108  127
124  70
118  98
102  96
123  105
119  123
123  126
130  94
134  146
120  78
120  119
105  119
148  147
130  128
142  112
167  140
116  124
159  135
139  126
107  107
173  145
142  125
132  131
144  111
126  134
115  96
107  96
144  117
129  106
109  55
167  134
134  132
138  118
129  140
145  105
144  134
173  150
162  147
105  113
139  115
127  104
156  119
168  138
145  124
133  133
127  76
133  135
110  105
133  122
145  150
156  138
149  135
154  169
114  171
108  118
134  119
104  66
147  119
147  146
135  96
118  69
122  100
106  75
134  111
151  167
152  166
158  144
105  111
116  115
185  158
176  150
136  137
101  64
186  156
164  144
107  117
109  113
129  88
114  121
130  115
135  102
134  116
122  126
120  140
139  133
148  153
152  143
119  79
181  156
104  73
107  116
129  79
127  116
141  144
107  68
112  82
134  94
114  118
123  94
121  103
142  154
152  133
166  138
108  97
124  112
113  110
119  127
172  144
166  136
116  103
129  127
134  125
157  145
147  151
126  118
101  114
110  120
120  127
116  80
109  93
137  103
136  102
106  88
126  129
146  111
141  139
121  94
138  98
130  143
179  151
135  143
117  98
102  66
109  59
155  131
143  155
128  85
145  129
132  112
141  154
129  122
136  136
134  118
169  150
110  58
148  113
145  141
121  124
115  82
146  136
138  139
150  133
162  145
108  70
146  158
124  169
149  162
111  117
154  165
102  93
118  100
132  147
129  136
94  66
131  150
113  62
116  137
152  123
128  157
105  58
134  106
127  96
135  111
103  97
150  137
142  121
125  103
124  96
129  95
130  149
117  118
109  95
127  84
136  122
134  127
99  110
117  63
116  77
188  160
130  102
188  158
134  152
132  124
103  76
143  121
107  73
107  81
122  78
129  142
128  104
130  171
146  162
138  132
153  133
122  141
113  115
128  113
203  169
143  126
121  99
115  119
137  107
136  141
113  78
121  95
186  155
134  150
146  150
153  129
120  129
152  128
128  94
113  114
118  136
126  74
138  112
148  166
145  113
133  152
124  103
129  156
106  84
121  170
148  117
103  113
111  109
127  102
109  104
146  156
183  151
144  127
122  112
126  165
118  80
145  153
127  124
148  139
120  123
180  153
142  106
134  100
142  133
102  100
123  98
108  114
121  85
153  143
118  122
131  91
120  135
112  97
155  136
124  106
95  62
139  127
145  151
126  115
116  120
178  154
123  101
119  122
151  139
133  138
118  170
138  121
116  76
123  115
136  146
98  66
106  96
131  128
157  171
151  133
105  123
104  71
161  131
120  121
112  114
148  154
149  124
115  81
140  151
185  159
123  78
125  124
150  116
125  171
124  141
158  138
153  170
113  85
167  150
114  102
149  138
109  58
99  109
122  108
107  63
152  145
121  98
109  126
160  135
183  155
123  121
137  147
145  134
117  115
118  123
128  160
163  138
164  143
119  72
151  141
148  143
128  108
126  101
138  146
109  86
114  70
114  134
122  117
120  79
108  62
120  85
133  132
118  104
139  100
117  113
120  75
130  124
132  103
126  133
120  90
163  144
91  64
102  111
100  60
160  140
139  98
138  110
123  118
120  82
142  108
177  151
133  129
165  134
122  123
121  115
162  142
104  100
161  146
149  121
112  55
124  128
129  134
107  99
130  145
165  132
148  137
114  95
121  136
147  139
126  162
168  146
105  99
108  87
140  105
175  144
129  115
127  80
154  132
106  104
142  124
99  64
178  152
147  149
153  172
180  149
138  99
112  66
201  167
115  122
151  123
130  125
125  82
127  162
136  116
134  109
137  99
109  71
145  132
139  117
155  144
110  125
135  148
110  66
124  120
118  59
117  106
107  122
157  138
174  144
101  105
135  110
103  118
120  68
136  112
147  131
142  117
127  112
169  149
112  120
158  135
103  63
144  155
117  136
124  130
137  124
133  106
142  120
116  67
155  120
155  167
124  121
122  98
128  161
121  72
118  90
154  138
141  120
149  111
100  101
150  114
104  83
198  167
139  140
124  71
114  75
130  89
127  132
131  93
127  133
127  139
121  137
111  82
117  77
123  80
117  137
104  121
138  137
101  68
124  73
137  119
130  131
146  122
123  109
139  153
124  129
156  172
115  84
136  117
127  90
173  151
122  85
113  103
149  133
142  129
152  162
146  163
127  79
105  116
151  119
130  142
130  98
157  134
114  108
130  93
127  140
128  101
151  137
131  88
112  113
102  71
106  105
108  98
153  123
111  71
193  160
111  79
131  118
109  65
106  63
119  138
125  91
114  170
117  70
117  67
158  147
131  106
133  101
134  123
133  118
124  67
135  137
170  149
127  138
125  76
181  154
122  111
99  61
108  117
150  164
121  116
115  104
111  86
105  105
155  140
124  64
104  78
125  88
131  117
112  111
141  153
112  105
131  121
101  106
112  131
116  128
176  145
140  148
125  80
126  121
153  164
141  102
128  89
157  131
128  126
145  136
141  131
124  119
126  142
154  144
146  142
146  125
140  136
128  90
157  146
146  160
115  70
112  133
138  150
122  128
174  146
131  119
144  133
112  171
121  107
130  111
127  145
122  87
159  140
113  133
140  147
127  100
152  164
125  122
140  132
115  74
135  124
120  122
102  112
122  71
123  100
130  155
116  132
127  81
104  106
144  137
146  127
148  161
161  144
130  114
177  153
174  149
105  74
100  66
143  127
158  123
130  153
121  91
151  168
126  126
121  92
140  101
147  157
147  114
143  131
123  92
134  139
123  113
107  59
107  120
113  134
110  171
121  125
96  65
120  91
110  114
125  164
114  103
149  166
126  93
171  146
130  97
124  79
136  149
125  74
146  130
164  130
140  135
148  131
109  124
137  134
104  118
134  96
121  66
138  140
101  70
133  107
132  91
153  138
113  54
115  77
197  167
137  121
97  65
107  106
108  65
127  98
93  65
184  153
125  166
116  117
111  67
155  118
126  90
112  64
176  149
154  146
118  97
121  77
112  57
129  80
141  149
106  111
156  173
143  152
102  103
103  117
121  135
130  123
124  125
116  127
173  149
133  119
103  107
140  131
155  126
145  125
117  129
146  134
119  129
187  157
108  126
141  155
121  139
104  115
175  151
109  84
129  82
121  69
128  77
165  133
111  55
162  129
100  69
119  128
125  71
150  128
104  120
133  154
158  121
120  126
128  136
166  134
120  107
143  110
134  102
119  136
106  95
119  115
133  148
147  115
126  97
119  125
131  100
101  112
148  158
151  143
116  170
148  148
123  131
105  107
122  86
129  160
114  130
112  124
112  85
149  136
166  144
167  148
148  165
118  109
121  79
139  152
146  115
146  120
105  112
147  132
127  160
178  146
102  105
112  80
112  125
146  145
151  164
127  87
114  116
117  170
158  142
136  96
148  164
145  108
172  149
139  143
105  64
117  107
140  141
138  122
126  82
166  139
135  103
125  97
121  123
149  127
119  137
126  117
160  143
124  118
151  170
126  135
127  131
148  122
147  121
142  144
101  98
128  133
159  125
105  75
133  136
126  131
126  119
120  110
144  131
132  145
130  110
118  127
171  141
136  151
161  128
119  87
141  118
132  130
151  158
134  133
113  113
104  90
115  63
150  144
147  152
143  122
171  149
116  133
102  70
121  109
113  129
111  106
111  58
113  130
146  128
148  138
110  119
136  99
124  114
98  62
146  107
168  147
132  105
134  121
113  132
132  109
154  122
165  131
121  113
124  101
126  83
122  74
112  170
179  152
124  168
159  133
133  100
135  119
121  82
109  97
124  90
144  126
160  131
141  122
104  101
154  167
129  84
135  136
127  137
159  147
139  104
199  166
112  67
139  148
132  151
113  112
121  140
133  142
137  101
147  164
127  130
142  142
178  148
174  148
147  162
136  115
100  108
105  97
104  113
150  140
104  123
121  171
140  144
114  76
148  134
140  114
180  154
150  126
135  146
131  92
124  135
134  135
113  89
109  121
119  89
117  84
130  109
112  59
159  131
145  122
135  150
103  111
134  104
119  60
116  112
135  135
125  81
128  76
120  101
145  147
146  126
122  70
124  131
143  156
129  102
162  137
136  134
132  90
111  100
146  143
157  173
187  161
125  93
143  157
122  115
180  150
159  145
106  107
170  145
152  126
125  167
140  122
165  136
140  111
155  134
134  136
122  75
115  126
100  109
128  86
159  128
123  142
149  158
111  77
140  118
107  75
130  120
138  133
137  115
141  133
191  163
153  128
133  147
150  167
108  125
128  135
117  131
128  110
128  131
119  64
132  141
124  84
118  114
172  151
137  145
133  93
127  101
141  111
150  162
120  139
182  152
133  124
108  64
103  64
152  117
123  141
163  142
126  116
143  158
141  157
135  104
129  96
150  169
126  99
159  127
109  102
105  66
99  65
171  150
114  122
113  55
105  81
134  142
149  132
127  123
123  172
100  112
104  110
171  142
134  131
155  173
113  99
127  161
157  137
116  58
144  158
123  104
107  62
169  143
124  117
104  116
189  162
129  117
118  110
117  96
108  100
156  170
112  68
120  138
170  140
139  138
116  94
126  120
120  80
106  56
101  108
103  110
105  118
126  100
122  109
121  122
110  63
130  170
166  149
133  141
128  78
122  81
130  134
111  127
156  135
148  163
136  147
129  119
108  96
136  143
178  147
134  105
124  132
137  106
142  140
140  117
159  132
128  141
99  69
119  120
118  118
141  151
168  142
128  80
138  116
120  109
145  107
195  167
139  156
142  127
108  104
120  95
142  139
146  144
117  130
128  134
132  115
174  143
104  72
166  141
140  102
106  102
98  63
195  166
136  119
111  101
116  70
108  107
141  146
104  64
148  146
122  95
134  144
156  136
138  105
148  115
116  74
142  155
150  118
108  112
119  118
151  127
103  109
122  65
144  154
157  133
132  123
145  158
151  135
150  113
110  70
109  120
155  137
129  83
125  72
128  123
130  86
107  125
149  142
110  68
176  151
142  157
129  87
153  122
118  125
179  153
119  117
134  97
149  137
130  87
117  66
126  113
126  125
128  92
189  163
147  113
105  108
137  102
140  120
163  135
115  85
114  133
106  98
130  119
133  97
183  152
119  130
101  104
142  103
130  92
146  154
168  139
114  89
148  141
126  124
152  127
114  66
125  141
155  169
131  87
103  93
108  120
157  139
123  89
133  90
103  86
125  163
113  67
130  83
104  122
143  140
127  121
139  102
101  101
146  124
117  134
169  145
152  142
129  120
115  72
164  132
150  160
137  137
109  77
123  66
113  101
123  95
141  127
121  132
154  133
112  74
163  132
106  122
114  72
124  115
150  159
149  118
140  127
103  98
120  71
146  147
175  148
117  75
106  68
127  91
120  114
143  103
153  134
184  154
126  128
121  120
143  148
117  122
125  131
125  111
173  142
116  125
132  125
158  137
155  170
116  82
154  145
153  165
176  144
110  111
103  106
134  110
155  133
126  84
148  136
102  107
124  108
134  99
147  124
131  96
115  69
131  122
154  135
137  148
196  169
119  88
142  150
116  69
133  151
122  94
148  162
117  81
151  120
147  138
151  129
115  73
124  122
137  122
130  96
153  162
175  152
168  148
148  157
188  161
150  117
127  134
132  117
107  87
137  100
136  118
151  166
141  129
141  105
120  61
119  133
130  133
127  82
176  152
197  166
123  97
144  121
138  135
151  131
169  147
114  63
126  107
153  168
122  124
110  112
129  99
124  78
121  106
121  111
154  136
183  153
126  143
185  154
106  92
131  95
121  59
149  155
130  121
126  103
134  107
102  94
144  118
118  73
140  115
110  96
140  119
118  107
189  158
138  106
109  117
130  95
138  142
140  155
135  94
170  146
143  128
145  156
160  141
169  142
128  127
124  80
108  128
140  100
154  168
111  107
147  144
114  84
151  132
180  152
131  124
124  139
128  145
132  98
119  81
122  76
108  116
100  107
110  132
108  109
149  117
126  79
144  139
127  117
152  171
102  89
141  103
154  170
157  125
120  106
185  157
116  83
114  104
131  158
132  100
106  121
150  145
