1253
175  112
160  96
150  114
132  79
120  68
116  82
147  85
137  119
140  102
143  121
153  103
176  116
128  107
146  126
167  105
144  117
141  157
152  111
129  83
199  103
156  87
130  94
115  72
132  123
172  107
133  86
136  93
129  95
163  121
153  106
149  108
171  98
163  118
123  117
138  79
146  136
171  100
132  109
183  113
140  85
188  103
152  98
116  70
132  84
133  84
129  78
113  99
133  80
130  92
176  101
136  87
168  95
162  96
114  99
152  96
148  94
149  87
111  58
138  88
179  107
163  112
122  65
136  112
161  99
164  110
130  109
115  104
112  66
200  108
133  107
104  71
144  83
128  78
128  104
127  67
130  78
145  101
156  104
142  101
113  103
134  121
134  107
178  102
190  111
139  89
129  76
170  100
175  101
174  100
161  97
129  68
124  115
173  97
132  115
130  87
106  68
147  103
132  112
111  60
123  105
135  161
141  111
144  121
143  90
145  99
148  85
158  115
126  117
137  102
186  108
122  100
174  112
114  84
176  97
113  101
130  120
128  71
159  104
188  104
128  110
148  90
138  156
89  76
182  104
120  109
166  108
148  95
178  112
121  98
119  87
160  123
167  111
181  107
121  81
192  109
184  109
145  147
142  87
134  96
126  100
114  63
134  97
116  69
163  120
108  62
126  94
134  109
113  94
157  109
109  59
120  78
130  70
165  108
132  91
134  88
139  104
133  78
163  94
112  85
121  94
145  105
128  90
161  93
128  76
146  145
142  121
147  114
141  122
190  104
109  86
121  56
168  97
125  88
122  113
180  115
110  58
136  118
163  103
137  121
115  69
172  95
120  90
144  158
131  93
133  106
158  87
124  117
191  110
121  111
139  83
139  97
178  97
120  110
109  65
169  99
136  78
141  92
158  99
116  74
150  126
142  100
130  110
141  85
124  77
147  115
168  107
169  93
137  103
135  102
144  88
124  94
160  91
150  104
133  116
110  96
147  146
124  64
162  98
154  122
120  105
162  115
140  114
155  117
169  107
185  113
123  109
146  104
145  84
183  104
132  117
180  104
142  90
123  82
153  122
119  92
162  102
129  81
155  87
176  107
130  121
177  96
129  106
169  116
169  105
130  77
119  88
120  61
126  113
149  85
167  115
173  112
143  118
138  90
171  96
138  98
144  94
171  101
130  72
124  73
137  93
122  76
150  113
126  115
145  94
161  101
126  101
138  117
128  84
131  87
141  103
173  108
112  97
141  102
157  103
168  103
139  90
118  98
162  108
146  111
127  101
152  85
185  106
131  75
162  123
165  113
120  91
142  160
145  95
162  106
124  108
126  107
156  119
136  119
133  93
146  147
112  82
129  80
132  88
198  108
114  72
147  88
118  107
159  103
151  123
147  138
174  96
135  104
183  110
143  89
133  115
134  90
122  99
164  91
121  109
162  112
159  91
96  73
183  112
146  150
173  113
176  115
137  122
163  99
131  84
196  103
145  83
165  112
148  115
164  121
142  106
159  112
162  119
158  97
191  109
187  111
163  117
153  107
142  98
190  106
164  112
111  79
150  98
167  102
131  118
138  125
173  105
136  115
174  95
123  92
123  107
122  87
114  89
122  81
146  106
152  89
127  104
131  77
121  72
120  80
163  105
138  105
140  122
127  82
146  130
174  101
132  160
151  103
198  110
128  86
127  96
179  99
174  110
128  64
125  77
113  78
139  115
121  99
129  119
149  117
156  102
115  63
146  156
144  131
179  104
181  112
123  93
142  125
169  119
163  108
128  92
114  102
120  99
145  96
141  118
120  101
124  103
152  103
175  109
181  113
114  66
138  91
197  108
136  96
108  84
114  75
92  76
140  117
174  119
135  83
142  124
144  154
132  161
140  118
164  98
150  100
149  89
134  100
172  108
180  116
125  93
143  83
149  128
127  90
110  63
116  58
124  80
162  111
127  79
117  66
144  155
164  117
153  98
136  122
129  120
136  158
134  87
129  84
120  79
129  79
132  101
138  85
146  128
158  91
167  101
122  71
165  101
197  107
112  68
175  114
168  114
181  100
131  95
193  103
119  89
131  97
142  91
127  68
131  81
118  80
117  75
178  109
146  134
117  77
160  108
147  94
140  89
112  67
160  99
143  97
146  102
149  101
116  77
139  156
188  102
113  67
121  113
186  112
155  104
125  71
192  105
178  117
127  69
144  111
159  114
134  94
162  121
171  99
140  101
143  94
126  90
142  103
185  103
182  107
165  120
170  112
140  87
140  95
135  93
144  97
116  80
120  107
145  122
191  112
152  127
166  105
122  111
136  86
122  59
130  79
101  70
149  97
123  66
142  84
148  99
135  124
111  67
115  82
190  103
158  123
161  91
144  118
124  101
155  120
121  91
179  106
167  107
124  62
116  83
150  109
155  93
127  81
161  122
155  94
119  79
149  124
121  103
176  106
189  112
147  102
167  94
154  90
122  94
146  125
144  122
155  95
187  103
129  105
124  90
127  112
152  110
136  117
134  83
115  70
127  100
126  93
169  113
89  77
157  87
129  117
168  110
163  98
147  105
114  104
145  93
150  95
145  158
133  103
125  82
139  80
146  124
148  117
198  109
131  85
151  111
131  76
126  63
181  114
137  107
126  103
141  86
164  93
143  158
121  79
113  81
138  122
145  107
185  112
155  111
115  84
145  113
165  109
160  100
117  98
146  83
137  80
133  87
136  88
171  114
132  76
126  74
121  77
134  118
134  116
125  97
141  121
120  106
179  108
147  92
154  96
95  72
129  73
148  96
166  111
159  93
146  97
124  78
108  65
171  111
143  88
121  106
131  106
175  111
138  94
160  112
151  86
120  95
183  101
145  108
117  67
107  68
138  81
126  97
142  85
123  115
178  111
128  108
122  112
166  106
143  93
139  102
139  81
184  111
129  69
113  62
161  118
97  73
172  105
125  116
129  82
161  113
136  159
180  112
123  78
127  75
179  116
132  98
158  98
127  72
114  108
131  122
133  83
136  89
140  100
170  108
133  81
123  72
167  113
140  93
134  84
151  119
131  91
145  102
121  115
138  86
123  97
189  111
182  111
145  156
138  116
126  99
130  76
119  81
155  107
141  96
189  108
173  106
183  106
140  98
143  81
118  100
90  76
173  110
162  95
144  126
121  95
129  62
118  73
167  110
148  104
162  99
162  90
169  106
128  99
158  88
171  110
122  115
117  63
149  88
145  89
123  113
127  84
162  89
145  125
175  116
123  80
137  99
132  81
126  79
128  70
126  98
152  126
124  118
187  110
136  91
132  103
190  109
125  74
148  134
161  89
153  99
145  131
134  80
142  120
144  98
109  93
177  105
178  108
164  104
174  99
161  111
120  75
156  114
190  107
168  106
146  107
146  127
133  77
118  69
147  144
131  109
197  103
170  104
136  81
156  109
120  71
137  91
160  104
130  97
149  104
110  68
132  100
196  106
160  116
143  157
138  83
129  99
146  86
130  93
119  60
131  88
121  116
166  97
130  114
166  93
130  115
156  108
148  86
129  96
146  98
124  70
182  103
163  111
167  106
117  84
132  82
135  96
133  119
102  70
142  94
138  96
114  103
128  94
177  97
149  103
148  110
130  74
126  60
114  95
140  105
159  117
147  130
164  116
114  70
124  114
189  101
140  115
117  107
121  107
127  59
148  101
129  102
138  118
125  81
172  118
151  127
162  101
99  70
132  90
134  102
117  89
129  87
134  99
187  109
149  84
171  102
139  82
165  115
119  64
133  90
123  104
159  90
138  101
167  119
149  107
111  65
134  123
161  105
150  117
160  109
120  56
173  109
137  106
186  113
121  93
150  118
127  74
142  116
122  74
136  80
117  56
111  86
130  111
130  96
139  84
149  111
124  57
146  115
121  69
145  124
155  98
164  109
90  77
186  110
156  92
191  103
121  82
150  128
169  95
183  100
148  122
136  94
142  112
149  106
166  104
147  104
118  97
147  113
118  110
170  105
122  75
123  94
143  86
138  84
125  111
180  98
124  79
152  123
134  82
172  112
133  101
108  64
134  105
148  113
125  80
126  84
139  101
178  115
116  67
186  107
175  96
115  77
117  106
115  96
135  89
134  106
142  99
146  144
143  98
128  77
129  115
153  101
157  91
181  101
176  108
158  89
139  117
145  151
184  102
163  107
147  131
113  89
142  95
113  85
182  105
123  98
171  109
131  78
124  84
147  121
116  103
150  106
142  88
180  108
131  110
146  85
173  115
124  96
123  95
135  87
144  82
126  83
167  92
142  117
159  107
135  90
146  120
169  110
131  100
115  81
180  101
179  113
131  92
150  116
111  82
155  90
141  94
131  96
199  108
165  93
172  94
135  78
151  110
122  105
127  116
138  106
150  92
127  80
181  110
134  119
164  107
166  100
163  90
121  71
178  100
117  96
137  83
148  108
123  100
135  110
99  71
137  124
152  108
152  117
168  116
140  97
151  84
138  112
129  77
127  98
171  107
175  108
162  117
128  101
186  105
112  64
196  107
143  110
178  114
178  107
137  101
128  85
111  77
158  96
158  106
134  120
138  82
131  117
149  127
176  102
155  118
116  94
164  115
131  121
108  87
146  158
135  94
110  66
133  88
127  91
135  111
115  73
156  95
196  104
128  80
141  81
174  113
150  120
181  105
141  89
91  74
187  105
130  102
158  121
147  132
125  76
184  110
134  110
147  124
137  100
123  101
169  111
112  59
122  95
122  98
134  104
133  118
159  94
131  79
127  102
162  105
175  117
145  150
153  100
128  113
180  109
125  103
121  92
155  88
170  99
140  119
163  95
137  115
146  122
142  108
161  121
118  104
150  97
138  87
133  97
154  114
132  105
199  106
114  76
137  95
188  106
143  122
157  102
145  129
160  88
139  158
178  116
115  74
152  87
136  82
184  114
145  132
148  97
133  122
141  88
168  105
169  102
185  108
144  96
130  119
129  88
150  87
135  119
147  83
141  90
137  84
188  101
133  100
132  75
186  100
118  109
164  111
143  103
144  127
181  111
111  90
127  117
147  96
174  105
179  110
162  116
164  106
124  106
115  85
129  63
102  71
155  121
149  118
143  126
168  112
124  71
149  96
126  119
146  87
123  89
130  71
126  118
150  84
134  111
117  70
152  88
188  105
143  87
125  99
153  123
116  76
138  110
187  102
142  157
143  156
164  102
140  111
125  72
119  67
135  84
139  93
133  113
134  89
130  83
130  86
183  111
132  87
130  98
170  110
174  115
136  99
112  80
148  100
121  59
138  121
128  73
127  62
136  116
184  105
201  112
130  89
118  59
144  101
117  81
162  110
182  108
136  102
143  91
151  88
180  110
134  157
147  87
165  105
182  114
131  119
138  99
135  103
141  120
122  109
122  70
151  120
149  121
127  87
180  114
147  101
122  85
121  66
132  85
142  89
146  154
153  104
147  147
145  153
168  94
140  159
140  120
109  84
127  76
147  139
160  89
166  115
149  109
170  111
168  113
118  90
128  89
159  97
143  84
178  106
147  119
170  117
151  112
126  82
189  107
184  103
143  82
159  111
130  95
120  85
126  116
179  98
139  100
150  105
190  108
120  82
124  67
161  110
122  80
124  60
141  105
139  98
136  79
122  86
119  72
181  108
124  112
122  108
121  85
129  74
135  81
132  86
122  78
125  91
191  107
