1430
134  107
139  102
141  154
190  96
159  97
159  112
174  93
169  106
148  78
121  56
173  105
135  78
180  88
133  86
142  89
173  81
138  76
185  89
177  92
155  80
123  105
142  88
133  101
168  77
165  88
170  99
181  95
135  102
160  108
152  87
133  97
146  134
116  82
143  103
155  83
124  101
163  90
137  72
116  53
171  98
171  107
164  153
149  76
181  101
116  83
120  99
131  76
159  156
144  121
138  94
161  97
136  93
142  98
138  96
138  87
134  97
115  96
120  68
116  58
115  69
181  86
189  93
178  93
135  84
181  92
124  78
137  95
143  87
128  94
125  82
138  85
179  89
166  104
137  106
135  103
145  125
126  90
166  111
158  106
201  94
147  88
162  108
108  84
138  88
127  69
185  87
128  107
207  90
165  77
131  74
123  78
130  71
122  95
180  98
149  87
139  158
131  66
187  94
183  96
124  57
139  81
133  90
136  86
159  80
134  99
171  86
164  110
119  92
130  94
181  100
109  86
176  106
176  84
149  88
114  72
148  73
147  132
144  71
114  76
163  118
145  95
163  132
203  93
156  156
128  85
109  72
130  102
148  115
169  110
194  88
145  94
142  154
185  94
160  75
130  109
99  64
117  84
111  79
132  74
175  87
173  88
127  101
189  96
141  85
125  103
168  94
167  78
128  71
156  87
188  98
173  109
163  94
160  156
138  156
144  94
107  59
157  109
132  69
162  151
133  106
139  100
187  89
140  89
141  86
163  117
169  99
167  111
140  77
185  97
135  111
145  101
171  91
149  89
190  95
125  97
150  109
132  85
123  66
120  91
143  80
126  103
183  100
140  97
144  88
126  100
135  110
167  106
174  84
179  88
111  65
138  69
162  156
115  84
183  95
125  81
145  74
161  121
156  104
143  94
121  59
176  107
163  84
153  101
167  110
135  69
125  88
173  83
147  103
134  69
129  78
162  102
143  148
130  89
144  101
140  101
185  93
117  66
150  81
152  157
164  106
100  66
135  77
179  85
170  80
165  105
182  91
102  66
127  96
121  85
147  85
138  112
153  103
129  80
140  75
170  111
149  109
172  91
112  82
115  63
126  83
160  99
159  104
140  115
136  94
162  112
145  83
158  75
135  72
130  96
134  96
150  106
114  63
152  98
170  108
132  98
160  96
141  153
156  76
178  94
120  61
202  85
120  82
150  114
155  90
119  79
168  84
173  91
182  92
170  86
145  75
141  94
121  95
194  93
171  88
117  96
122  80
140  98
164  109
163  142
116  74
133  88
126  107
138  77
156  81
97  65
108  62
124  62
114  84
195  94
187  88
161  146
104  64
147  80
165  132
134  72
143  93
138  91
130  97
146  143
143  152
181  96
124  73
162  115
133  113
143  121
130  76
123  100
145  105
163  83
116  67
141  90
117  75
166  97
148  85
125  93
109  84
158  115
155  158
149  133
160  89
139  83
134  109
173  90
113  89
129  84
148  95
162  111
133  78
139  98
141  155
133  107
119  88
183  92
190  86
112  53
155  82
180  87
167  94
130  70
163  82
134  111
128  70
142  72
108  87
111  58
135  75
174  80
116  94
142  117
178  102
108  64
143  89
107  68
162  101
160  91
162  154
161  101
158  97
205  89
156  79
126  84
143  88
167  101
194  87
115  81
144  96
153  84
170  92
116  70
186  88
139  97
141  105
177  105
166  108
155  95
108  70
155  76
137  78
139  89
183  98
128  104
168  97
161  151
128  110
135  94
170  81
135  81
174  85
158  91
134  73
115  85
145  81
108  65
124  60
164  98
146  102
171  100
161  152
132  86
153  107
157  91
130  87
134  83
163  157
130  92
184  91
164  104
169  93
123  56
107  75
160  88
130  110
146  125
137  101
145  99
166  89
135  71
156  82
169  111
148  99
189  86
170  79
162  123
143  79
121  103
196  96
131  92
98  63
146  115
194  94
142  116
165  93
148  80
112  67
150  95
142  79
174  90
119  87
148  96
173  97
174  94
133  84
135  96
124  79
185  85
128  101
132  100
178  88
136  76
186  100
134  80
172  88
125  80
177  90
123  89
124  71
147  77
131  91
142  90
138  110
129  63
161  75
143  98
129  96
127  100
140  100
96  65
112  68
152  89
179  87
163  95
175  108
132  73
150  74
137  91
119  89
113  54
150  100
112  97
122  100
120  78
178  86
114  75
190  88
142  85
129  83
177  97
163  126
198  93
172  82
144  151
137  107
171  96
124  67
143  70
116  69
131  93
141  78
141  157
182  97
180  101
184  94
142  77
161  91
138  81
102  65
131  88
121  71
180  92
134  102
139  90
159  103
162  129
172  93
169  107
188  99
134  94
118  98
136  102
134  71
196  87
180  85
130  74
173  106
132  76
153  81
158  83
156  114
133  72
170  85
179  90
140  111
123  93
126  94
164  102
158  82
153  106
132  109
160  104
179  99
136  91
164  93
169  88
181  88
122  87
125  77
149  73
163  98
137  80
124  64
150  84
136  69
144  111
122  70
142  150
129  95
164  130
113  67
126  74
204  85
158  98
176  91
187  95
178  83
132  81
102  60
159  114
121  72
169  89
148  101
137  99
139  104
165  108
113  55
107  81
138  116
149  104
133  70
146  130
156  92
107  63
125  71
165  112
155  88
180  97
140  95
109  59
169  95
159  107
159  155
176  102
149  84
161  113
106  68
164  78
185  92
128  89
124  103
132  101
129  105
129  82
175  93
180  90
127  91
126  98
112  66
128  64
103  67
138  84
146  104
137  83
168  106
134  84
150  105
114  66
133  81
157  156
131  79
147  115
149  107
162  121
159  87
156  75
149  96
111  60
206  87
117  70
115  72
132  91
144  97
122  78
168  91
115  77
126  99
119  64
143  86
120  80
146  126
115  70
162  96
155  156
173  108
167  79
134  89
146  97
150  98
113  85
103  63
128  86
133  100
136  78
158  87
160  81
140  155
146  71
154  114
188  89
134  100
121  93
179  94
151  75
178  92
151  110
134  104
146  122
155  94
136  112
165  82
105  60
142  94
145  84
184  86
162  155
143  97
165  131
146  72
158  88
124  84
172  95
171  83
151  81
130  78
131  77
142  103
111  67
117  77
131  160
189  87
137  71
156  73
145  107
146  73
143  155
130  111
147  124
153  100
129  87
157  102
146  81
152  85
166  91
151  158
190  90
116  77
159  94
110  70
196  93
197  96
121  99
151  111
147  131
162  85
136  81
148  75
140  70
118  69
122  94
137  77
130  98
164  126
128  78
174  86
134  75
164  91
147  92
171  110
163  140
141  79
167  88
122  98
146  111
163  144
112  59
148  113
166  100
138  101
160  112
138  105
151  112
111  86
132  84
178  91
174  91
161  111
183  94
112  70
122  86
163  121
129  62
133  69
134  88
143  71
127  59
130  72
177  93
147  113
177  96
145  141
109  54
174  87
127  79
141  103
148  97
142  155
117  81
120  79
163  111
126  60
175  94
136  74
190  99
127  90
143  90
144  75
140  79
148  104
134  110
109  55
167  92
169  102
171  109
136  158
155  74
131  97
165  81
134  90
191  98
146  128
184  102
137  84
118  80
183  88
163  88
141  89
128  108
144  76
138  72
122  105
137  103
141  81
147  94
182  88
116  76
147  104
145  96
168  95
134  87
152  108
131  85
133  93
142  100
192  90
148  131
183  90
124  106
147  130
155  77
105  65
131  96
148  137
117  63
120  56
97  68
110  68
147  101
187  91
139  77
106  63
162  126
159  90
106  84
165  109
124  80
120  90
143  91
163  99
122  99
174  100
162  142
182  98
189  99
174  105
114  99
138  98
154  90
127  84
142  87
129  81
119  72
163  108
140  105
111  71
149  101
144  122
132  79
127  98
165  101
162  147
111  55
120  71
132  90
153  83
114  95
131  159
145  72
195  96
136  75
167  90
127  67
159  85
134  105
195  89
124  77
152  82
162  105
135  70
179  92
130  86
134  82
174  95
149  97
122  81
133  103
105  64
135  73
166  106
142  112
125  72
161  88
161  83
151  103
171  102
118  100
129  79
152  110
112  80
167  102
164  77
112  55
120  54
146  87
124  70
135  83
132  75
166  79
122  59
133  77
175  80
109  58
161  131
153  99
184  88
172  107
131  109
188  97
191  93
135  90
135  89
141  102
148  110
143  110
147  138
157  103
108  55
117  54
162  98
105  66
174  92
117  67
131  75
131  78
153  76
148  79
185  86
131  87
138  75
123  101
162  78
144  82
102  57
129  106
163  150
122  85
161  84
119  81
176  97
188  100
149  85
142  157
129  88
153  98
137  115
98  66
103  64
115  74
145  122
138  82
146  142
171  101
142  95
142  106
164  125
145  108
148  71
118  54
118  97
127  80
138  79
159  111
180  91
163  120
173  80
142  78
134  106
162  95
174  99
156  157
145  102
186  96
133  74
175  81
115  73
128  76
179  98
155  93
147  96
140  93
163  153
126  63
123  107
106  56
166  88
123  94
107  87
182  89
147  139
170  105
127  62
120  75
188  94
182  90
113  53
131  84
150  92
113  81
142  99
176  88
138  83
183  93
167  91
164  111
127  72
182  84
149  106
153  73
175  86
166  105
140  78
141  71
135  104
170  110
139  76
170  104
163  152
142  70
141  92
143  81
152  75
130  79
129  68
132  112
139  115
107  73
121  77
129  99
165  89
152  88
186  97
136  87
148  74
164  107
145  146
127  75
138  99
156  95
208  89
175  84
188  90
138  90
137  102
128  77
150  87
183  87
128  84
143  118
140  71
127  82
194  96
132  82
171  80
171  99
121  82
172  105
148  100
136  70
139  93
177  85
143  82
163  135
126  82
176  83
166  83
125  99
128  80
138  106
145  93
103  57
126  97
206  91
148  90
125  91
175  83
206  92
117  98
174  89
155  104
161  110
168  103
177  88
149  108
146  80
123  97
158  89
145  113
148  134
198  96
182  95
141  111
137  93
165  133
163  124
167  105
109  77
149  132
105  58
171  81
147  87
122  71
147  72
122  65
123  82
139  79
168  89
136  80
153  75
173  93
131  81
158  96
173  82
162  99
136  96
99  65
152  103
146  106
139  156
146  98
157  76
130  83
160  116
159  75
162  116
133  80
157  87
119  60
186  87
121  98
165  113
156  108
151  86
143  84
162  87
163  138
151  74
155  78
188  95
140  76
155  98
146  127
133  87
123  104
117  56
104  66
120  105
178  97
190  91
195  92
136  99
140  102
174  101
152  96
147  102
168  107
131  95
158  99
125  74
109  53
196  89
197  90
122  74
150  113
124  94
167  107
164  112
132  105
194  91
146  86
191  97
193  93
165  130
147  105
130  77
163  154
202  89
160  78
140  85
132  103
139  74
161  153
129  74
163  107
129  76
170  88
123  98
109  71
164  86
126  93
117  89
141  88
206  93
162  119
178  84
190  94
120  101
155  111
136  79
164  79
149  111
160  153
163  105
123  95
121  79
127  81
110  58
120  85
163  103
124  90
121  91
112  57
121  81
154  96
162  90
151  78
109  65
111  82
144  78
154  80
128  73
131  110
150  97
175  101
153  78
144  77
171  111
170  112
121  69
184  98
172  108
116  80
163  87
145  124
105  81
168  83
151  82
156  102
155  75
197  89
124  96
138  86
144  83
176  101
143  83
106  75
175  96
136  82
185  91
139  84
162  117
131  71
204  92
172  94
159  91
135  93
140  114
192  97
201  89
153  104
169  83
112  74
155  87
146  78
162  86
148  81
170  89
139  82
148  94
114  70
182  103
114  89
111  90
150  80
156  80
152  74
145  78
159  93
161  79
142  101
139  101
151  88
121  66
148  86
160  109
143  77
180  104
129  69
163  75
110  66
186  90
135  87
177  82
161  99
132  87
164  143
161  128
161  118
177  91
144  98
171  90
174  96
150  72
146  85
151  84
142  80
128  92
149  103
166  93
129  73
127  87
137  100
179  96
141  96
128  90
139  72
129  102
121  94
145  73
115  82
161  144
146  124
139  80
111  77
112  64
147  114
140  87
177  89
127  74
150  104
133  73
186  92
165  78
133  83
110  63
162  145
152  111
163  85
127  102
190  87
128  99
170  100
185  98
194  90
146  83
126  79
113  78
127  104
101  64
182  86
158  156
177  95
164  132
143  156
118  59
179  104
161  89
130  95
176  93
157  80
169  105
141  73
123  92
130  93
123  72
142  108
161  122
169  86
113  94
156  109
167  85
160  154
133  76
163  78
132  88
161  93
184  93
146  107
126  101
183  101
118  73
161  105
162  153
160  100
122  75
142  91
163  127
140  74
142  84
104  58
147  75
122  76
119  67
145  89
147  83
168  110
148  136
107  62
163  112
127  68
162  89
186  94
118  90
136  89
136  88
127  76
123  80
120  95
131  106
125  76
168  112
155  107
181  87
129  77
113  62
168  105
162  106
148  108
146  136
162  110
112  85
121  92
131  100
178  100
