968
166  134
151  135
184  160
118  123
185  161
193  168
120  127
126  120
169  150
122  108
109  93
122  128
125  116
213  173
178  154
118  110
147  132
188  174
180  147
180  161
159  157
169  143
128  127
188  176
122  117
131  119
118  97
191  163
143  140
158  121
180  146
151  132
120  117
126  107
160  116
151  137
112  97
140  135
189  158
178  146
156  156
116  94
163  152
214  173
172  151
126  115
171  149
162  156
118  125
149  118
155  153
168  147
157  146
215  173
120  122
189  179
145  134
142  121
100  88
134  131
146  124
133  129
122  113
106  88
114  102
138  110
144  139
150  126
121  115
128  126
193  177
129  115
173  151
122  105
153  122
163  157
142  116
172  135
164  132
140  114
150  137
148  137
158  147
166  149
195  186
159  155
157  133
166  139
145  132
132  103
160  153
158  156
128  101
126  125
129  106
162  147
187  162
117  118
108  103
155  118
186  169
141  120
133  115
180  144
191  168
136  116
149  128
117  106
183  141
166  157
180  154
138  118
184  164
193  175
138  132
162  129
102  93
162  155
105  99
131  118
130  124
143  128
183  168
175  143
173  145
166  144
132  109
142  112
173  152
118  114
124  125
102  85
161  144
156  135
153  138
115  96
176  144
123  100
157  131
140  115
165  134
184  168
154  148
154  132
215  174
158  128
154  135
159  117
161  118
199  165
145  125
197  166
99  85
113  110
145  129
133  132
121  106
201  167
155  133
114  103
149  138
164  151
202  174
103  97
175  153
121  99
151  143
194  161
137  119
171  134
153  150
152  117
111  90
169  134
154  153
126  103
123  101
113  103
181  154
126  121
138  135
157  151
156  157
154  146
180  141
207  168
130  120
147  130
126  128
109  97
114  104
164  153
209  171
149  135
135  110
183  153
182  140
149  124
117  115
147  121
144  133
187  157
127  100
162  151
126  129
131  117
142  125
131  106
140  120
176  139
134  132
189  163
171  142
150  128
155  149
175  155
123  98
163  132
185  158
102  89
140  119
127  116
159  148
137  115
165  143
180  143
180  148
149  117
110  105
155  131
187  170
126  113
145  141
126  101
197  178
173  142
178  155
144  121
162  142
138  125
124  115
159  127
182  158
143  126
123  104
184  154
155  117
161  152
170  140
177  143
146  142
171  135
200  174
128  108
120  99
175  141
192  178
156  138
199  166
142  124
121  109
119  117
158  149
192  182
128  107
159  128
173  158
156  119
134  121
150  117
109  104
136  112
149  121
175  148
128  104
203  165
196  169
145  136
175  151
103  86
151  140
166  154
123  126
150  147
120  106
121  122
109  102
163  154
159  151
192  173
157  149
126  98
141  111
134  123
119  127
155  150
189  162
162  119
180  150
137  134
120  95
172  154
146  134
122  98
147  115
166  152
168  146
197  163
144  137
120  101
149  132
177  153
193  172
151  127
134  118
189  168
129  117
116  103
133  122
211  173
134  110
182  141
171  141
133  107
131  122
158  158
160  156
176  152
180  139
136  115
176  137
125  122
181  165
140  131
120  126
170  145
203  169
122  112
150  116
132  124
146  122
124  103
140  132
144  127
123  107
177  142
174  148
96  88
150  118
130  115
104  90
171  138
118  122
199  176
162  117
177  144
167  150
157  156
160  134
120  114
105  97
135  111
130  122
193  176
125  99
149  133
121  95
160  151
127  101
114  99
135  119
160  152
145  124
197  176
132  125
176  141
129  122
161  128
128  110
121  111
172  155
174  157
124  117
197  173
164  143
165  133
139  115
134  125
127  121
166  141
125  124
211  172
177  151
97  88
118  98
181  139
178  147
99  86
148  117
137  122
101  88
104  100
121  125
141  118
146  130
146  127
197  167
120  119
106  92
177  154
158  123
123  131
144  117
127  123
144  131
122  95
105  88
126  99
176  149
204  166
174  140
173  153
144  122
132  115
177  137
99  83
133  103
146  126
121  123
108  96
161  131
169  136
120  123
159  133
123  121
136  122
186  161
125  131
107  99
111  101
172  140
154  122
123  109
163  138
102  94
111  105
181  147
179  160
172  153
149  142
130  114
121  116
100  84
155  137
130  110
181  148
193  169
162  121
122  124
179  146
108  104
185  157
173  154
192  175
134  127
140  122
138  133
151  123
212  169
132  105
158  150
193  183
197  177
121  103
147  138
114  108
169  145
159  145
109  86
164  144
159  147
150  145
180  152
165  154
175  160
133  124
132  130
146  136
131  127
120  121
120  109
147  119
151  147
130  121
165  156
188  168
182  165
111  107
195  166
134  109
146  120
157  150
209  168
182  152
123  113
122  100
116  115
172  144
100  92
173  149
126  118
165  132
151  139
98  89
152  128
145  113
159  131
176  151
122  126
150  144
183  143
141  127
139  133
181  146
142  138
126  124
165  136
132  112
148  138
134  116
181  142
118  107
101  95
114  95
170  144
192  183
117  122
175  136
119  115
171  150
185  173
127  102
123  115
161  146
102  96
123  105
187  163
108  87
154  147
141  122
162  145
195  183
155  121
113  99
161  153
133  113
139  127
118  118
205  167
103  98
111  106
180  153
152  143
127  129
106  84
132  131
167  148
124  130
148  143
115  104
145  131
170  149
147  139
124  112
126  116
152  133
177  149
134  107
130  109
129  120
173  140
153  143
206  168
154  128
195  184
156  132
129  127
160  135
155  144
117  98
106  95
153  123
122  111
191  184
154  136
159  140
170  156
130  125
131  109
168  153
124  128
131  124
161  122
175  152
178  157
153  134
124  114
178  152
149  127
134  120
183  155
177  140
165  155
122  123
108  97
199  164
157  138
186  176
131  121
124  122
204  165
151  119
122  115
111  86
152  123
159  130
156  150
124  119
151  120
166  138
113  94
144  134
126  100
163  150
171  146
154  138
189  175
146  125
182  161
154  151
155  140
181  156
143  127
124  106
116  112
167  134
153  128
150  140
140  111
98  85
121  98
188  172
121  107
159  125
156  154
174  143
138  116
180  159
135  124
196  161
126  119
168  155
112  105
153  148
162  153
119  122
174  144
106  102
124  129
198  167
179  151
121  120
178  148
160  123
174  149
159  135
187  161
108  100
152  142
189  169
120  110
160  140
185  166
133  119
143  122
130  111
107  87
133  118
162  158
148  122
126  126
123  118
186  156
194  160
145  122
209  169
193  174
167  155
142  129
123  117
181  145
176  145
134  119
162  123
203  174
193  160
129  105
167  157
146  128
143  131
96  87
124  108
124  131
176  160
185  156
147  124
174  146
158  142
143  121
119  118
195  181
159  150
152  145
118  109
125  103
187  169
195  167
158  151
137  121
178  162
164  152
153  133
157  148
161  151
156  136
110  96
151  142
140  118
166  136
193  179
179  153
127  112
106  98
149  137
157  137
167  140
175  139
124  118
147  131
160  131
125  111
120  107
158  135
165  142
198  184
103  93
179  142
130  128
183  165
153  129
138  121
121  113
127  104
137  124
159  132
139  117
136  117
148  115
173  141
183  172
125  121
131  110
113  89
140  138
188  160
159  153
149  136
160  141
144  118
188  162
168  148
198  172
152  126
117  107
140  127
132  123
141  131
172  137
179  165
168  154
130  123
122  94
162  154
169  151
163  142
157  136
211  176
132  117
158  115
141  139
118  126
109  95
168  142
195  171
157  134
155  120
158  148
158  152
182  163
195  170
213  172
172  146
170  137
134  106
138  117
158  144
117  113
118  100
141  133
160  149
129  119
136  119
172  149
155  134
121  94
152  150
142  133
148  136
163  153
162  137
195  175
121  124
188  166
175  144
128  99
158  138
179  139
122  99
148  134
137  107
140  117
195  185
148  131
155  126
189  176
175  140
173  137
119  120
127  124
123  97
159  156
154  145
154  149
119  123
153  151
191  176
173  150
163  140
180  138
144  126
106  96
157  154
133  116
175  158
199  175
208  174
188  161
156  155
154  144
148  141
188  158
161  121
177  139
168  138
214  174
130  119
165  150
196  175
179  152
158  137
124  101
136  118
140  136
163  135
142  139
152  127
154  133
141  121
119  125
122  109
146  115
151  131
133  106
157  145
168  134
177  156
124  121
142  120
117  96
129  102
126  117
156  149
176  150
178  156
151  129
168  139
163  144
171  154
127  117
204  167
171  153
113  101
151  133
139  126
138  122
131  128
157  125
190  176
134  111
136  134
180  149
111  100
196  172
160  143
98  91
141  129
176  140
123  95
169  147
169  142
124  120
128  123
150  133
170  146
120  105
118  104
142  117
182  144
185  159
130  102
190  168
158  154
128  113
155  136
159  149
142  127
182  143
123  124
107  96
155  154
150  120
157  139
192  167
102  84
138  112
179  159
120  129
169  149
108  98
195  178
151  141
173  155
142  140
143  118
148  139
160  154
172  136
122  118
