664
167  102
98  105
183  94
92  107
118  100
182  105
163  107
87  103
130  95
105  108
182  108
108  100
148  96
121  106
120  109
100  102
137  95
93  108
109  104
149  104
179  96
121  103
187  102
138  99
156  104
119  89
103  111
206  91
153  99
182  104
134  106
165  105
108  111
95  105
181  108
183  112
94  106
177  97
162  105
183  104
166  97
94  105
99  100
90  108
180  112
151  103
131  110
140  101
133  107
94  104
130  97
107  107
128  101
89  106
142  95
157  103
97  104
149  96
188  95
166  105
127  104
170  105
152  103
87  106
195  92
121  95
116  120
143  103
130  109
130  98
98  106
189  96
118  97
179  104
122  94
120  107
114  116
97  103
126  98
104  101
164  102
114  103
127  102
146  98
174  101
162  108
153  104
143  98
98  109
197  90
137  102
180  97
122  111
149  108
110  111
93  102
101  101
122  99
90  102
113  114
95  103
123  98
170  104
124  108
98  103
181  101
180  101
137  101
136  102
142  101
180  108
181  105
141  105
99  105
185  92
155  104
188  99
101  102
153  100
119  92
124  106
121  92
138  110
144  96
168  97
196  89
129  99
100  104
188  94
184  103
139  97
194  96
121  107
134  111
115  96
168  105
204  92
181  96
126  101
171  99
188  97
153  107
105  111
117  106
160  104
150  98
99  106
153  101
103  103
134  96
135  111
130  96
178  107
185  94
183  96
112  111
178  100
161  97
148  99
176  106
126  107
181  107
114  118
175  109
196  96
106  111
129  105
148  108
108  112
155  107
125  111
148  101
201  94
162  102
102  107
122  105
100  109
144  101
139  104
136  96
175  108
201  89
167  106
135  103
112  97
101  98
142  108
188  102
183  110
93  105
111  105
103  106
202  89
104  106
106  98
149  109
127  90
116  112
96  108
100  100
116  115
138  98
99  108
164  106
197  96
99  107
181  100
89  104
114  102
177  105
85  104
160  109
183  98
145  99
185  103
102  100
170  100
130  110
187  94
174  100
161  105
113  113
145  96
123  82
162  101
112  113
140  100
95  108
109  97
137  103
190  90
108  104
101  104
129  95
161  101
94  102
114  99
185  98
134  99
129  106
169  99
88  102
195  96
143  110
123  95
182  111
105  105
171  101
184  98
162  106
155  98
163  98
118  104
108  98
130  93
120  106
171  102
138  101
126  93
113  103
137  106
188  98
132  101
117  115
167  105
120  99
111  117
131  109
145  107
194  93
135  104
146  106
133  97
123  104
125  97
203  93
139  101
95  107
98  101
138  96
186  92
195  89
99  110
91  103
160  100
164  107
100  101
121  109
117  98
184  102
170  99
113  112
168  106
178  109
131  106
198  93
134  97
192  90
101  105
190  95
207  90
124  94
123  100
166  108
124  96
106  107
86  104
142  99
98  107
186  97
134  107
169  102
123  107
150  97
184  93
142  98
150  104
163  108
205  89
178  108
120  90
125  91
139  100
110  112
128  107
106  102
140  98
125  103
130  111
115  104
93  103
110  105
174  105
119  88
97  107
126  99
179  106
113  99
176  107
124  90
182  97
186  96
146  104
166  106
102  105
89  105
91  105
149  107
118  114
194  91
123  101
118  90
167  101
126  90
90  103
182  103
102  111
116  103
100  111
118  110
122  85
108  109
92  106
162  98
147  104
126  84
108  97
112  114
166  100
185  97
94  107
86  103
126  103
175  101
150  105
158  97
126  97
197  89
132  105
127  98
90  106
173  106
178  111
196  93
152  108
110  109
125  99
194  90
149  101
149  103
188  101
123  92
158  99
159  104
138  106
179  110
191  98
162  99
174  99
92  103
140  97
109  102
139  98
183  111
104  111
131  95
120  91
140  105
91  106
183  93
176  108
145  101
111  107
118  118
128  99
163  103
113  110
180  110
193  93
123  93
132  109
112  105
166  104
185  93
137  99
134  110
158  106
181  110
99  102
134  109
145  95
146  102
99  101
169  105
117  96
182  95
121  91
165  108
206  87
93  109
122  95
135  102
123  94
105  107
161  99
159  97
147  103
206  86
182  107
114  104
102  103
137  100
189  99
87  105
132  98
128  94
148  100
129  102
127  96
171  100
189  93
136  99
186  100
194  94
180  104
89  101
181  95
121  111
122  86
139  102
122  100
159  107
114  108
103  98
178  102
153  103
147  101
143  97
190  94
101  106
104  110
103  110
142  100
126  100
134  100
100  108
190  91
103  107
97  106
111  101
183  101
145  102
100  99
131  96
145  108
85  102
97  102
160  108
107  106
99  104
164  104
130  102
140  95
107  99
121  93
108  103
95  106
100  98
97  109
113  101
86  106
109  113
132  100
118  107
178  97
176  101
118  109
132  103
146  107
179  99
167  107
131  100
179  107
160  99
181  112
108  107
147  96
110  114
135  96
133  101
115  119
141  102
181  111
169  106
148  104
127  101
180  109
103  109
122  109
147  105
105  99
190  96
191  93
176  97
121  94
134  104
148  97
142  106
141  96
111  106
120  105
172  105
134  105
106  104
144  98
124  84
141  103
121  99
123  97
120  101
93  101
133  103
146  97
180  98
165  101
129  96
125  88
87  102
164  98
111  100
144  97
98  102
126  94
176  102
116  117
147  102
168  107
133  100
122  108
126  83
123  109
148  95
149  97
95  100
153  106
187  91
87  104
106  105
117  107
153  98
173  105
183  95
131  97
130  94
145  105
135  110
120  110
101  108
137  107
91  108
187  95
182  98
100  107
171  98
102  109
99  109
113  115
138  105
98  108
121  98
194  88
163  105
124  101
95  102
191  97
125  93
120  95
186  94
150  100
188  100
179  98
168  103
159  103
150  106
118  98
128  92
104  100
93  100
195  94
86  102
117  113
156  102
123  105
179  108
184  94
192  97
122  87
127  91
133  106
94  100
152  98
157  102
128  110
134  102
142  103
190  99
127  100
128  104
123  89
140  102
124  103
148  110
163  99
183  100
111  109
128  108
178  106
115  118
105  97
122  98
149  106
93  107
158  98
117  118
