759
109  95
137  107
158  138
108  107
154  145
148  141
142  142
155  137
140  105
158  137
144  121
111  100
139  104
172  155
106  104
120  106
114  104
153  138
114  116
163  142
100  88
191  156
137  103
178  157
105  99
137  102
172  174
133  106
138  106
108  111
132  124
166  154
165  142
95  84
138  116
170  165
168  160
99  96
116  112
108  109
154  146
126  118
183  152
146  126
142  103
151  132
193  151
91  85
134  116
134  109
149  138
123  113
184  150
100  92
126  124
122  115
188  155
178  155
134  119
129  127
137  121
118  104
170  159
146  124
152  127
171  153
140  122
119  120
118  98
152  128
131  110
99  98
133  107
121  111
148  131
108  116
135  104
124  101
87  80
131  128
111  106
189  155
149  142
183  151
123  100
136  118
84  81
98  85
173  170
137  119
99  86
121  122
153  128
122  118
111  105
140  127
121  116
148  134
124  121
133  132
167  164
127  104
141  120
141  127
141  133
118  107
172  151
152  133
113  94
168  147
157  139
153  134
103  93
150  133
158  144
161  144
130  119
102  96
82  78
136  119
193  154
167  161
141  131
174  170
128  126
140  115
184  151
141  144
170  171
95  83
158  148
157  145
153  133
168  158
161  146
148  136
154  135
164  151
142  129
151  142
107  107
164  144
157  138
136  117
159  149
86  81
121  99
129  120
177  154
111  117
124  125
128  107
145  122
160  149
112  113
123  105
127  100
169  151
108  103
139  126
107  117
167  157
167  148
178  152
114  118
126  126
181  154
151  139
126  117
138  135
132  131
107  99
144  134
170  156
156  136
143  128
167  160
139  101
136  122
134  131
91  82
151  141
131  122
100  99
111  107
116  103
175  152
110  111
189  152
120  119
108  97
171  163
133  122
146  127
156  138
168  159
133  100
174  168
168  163
111  109
173  155
118  110
157  137
135  119
142  139
143  122
117  96
186  156
122  111
113  103
185  154
144  127
168  154
107  96
115  96
97  88
132  130
83  79
142  121
132  123
118  97
146  130
165  143
146  136
82  74
104  100
145  136
137  124
133  113
130  109
167  162
120  107
76  72
155  134
151  143
90  85
165  150
185  152
135  103
128  110
174  173
186  150
193  152
135  110
171  168
158  149
175  158
141  105
158  142
124  117
102  100
108  96
183  155
175  160
91  88
172  173
117  107
126  115
142  106
191  154
141  118
130  111
171  162
186  155
140  138
155  140
166  152
134  111
176  150
132  117
139  140
143  121
131  119
132  115
134  104
121  106
134  105
139  143
163  150
130  114
144  126
108  114
154  133
168  168
119  118
138  137
140  131
132  101
119  117
138  110
108  117
122  112
124  119
174  166
146  120
96  88
155  136
151  131
96  87
138  142
151  137
157  146
145  124
128  108
183  153
118  114
85  76
134  127
173  149
121  107
106  105
131  106
128  123
102  89
167  150
159  135
145  132
114  95
135  111
100  98
171  149
120  99
141  103
139  127
126  121
176  151
113  113
126  119
121  113
151  129
85  81
182  149
180  150
124  120
142  125
140  114
138  117
145  107
170  166
147  132
177  151
118  100
113  101
167  159
122  113
174  157
190  156
120  101
121  123
144  131
132  112
93  86
120  109
142  124
147  130
138  105
173  153
150  128
118  109
102  93
151  135
180  149
131  121
129  105
106  98
139  117
186  152
90  83
136  116
133  116
111  101
166  149
135  102
88  82
110  109
194  156
192  153
130  115
155  144
121  109
192  155
131  100
179  152
146  142
142  140
112  105
168  146
146  128
122  99
157  136
147  131
132  103
131  127
107  113
106  102
143  131
127  121
158  147
109  104
157  134
98  95
103  97
146  122
118  118
120  121
159  140
153  143
178  156
168  153
121  103
114  99
101  98
117  106
134  123
138  125
170  149
107  106
144  118
153  129
134  125
142  144
125  121
125  116
129  119
130  128
155  133
192  152
83  73
113  110
145  131
189  153
109  113
83  78
140  132
137  101
168  155
137  122
169  147
84  80
114  108
91  83
108  100
136  115
172  172
159  147
158  135
94  86
149  135
149  137
139  102
108  112
154  138
91  86
149  132
156  135
103  103
162  142
132  105
94  84
185  151
134  106
110  96
173  167
135  124
120  114
134  107
124  115
83  76
140  102
143  118
180  153
140  117
154  132
117  115
134  118
113  112
130  121
124  106
98  91
152  143
80  77
164  143
140  101
131  109
129  102
122  109
100  100
120  105
147  139
149  133
171  154
140  120
133  118
134  120
163  140
145  105
185  156
126  113
123  115
129  106
77  71
119  115
160  143
125  103
136  112
127  112
147  124
168  166
126  116
117  98
123  121
105  97
171  150
117  118
129  122
142  117
167  155
160  141
134  110
126  100
139  115
166  144
143  126
130  123
115  104
190  154
140  144
140  119
184  154
110  119
143  140
100  97
159  145
133  101
128  113
180  152
141  139
172  154
137  106
173  152
142  116
131  118
154  144
177  153
138  133
139  133
110  105
178  154
148  138
148  137
112  114
113  99
157  148
127  102
173  154
129  115
136  102
193  153
112  111
122  108
138  112
151  133
113  114
112  97
121  115
149  124
181  156
179  151
128  101
142  120
124  103
150  126
123  104
123  118
107  116
142  138
145  134
168  162
175  153
174  171
149  128
169  150
141  129
176  160
128  127
96  93
176  152
126  107
137  137
133  103
101  88
123  117
105  105
175  155
125  124
144  137
170  163
109  93
117  113
132  109
146  125
134  132
108  104
79  74
138  139
188  154
140  135
116  115
134  102
110  120
123  107
89  83
113  115
125  99
141  121
143  103
123  109
176  149
141  122
136  134
110  112
148  139
142  133
124  122
138  118
171  165
139  138
172  149
130  120
106  96
130  110
138  140
175  151
126  99
131  124
138  122
90  79
102  94
130  102
133  129
120  110
162  145
169  160
141  102
168  148
107  115
109  102
173  158
106  107
144  139
121  120
122  123
169  149
92  84
110  114
127  101
130  122
138  101
162  147
151  127
114  102
149  136
101  95
145  125
109  117
116  117
131  117
167  158
126  101
123  124
145  129
122  105
133  124
90  87
137  134
160  140
144  122
170  162
195  153
103  98
134  100
163  144
147  138
180  154
122  100
177  156
143  127
140  118
127  116
146  134
125  111
132  100
130  124
129  117
189  151
127  123
96  84
169  172
97  94
128  99
124  114
179  153
106  95
149  127
174  149
184  153
126  125
121  98
108  98
159  148
130  125
109  97
150  137
150  140
124  118
83  74
130  131
120  117
173  150
182  152
152  142
123  101
175  162
83  75
127  124
126  120
127  117
106  92
98  89
132  125
122  117
137  115
142  127
104  90
172  153
143  144
145  141
128  104
125  122
138  121
108  118
177  149
151  140
173  151
114  103
134  133
104  101
124  112
134  121
140  141
144  133
126  103
138  132
133  115
112  120
140  136
124  108
133  119
154  136
