1102
189  150
109  95
99  98
151  103
137  122
193  177
118  136
117  129
176  139
137  115
150  145
149  142
136  112
148  115
178  156
151  120
122  99
186  148
131  121
142  120
138  133
128  104
177  151
115  122
176  151
111  106
175  153
142  106
188  154
117  131
117  96
151  131
122  105
102  103
146  143
159  127
198  167
130  120
173  141
177  140
128  113
144  133
101  102
107  106
153  122
126  113
114  116
121  106
139  115
148  134
141  131
186  138
162  147
182  149
143  131
197  173
164  143
165  142
99  96
185  148
126  101
153  104
121  116
112  105
169  150
132  117
138  121
150  117
163  138
172  153
131  119
151  129
97  98
161  128
159  148
111  107
203  160
120  105
196  161
157  146
142  125
132  123
187  161
110  124
152  103
149  133
108  111
122  123
127  100
102  107
123  101
139  127
153  106
123  117
127  116
149  132
124  112
185  141
98  103
159  133
124  128
146  128
134  105
173  152
157  136
182  140
154  146
113  94
187  143
146  144
170  137
141  122
102  105
142  108
96  97
106  104
129  122
149  137
178  155
113  130
139  117
110  112
169  142
105  105
101  108
180  147
104  100
189  163
140  122
146  115
179  153
180  144
152  145
160  141
121  103
114  122
117  136
202  158
121  109
134  125
175  144
193  158
181  146
164  144
186  140
111  101
121  132
117  122
134  118
186  139
152  143
130  102
131  127
137  134
144  126
173  145
148  139
114  133
148  147
164  132
122  126
119  120
146  124
179  151
133  103
141  120
128  127
190  168
94  95
177  144
134  127
103  93
121  98
151  132
155  107
146  111
193  159
124  130
169  134
128  107
113  101
207  158
162  142
139  133
170  145
149  104
156  138
162  126
183  152
163  132
143  122
195  167
127  112
109  124
106  105
146  136
173  140
119  122
170  132
181  139
121  122
160  135
134  121
176  144
149  107
131  109
203  169
207  168
112  111
145  107
138  132
91  93
131  110
103  98
165  131
195  178
159  140
198  162
149  109
188  146
122  115
113  114
172  149
126  119
133  107
184  153
161  146
153  123
196  175
155  133
134  107
135  111
196  159
176  137
195  157
178  147
186  146
134  123
124  120
150  120
155  126
105  108
183  143
155  137
144  121
194  157
98  91
172  135
112  114
180  143
174  148
152  111
172  136
195  170
110  140
119  123
118  110
205  158
96  93
199  164
158  121
175  141
154  114
123  113
124  106
150  109
130  114
147  147
208  159
129  102
198  172
123  104
131  122
117  106
159  128
116  120
159  130
122  124
203  156
138  116
158  138
110  114
157  125
109  138
151  119
149  103
136  118
174  144
111  139
120  126
199  165
134  131
131  118
199  166
173  149
182  152
189  147
180  149
118  98
122  100
144  111
147  130
168  142
128  123
128  108
100  104
137  107
123  109
132  105
156  135
149  128
193  175
176  149
148  110
197  167
147  105
106  102
140  105
138  117
185  156
119  130
140  120
101  101
173  151
126  124
140  114
177  154
154  144
151  147
126  118
183  151
133  124
181  137
149  135
133  113
167  133
133  118
140  115
120  114
167  140
147  103
171  133
191  154
190  154
189  162
174  146
172  146
156  108
158  144
155  118
156  102
172  140
194  160
185  151
180  136
132  109
133  115
118  107
99  101
119  115
166  136
155  117
109  126
141  121
112  136
101  106
116  133
153  134
151  123
123  124
179  139
132  103
167  134
124  117
108  104
112  125
127  101
132  124
142  121
93  96
145  113
138  122
114  134
193  176
147  139
117  98
151  139
141  118
145  141
113  134
142  124
192  175
124  122
175  139
118  126
122  108
119  117
126  128
146  107
110  105
136  115
138  118
150  105
109  104
142  129
127  124
106  111
167  131
119  133
141  127
116  137
103  97
148  148
128  126
122  117
158  148
120  127
130  110
187  139
137  121
181  147
154  147
151  112
148  131
122  109
188  150
126  100
110  96
149  124
166  139
102  93
206  158
108  103
146  122
180  146
114  130
113  115
150  113
95  95
122  111
185  147
163  144
166  134
191  163
158  137
178  152
125  121
161  131
177  137
105  97
131  106
151  111
103  106
184  154
149  148
205  157
179  152
107  96
105  107
149  138
147  146
148  113
207  156
199  157
147  104
160  140
108  96
190  150
181  156
102  109
109  139
175  143
132  131
127  121
155  134
174  140
171  134
186  156
185  159
168  139
135  124
168  147
110  135
135  119
162  145
169  151
157  138
148  122
173  153
142  112
127  123
187  142
193  160
148  141
163  135
175  155
118  129
204  167
136  117
118  118
101  98
178  146
148  146
151  140
195  166
188  142
110  137
186  150
163  140
208  164
150  118
160  134
145  125
167  148
100  101
184  142
189  169
120  109
108  138
116  128
149  118
116  125
200  159
157  139
126  126
180  141
184  146
144  127
152  142
154  132
141  111
118  122
197  176
119  127
197  163
140  118
133  122
152  117
199  175
116  94
125  116
123  126
151  110
156  104
180  139
140  119
123  107
108  100
110  133
112  140
182  146
147  115
124  121
166  138
188  161
183  155
102  100
153  138
196  172
114  102
124  101
155  120
103  109
156  136
195  171
122  128
111  117
193  169
117  135
177  153
197  177
185  144
151  142
120  122
174  143
121  120
159  145
168  134
185  146
124  114
91  94
104  106
132  130
124  103
105  111
144  131
92  95
114  99
118  125
146  104
189  146
185  157
208  163
120  107
112  120
152  128
159  131
158  123
97  102
143  128
144  122
121  111
126  129
124  115
120  121
175  151
188  149
185  137
168  146
145  132
178  148
184  150
144  117
155  136
134  104
155  121
145  131
138  112
105  99
111  123
112  131
97  94
125  99
134  106
145  136
189  152
183  138
144  134
129  105
109  102
203  157
171  150
126  117
137  124
147  131
148  117
130  125
171  146
114  108
196  155
94  92
118  97
202  161
124  129
189  151
130  109
113  113
154  133
138  135
123  105
124  119
129  106
146  134
113  129
140  132
124  108
184  140
114  138
199  160
142  133
150  147
165  133
108  97
180  153
121  123
153  148
157  133
98  101
170  149
113  112
126  120
170  144
179  146
181  154
123  121
141  129
176  152
208  161
118  123
150  106
182  143
118  109
175  148
143  126
147  102
189  158
155  144
145  129
184  151
123  115
112  139
190  156
121  125
130  124
180  148
104  110
153  143
122  112
118  127
130  121
112  113
115  96
180  152
150  116
99  102
157  137
121  124
126  115
124  118
152  123
146  126
179  142
151  141
186  155
134  116
98  89
158  147
117  113
152  127
153  103
111  109
116  132
181  148
106  98
109  97
154  135
146  125
146  106
100  102
161  144
108  98
157  103
169  149
207  162
144  139
171  141
176  141
188  162
130  128
141  105
150  144
149  121
145  108
157  109
188  147
120  117
187  145
133  106
119  128
134  119
120  129
149  106
157  134
148  136
150  137
132  115
121  115
151  135
134  110
176  140
156  109
110  111
126  125
125  124
203  165
150  104
118  100
134  120
141  133
143  110
148  143
129  117
147  132
157  145
116  103
133  132
120  99
176  145
189  155
103  103
170  146
177  142
160  131
140  127
147  144
126  103
183  141
119  129
147  119
134  111
106  95
162  137
94  94
150  133
130  119
169  143
147  114
182  148
184  137
181  145
154  138
165  134
177  143
114  118
148  137
100  98
135  110
154  148
158  128
136  122
149  108
159  125
114  95
120  123
152  126
154  128
120  119
108  107
97  97
106  107
133  119
113  110
165  130
138  125
116  124
136  134
129  115
98  98
138  110
196  169
125  111
115  118
144  137
123  100
98  95
148  108
183  153
182  139
142  116
120  110
157  148
198  155
166  144
201  167
130  123
200  158
185  142
153  129
146  145
134  109
116  115
192  173
195  175
185  154
149  136
135  104
130  115
100  92
173  150
177  139
129  119
153  107
107  113
188  158
101  104
155  104
152  108
155  140
197  156
109  131
172  144
133  116
197  178
150  126
180  150
143  127
117  118
204  166
152  133
111  124
152  110
128  101
186  161
185  158
193  154
102  94
187  147
192  167
193  174
145  124
113  133
127  117
121  107
117  134
113  103
205  167
142  117
171  142
96  98
125  103
163  142
154  145
173  142
148  104
117  130
115  126
101  105
165  143
109  113
108  128
136  116
182  141
100  97
166  149
131  124
154  122
127  102
187  157
182  144
108  112
207  166
156  132
117  115
143  121
150  140
140  117
193  172
171  149
147  121
119  118
171  138
180  154
164  130
112  133
126  107
104  101
126  99
90  94
120  101
146  130
113  132
159  147
163  127
154  136
169  145
123  98
202  159
197  160
167  150
149  117
130  122
192  157
185  152
100  99
151  127
91  95
168  148
173  137
145  105
147  124
121  113
181  142
148  138
119  125
176  150
101  95
111  100
125  122
122  118
187  146
143  118
112  124
183  147
133  129
107  99
186  143
146  120
117  107
115  119
188  155
159  132
120  106
111  105
162  129
140  131
132  112
137  106
175  152
110  132
130  111
192  155
110  125
115  104
145  134
204  162
205  163
100  100
146  142
149  127
145  122
158  142
178  154
169  147
128  99
118  104
188  160
165  136
114  103
139  126
171  135
128  110
197  166
180  138
107  107
116  117
187  148
132  125
144  118
131  128
172  137
98  102
116  127
102  96
153  133
103  107
146  127
114  104
134  132
131  117
106  96
151  137
129  120
129  127
189  153
151  133
122  98
165  132
136  119
155  111
140  136
151  143
138  105
127  104
110  109
108  135
121  99
147  138
206  156
140  111
149  111
124  125
122  113
158  135
191  168
111  127
150  114
91  92
185  136
206  168
153  128
108  109
138  106
194  156
158  106
160  143
172  151
155  131
147  113
137  119
103  110
204  165
140  135
187  140
112  97
168  138
150  128
93  95
170  140
191  156
118  114
169  136
123  118
113  139
177  149
175  140
99  100
166  141
134  102
189  168
109  93
126  121
126  116
113  99
186  152
174  149
159  135
142  127
194  161
193  168
157  131
114  121
116  112
