753
131  119
98  115
118  107
108  112
97  118
124  120
89  110
188  103
135  110
114  102
123  113
109  113
161  110
173  112
120  119
174  112
111  100
118  97
78  115
146  107
113  113
103  125
99  124
87  118
87  114
189  99
101  124
149  108
126  115
138  110
130  123
171  109
80  113
122  109
98  122
172  112
123  121
84  122
126  113
84  112
99  107
94  115
134  127
106  130
155  121
150  116
82  115
155  118
151  111
98  113
112  114
100  112
127  121
137  124
120  121
172  121
114  116
129  117
92  118
188  101
101  125
110  105
114  104
132  112
97  119
119  115
140  115
117  113
93  113
133  115
152  108
147  113
163  111
197  103
116  120
96  115
113  115
183  106
101  116
134  110
120  110
150  113
135  111
100  118
146  120
190  106
92  115
120  109
96  111
165  108
112  113
164  117
111  101
161  111
100  108
118  104
84  113
109  131
196  99
118  114
160  112
175  114
165  109
150  109
121  106
185  103
133  107
114  121
100  117
188  104
172  122
141  118
124  118
136  116
145  107
112  105
117  122
126  120
141  121
138  116
134  125
169  116
136  117
130  124
190  99
148  113
106  105
94  113
172  108
118  118
136  122
126  116
119  120
92  119
121  123
95  120
138  125
192  105
90  110
193  103
190  103
144  121
103  124
125  122
123  115
175  109
87  120
95  119
120  122
151  112
173  110
153  122
117  118
88  115
98  106
78  119
130  119
130  110
178  107
122  115
84  118
108  109
156  114
87  111
87  122
131  118
134  119
119  117
166  111
171  114
120  105
173  113
165  115
106  107
147  119
179  106
168  107
87  123
141  111
81  115
100  107
196  103
132  109
95  115
136  112
171  110
170  108
162  110
131  106
164  116
109  117
108  104
102  125
181  105
143  110
81  113
125  121
97  121
170  112
113  114
133  116
77  115
151  120
114  118
163  117
144  122
185  106
123  118
120  114
108  114
117  107
150  117
132  117
179  107
101  119
88  110
150  105
94  119
109  121
88  122
75  116
121  113
97  107
184  103
107  107
104  129
94  122
167  119
156  108
93  109
194  101
124  122
162  121
117  98
132  125
141  120
95  122
102  107
88  117
140  117
167  113
136  119
119  123
105  105
90  116
80  116
166  123
111  109
159  111
116  112
176  107
176  106
186  105
134  118
163  120
104  122
100  109
94  120
134  109
126  107
108  127
181  111
124  112
165  120
178  106
127  112
187  105
110  109
114  103
152  117
86  117
109  124
124  108
111  106
142  108
98  118
98  107
85  120
113  110
168  116
146  122
94  114
137  122
162  111
105  112
122  111
84  117
148  115
91  110
162  116
174  105
76  119
128  110
136  115
171  107
90  120
193  100
82  113
105  116
92  110
110  133
133  122
186  100
138  122
101  106
174  115
108  120
117  96
167  107
167  111
130  109
165  113
101  117
103  109
85  113
102  112
127  117
110  132
140  120
186  108
126  119
182  104
97  123
118  100
131  110
180  110
88  119
124  121
93  119
76  115
181  110
115  96
157  109
100  111
83  115
178  109
98  116
148  108
126  121
83  113
85  112
149  111
107  120
116  103
139  117
87  112
110  112
89  123
149  121
112  111
156  109
111  107
114  99
103  110
113  101
108  107
147  114
150  118
103  107
139  115
137  119
94  118
146  111
89  118
123  109
104  118
170  105
185  108
85  116
169  113
94  111
118  98
105  107
114  108
108  125
114  122
138  121
131  124
183  101
102  111
187  102
115  119
87  117
99  109
123  105
104  113
168  114
104  123
92  122
120  106
111  123
106  111
107  121
170  110
92  112
126  117
122  123
95  112
99  106
109  120
105  127
189  101
140  111
189  107
149  107
138  112
121  109
171  111
104  111
180  109
173  115
101  115
125  116
92  114
109  104
96  116
104  114
121  103
124  117
188  99
80  118
88  114
162  119
172  105
168  106
86  116
96  117
110  114
184  109
178  108
148  117
101  112
184  105
83  121
127  116
158  115
123  107
159  117
133  118
133  113
98  119
176  108
81  120
107  106
85  118
107  116
104  110
94  112
109  126
86  120
117  115
112  97
108  116
166  115
165  112
148  110
168  113
131  122
76  118
97  109
92  116
110  111
131  121
79  118
99  116
132  123
167  110
188  102
131  117
101  108
153  107
134  123
92  111
169  107
183  104
188  106
82  121
180  108
191  103
145  122
131  109
103  113
107  117
179  104
172  107
118  123
105  119
109  102
86  115
177  105
79  114
129  122
128  123
107  125
118  109
161  113
175  108
134  116
153  106
103  117
164  121
93  114
164  110
164  109
182  107
107  122
163  118
100  122
164  112
169  106
121  115
83  116
80  115
167  106
145  108
168  112
124  119
160  116
117  106
105  113
133  124
173  108
178  111
150  114
134  121
134  120
111  105
142  112
116  115
93  123
128  108
130  121
149  109
105  118
108  118
155  120
137  121
103  111
169  119
145  113
151  110
121  122
91  113
163  121
170  117
105  123
126  118
97  115
124  114
135  124
143  118
182  103
122  112
76  116
166  108
100  127
121  111
120  107
146  115
149  106
77  118
128  113
95  111
121  120
143  122
103  106
169  111
150  120
162  115
162  117
105  129
103  118
130  122
102  109
121  116
112  120
161  118
107  115
97  112
130  120
115  118
164  115
122  118
98  109
155  111
142  117
130  114
144  118
173  109
147  121
178  102
92  120
132  124
104  116
147  115
120  101
104  120
99  108
137  115
188  105
174  110
96  108
106  119
181  107
151  119
120  117
134  111
173  122
130  125
132  115
116  94
96  120
121  107
187  103
90  119
83  122
140  119
94  123
108  128
142  120
179  110
108  103
79  115
122  117
129  115
163  112
134  107
99  119
120  123
86  119
75  117
106  118
124  115
137  107
156  119
110  124
91  123
170  111
151  123
114  95
97  111
182  108
182  105
144  117
140  118
173  105
152  110
113  99
168  110
86  111
129  120
147  124
79  119
124  106
138  118
105  108
98  108
101  123
144  111
91  122
104  106
106  122
149  124
94  116
88  112
172  124
130  115
116  117
118  122
136  118
190  104
127  123
85  117
91  121
98  111
99  110
99  113
102  129
101  114
91  115
152  111
87  115
106  121
105  111
143  121
175  111
128  107
138  117
104  115
133  119
113  112
159  114
119  118
179  108
149  117
122  113
142  116
167  115
91  116
95  108
96  119
164  111
129  106
181  108
104  121
155  117
108  126
188  100
173  106
110  120
196  104
140  114
148  122
154  114
106  114
174  113
119  122
180  104
142  121
135  119
111  117
119  92
91  114
101  122
150  106
169  110
93  118
107  113
123  117
115  122
108  111
129  119
162  112
159  112
178  112
130  111
122  108
113  103
149  118
108  117
90  117
89  120
113  94
184  102
122  105
115  104
186  107
95  113
118  110
125  111
92  117
110  119
175  112
