925
178  112
146  111
103  109
129  106
86  104
129  102
178  97
175  101
108  87
142  95
190  88
101  116
132  98
161  101
118  80
93  109
111  107
181  96
187  89
132  90
119  79
97  111
151  103
124  114
177  97
107  125
153  100
127  112
135  110
132  100
127  102
123  109
136  93
166  104
124  108
147  101
117  115
137  93
140  102
120  82
107  113
127  101
147  103
115  81
146  107
88  100
172  95
148  108
181  92
173  115
82  106
128  110
165  108
121  99
112  111
80  94
107  122
109  113
106  122
141  94
173  113
106  121
100  118
166  106
110  105
113  103
122  95
91  92
107  117
103  111
101  102
106  114
160  104
102  109
132  91
121  81
101  104
137  107
105  99
108  120
84  94
149  101
100  101
113  114
126  94
160  99
135  94
182  92
142  101
170  117
139  104
175  114
97  107
87  105
148  97
186  94
99  108
118  114
173  97
121  111
100  99
96  93
107  115
175  94
82  102
178  100
183  98
127  96
181  95
178  117
174  112
90  94
122  98
93  98
120  105
102  100
179  94
105  108
128  99
136  99
143  98
80  104
108  127
121  82
138  110
94  92
91  103
121  93
174  119
120  80
120  101
126  97
146  98
104  90
94  102
113  113
143  97
129  95
120  110
182  91
174  96
117  84
146  102
142  112
149  96
192  90
104  115
156  104
174  94
171  101
113  85
103  103
174  113
145  105
178  92
168  112
176  115
98  95
137  100
106  92
86  102
131  106
145  108
150  98
136  112
105  112
81  94
94  95
175  116
126  103
106  105
100  88
173  112
104  106
168  113
126  107
186  92
90  102
79  97
136  91
129  105
137  101
124  94
148  99
172  105
155  98
170  105
134  100
176  108
169  107
176  102
130  94
140  97
130  102
135  102
121  95
145  101
173  110
168  105
108  114
80  95
170  100
168  103
133  107
135  103
119  89
178  116
79  94
171  100
104  100
107  121
127  91
180  101
105  88
79  100
94  104
102  89
93  101
100  108
138  94
175  109
162  105
179  99
71  96
87  96
124  96
123  105
105  118
106  98
101  122
140  93
91  99
126  98
142  108
174  105
101  98
131  109
100  107
185  97
184  98
98  109
114  102
188  90
157  103
153  103
173  109
125  93
88  94
187  91
135  104
158  98
75  102
138  96
130  92
167  102
146  104
184  91
123  113
133  103
108  97
185  92
106  102
171  110
100  112
125  99
167  110
100  98
83  96
159  107
77  96
90  103
123  94
150  97
98  102
130  95
187  95
99  110
114  103
99  104
171  98
187  88
179  92
98  107
100  109
106  111
99  98
91  108
134  104
112  85
149  108
137  91
98  98
98  89
124  101
88  90
96  108
179  122
116  112
170  104
142  94
126  100
117  107
121  85
141  96
105  129
87  99
134  106
122  112
149  106
103  124
120  114
179  98
81  104
138  105
124  112
111  109
77  98
128  90
105  107
104  116
122  78
130  111
169  110
178  114
123  98
155  107
83  93
144  96
183  95
149  107
116  77
85  102
90  106
105  116
116  94
107  107
108  116
116  82
144  97
175  118
120  85
136  96
121  107
174  101
128  108
172  118
118  109
118  90
169  99
113  112
119  81
188  95
122  100
171  102
168  107
116  80
128  92
89  94
145  94
150  105
124  90
108  126
79  98
103  117
133  97
175  111
107  116
110  112
112  97
97  106
88  102
167  107
108  107
102  107
156  109
140  98
122  94
98  105
96  98
140  105
103  118
123  89
78  100
122  87
180  97
85  101
95  105
174  95
89  106
170  108
99  96
118  98
71  99
173  105
153  106
177  122
123  101
150  106
98  103
123  97
128  94
143  103
122  113
120  99
104  113
134  94
122  105
175  108
123  107
142  99
125  97
105  97
152  103
101  115
134  97
134  102
169  113
175  117
176  116
145  99
100  92
159  103
152  98
99  106
114  95
189  93
172  108
143  94
107  120
145  107
92  95
156  102
132  109
109  117
101  88
126  90
106  107
101  105
104  110
119  87
120  107
140  95
170  111
144  101
137  102
105  127
180  92
173  108
131  96
92  106
175  112
176  93
144  94
186  96
104  118
117  98
101  106
123  92
99  101
87  97
73  99
118  100
167  105
169  102
140  100
130  110
135  93
85  96
167  101
109  102
121  106
169  106
121  79
117  106
142  103
188  94
98  111
128  107
106  130
81  98
92  103
97  94
132  103
164  104
97  103
138  98
121  77
93  100
163  107
104  122
82  97
177  93
111  101
90  108
179  96
113  110
97  104
132  105
125  111
153  107
134  111
179  117
100  100
108  109
165  101
73  101
120  79
128  101
93  102
101  119
116  115
171  111
147  105
106  96
100  102
162  102
119  115
127  104
153  101
153  104
108  98
118  107
83  105
190  91
187  94
127  98
133  90
106  118
117  113
95  103
142  106
173  106
144  111
107  87
111  100
103  107
122  80
178  94
121  91
91  93
107  106
120  95
139  102
96  97
147  96
134  110
181  101
99  105
122  111
108  117
125  103
105  119
141  103
113  89
103  93
95  102
108  112
97  98
109  95
152  110
83  106
134  105
183  90
114  99
103  125
140  111
127  100
120  90
139  97
93  108
148  101
130  98
87  101
133  106
185  91
98  106
81  93
115  96
119  88
112  113
94  111
89  104
166  108
122  109
155  104
161  105
188  89
166  105
95  106
129  99
92  107
123  100
128  113
180  98
95  95
106  88
91  105
150  100
121  98
89  91
102  93
117  81
111  90
102  94
115  84
113  99
137  103
101  95
120  78
110  111
177  92
93  103
142  100
185  93
86  101
134  99
82  104
106  104
113  101
125  91
87  102
169  111
136  102
148  100
131  95
91  95
93  96
178  93
74  101
103  98
87  106
131  92
111  86
148  96
178  91
87  95
101  114
119  92
97  97
101  123
123  93
137  95
75  99
109  120
121  92
174  100
160  100
127  87
97  102
114  89
153  98
163  105
95  100
145  102
118  104
190  90
130  93
184  94
108  96
84  101
98  91
86  103
109  104
108  100
106  119
165  105
178  119
99  109
137  106
133  100
84  102
100  117
149  109
108  103
149  104
104  129
130  109
124  106
129  96
176  101
164  107
172  107
114  108
164  106
120  109
131  110
120  106
91  106
176  106
84  104
104  123
105  111
101  124
149  103
158  99
174  115
117  96
98  101
182  95
116  83
141  105
115  82
127  90
111  105
179  104
146  106
103  97
86  106
141  102
94  106
93  107
126  101
100  97
102  125
106  95
99  113
94  107
103  110
105  123
135  111
162  106
148  95
113  81
182  97
107  99
158  106
97  109
139  98
73  100
164  102
115  104
181  100
166  100
110  114
180  91
121  94
130  97
108  125
99  102
77  100
142  98
83  99
176  97
139  93
177  105
121  103
140  101
178  115
89  101
147  102
185  94
133  93
115  85
118  110
101  112
84  106
168  106
177  118
148  104
171  107
117  77
178  122
128  104
105  113
122  86
87  103
131  91
131  93
183  92
145  96
105  105
171  99
147  104
103  106
139  101
112  105
138  101
91  94
183  93
116  103
134  107
109  86
124  84
109  93
131  100
170  99
104  120
107  96
90  99
87  92
112  114
100  111
94  94
179  121
171  109
183  96
126  93
89  105
74  100
157  109
122  85
80  97
170  110
145  95
109  97
109  121
112  82
135  96
102  96
102  105
141  111
174  110
114  104
88  97
95  111
167  111
104  114
132  101
124  103
157  102
184  93
93  95
95  108
103  113
178  102
138  106
148  110
153  99
175  96
152  108
174  99
118  97
139  100
182  98
72  96
108  104
93  105
123  95
170  112
102  111
156  108
171  114
84  95
138  112
183  94
136  94
172  112
98  108
84  99
178  118
126  99
146  97
132  112
117  89
123  104
96  111
108  118
137  99
185  89
87  104
85  104
113  115
94  100
110  96
150  109
102  112
190  94
125  88
134  109
133  101
114  84
85  91
186  90
167  106
128  89
138  99
131  97
150  104
101  108
179  119
102  103
171  96
175  121
121  113
169  105
163  103
130  96
101  101
94  105
126  113
120  91
104  111
99  107
108  111
177  95
95  107
177  96
144  98
84  92
100  104
176  107
159  104
91  100
88  99
121  109
104  101
168  110
110  109
104  121
113  94
101  117
85  99
182  90
143  110
134  96
122  81
111  106
149  97
122  99
162  101
175  93
83  98
122  108
99  100
108  128
