1286
175  160
171  149
169  134
142  95
139  104
107  115
162  111
150  133
131  128
179  139
98  81
101  95
87  87
180  147
137  137
171  138
120  114
111  107
166  149
153  129
182  133
148  131
95  80
180  149
101  81
106  98
136  118
142  129
183  133
104  110
103  111
180  141
149  111
164  132
106  95
189  143
118  118
126  97
105  105
167  128
140  102
152  133
179  160
91  95
108  97
151  123
136  93
140  93
165  113
153  134
138  132
97  103
169  143
161  128
103  118
162  119
80  80
141  92
141  121
178  157
180  150
196  143
175  162
137  115
123  121
181  145
125  124
175  140
134  96
144  97
142  139
175  152
99  85
137  106
150  117
130  96
187  143
124  121
141  111
115  119
136  99
153  128
109  113
142  100
145  95
142  87
136  119
93  86
102  103
125  93
120  110
145  131
126  125
106  114
142  106
103  106
187  139
104  111
170  144
149  124
166  138
143  118
181  156
139  101
134  105
162  112
145  122
84  81
109  120
121  99
169  150
149  136
127  112
134  135
168  142
177  143
182  148
151  111
136  137
99  101
177  151
138  91
91  86
99  100
134  133
148  122
136  115
158  115
121  122
171  132
180  154
197  142
139  138
98  85
121  111
163  138
133  93
116  120
145  94
142  133
87  80
153  123
174  148
134  102
123  97
168  154
168  138
186  138
183  141
135  96
130  94
107  96
150  126
141  88
127  101
106  96
184  146
111  86
169  142
146  134
96  81
133  107
167  133
107  87
131  109
119  92
131  124
162  110
139  100
96  80
164  126
158  123
104  83
134  109
146  127
104  114
129  106
144  118
128  104
187  134
125  121
159  128
180  146
103  117
104  90
106  118
175  136
162  137
160  134
170  137
171  150
195  142
139  98
120  123
126  93
134  94
180  159
123  115
98  79
149  127
161  122
108  87
186  139
162  129
139  126
100  97
117  118
101  106
140  114
126  94
100  102
184  140
168  134
138  133
164  121
157  125
133  122
99  78
175  153
110  112
142  138
176  145
135  137
110  114
116  103
86  74
106  104
109  86
122  123
107  99
177  133
179  166
88  90
119  87
106  92
101  105
138  121
162  121
97  97
140  120
155  117
126  116
100  100
122  115
129  119
146  107
114  116
132  130
148  115
96  87
93  95
103  93
111  117
97  75
138  105
136  122
130  95
143  126
168  129
165  120
155  131
144  122
94  86
182  141
128  126
98  91
104  115
128  107
192  145
134  118
108  118
90  77
188  137
163  126
160  131
158  135
133  118
121  93
97  88
180  138
118  90
90  76
151  110
178  147
127  102
141  94
180  161
182  143
120  90
106  84
181  134
193  143
137  121
137  101
111  100
135  124
165  143
121  91
102  107
174  140
179  134
109  104
145  96
112  114
137  134
187  140
89  94
152  126
180  144
178  155
90  87
114  102
130  121
147  119
134  127
140  97
122  105
144  94
97  94
118  104
111  90
177  149
191  137
177  153
167  148
169  149
178  156
108  112
129  105
121  113
192  141
172  155
176  144
154  132
114  89
172  153
143  121
131  97
140  141
141  103
134  100
122  112
180  136
95  84
122  95
157  136
92  78
165  109
87  89
96  93
173  140
194  139
123  104
123  109
123  95
82  81
99  77
102  93
170  140
106  105
145  105
98  89
155  121
130  98
140  101
171  134
151  137
134  119
113  89
146  111
175  151
180  152
99  98
144  139
130  114
176  140
193  138
185  137
102  84
149  128
149  133
154  128
175  139
152  128
142  124
90  94
119  89
124  103
150  120
102  105
118  98
164  125
146  126
120  106
79  78
142  142
83  79
137  124
160  112
136  136
181  154
148  117
140  138
128  123
193  136
149  117
165  126
182  146
157  139
176  149
185  144
142  88
122  118
134  116
94  77
144  117
161  110
176  162
162  117
128  127
151  131
145  136
135  102
132  115
133  103
102  85
111  82
170  149
165  130
165  136
100  84
122  117
85  87
184  142
151  139
181  142
108  98
140  131
104  118
140  98
166  134
126  101
131  100
149  109
180  153
105  97
154  122
145  107
145  134
163  117
178  146
173  132
153  138
135  110
152  127
145  113
157  109
102  89
126  115
167  134
133  113
161  118
127  117
127  121
150  118
174  131
177  139
143  93
181  147
153  133
88  87
143  110
113  112
107  107
164  130
161  113
176  150
167  130
160  108
104  120
145  129
141  89
121  120
182  139
123  105
107  81
143  131
130  115
167  131
142  144
145  132
172  146
183  138
176  139
121  92
121  95
163  121
183  147
177  156
194  142
143  88
132  112
105  113
106  111
129  99
156  136
106  122
136  102
94  84
91  82
95  95
142  90
92  84
100  92
120  95
155  133
104  100
159  114
124  125
118  97
82  78
124  94
164  110
107  120
108  109
113  114
190  136
133  124
177  154
122  108
142  91
169  151
103  98
159  135
163  118
114  108
97  82
127  123
136  94
137  102
156  119
82  74
138  116
175  158
124  120
128  108
141  133
130  97
141  120
111  109
156  114
108  114
83  76
146  124
103  109
180  143
89  83
109  102
148  138
179  153
100  88
164  112
151  120
130  128
138  137
129  120
118  109
150  137
151  112
140  105
145  124
127  124
173  149
137  95
108  107
98  101
138  98
126  126
95  100
142  112
132  109
107  125
165  123
145  108
102  82
134  131
100  98
169  145
93  96
123  113
98  95
141  118
110  96
159  125
130  124
190  140
146  136
186  146
130  123
99  104
178  162
101  79
83  74
103  97
169  147
162  108
156  109
94  94
100  81
105  123
151  135
120  121
146  115
154  136
154  114
141  127
165  134
101  104
134  107
123  124
143  94
159  107
175  134
83  78
108  104
120  117
116  112
137  107
172  131
141  131
110  109
162  142
172  149
148  136
143  128
123  92
104  121
140  127
125  97
156  132
152  117
106  107
86  81
104  78
175  143
119  88
102  112
141  105
171  153
105  111
113  103
92  95
149  135
186  135
195  141
127  96
97  81
109  97
104  122
128  94
136  117
112  105
110  119
123  100
117  115
172  144
81  83
140  100
141  96
143  97
126  121
147  113
113  99
105  108
131  122
139  89
112  97
157  134
144  137
133  116
135  103
134  132
171  135
124  122
146  120
184  137
166  136
80  81
148  139
104  101
133  129
136  134
120  99
173  158
144  133
91  88
143  103
187  146
142  120
147  132
135  93
143  122
129  96
121  124
142  108
160  135
173  154
167  113
88  82
146  130
188  142
100  78
185  146
178  133
120  105
132  103
110  105
140  118
175  148
122  111
112  120
154  135
142  140
125  103
168  148
164  109
157  138
186  143
172  137
108  84
101  98
139  117
105  81
174  157
131  93
162  145
105  119
130  109
195  140
142  98
131  117
185  147
124  108
108  96
96  97
113  85
129  115
104  113
190  144
103  86
85  84
131  95
113  115
132  105
165  131
126  103
171  133
176  151
181  139
126  98
117  106
107  113
138  122
141  90
116  94
134  123
95  83
159  130
185  141
96  78
138  139
130  110
148  108
93  98
89  76
158  128
173  145
163  124
151  133
129  122
174  146
107  122
173  155
174  149
192  143
118  122
126  113
100  79
134  104
179  159
142  125
173  151
158  121
173  150
128  110
191  136
122  94
186  140
134  136
152  110
124  101
162  126
166  139
170  132
144  131
189  146
103  113
143  91
194  143
141  139
155  107
176  152
165  142
173  142
115  118
125  99
117  89
179  151
103  107
128  99
130  111
159  132
124  117
142  121
141  102
163  135
92  79
110  120
160  141
138  101
144  96
150  109
109  93
137  99
115  104
185  133
102  96
165  115
106  88
147  138
133  119
138  99
138  110
147  139
180  139
118  114
117  96
134  110
147  124
154  133
131  96
162  115
132  125
146  122
177  140
163  112
159  117
155  136
174  143
86  87
189  141
126  107
124  112
165  133
151  132
157  137
161  111
174  144
115  85
119  120
108  111
138  106
123  107
106  119
114  103
135  111
134  106
90  83
176  141
105  112
113  94
117  113
170  156
132  124
133  97
162  116
131  110
115  96
134  99
110  111
179  146
133  106
106  121
142  99
108  117
104  106
166  111
156  138
135  135
149  118
172  133
85  76
142  101
148  113
173  137
121  115
168  139
159  140
181  148
183  143
124  114
107  106
173  141
168  147
129  95
99  105
96  84
100  104
83  75
150  113
138  118
160  140
138  90
139  90
98  98
142  116
126  128
134  125
99  86
164  144
91  74
99  81
167  140
140  89
159  133
140  117
103  79
114  104
101  102
88  89
140  136
98  102
119  115
140  87
91  93
152  123
109  117
184  133
121  123
141  129
142  94
93  77
109  84
142  127
117  98
85  81
129  117
132  123
121  107
138  117
96  98
100  99
127  116
109  95
116  117
121  109
144  126
168  146
180  148
123  93
142  103
111  101
131  118
118  107
129  127
148  137
84  80
155  137
143  127
155  126
156  108
108  100
167  110
126  120
153  122
140  111
126  99
198  141
142  117
159  127
139  115
138  125
91  92
124  118
120  122
130  102
161  131
159  111
144  121
189  142
127  100
166  141
137  103
167  150
119  117
122  100
123  98
89  77
131  119
120  109
175  132
91  94
122  124
148  134
139  127
159  131
167  111
150  114
140  95
166  115
179  152
129  102
131  121
134  97
171  141
90  79
138  94
136  112
174  134
155  118
185  142
177  142
120  119
164  116
139  102
166  144
137  119
106  102
132  98
164  115
181  135
125  91
157  133
157  131
149  137
80  77
117  107
103  103
132  117
108  116
125  111
84  87
172  136
150  116
120  107
97  102
144  98
108  120
102  94
143  98
143  144
172  140
101  101
112  113
146  128
177  137
127  98
182  140
104  116
151  119
107  116
97  83
96  88
133  115
139  97
164  111
182  144
138  112
173  153
114  95
103  124
163  132
178  152
160  123
96  75
102  111
112  85
109  121
135  104
164  143
172  154
160  109
100  101
128  101
89  91
113  101
171  146
126  119
124  96
99  83
164  117
111  106
121  106
123  101
124  106
133  100
108  103
143  89
134  120
147  114
185  136
151  129
134  111
143  140
146  125
171  142
96  79
151  127
127  104
136  96
126  100
140  122
175  155
121  94
141  144
131  106
123  117
145  125
171  154
168  153
170  145
141  122
102  100
101  80
116  115
179  142
122  99
125  116
138  96
175  144
102  79
176  160
118  100
126  117
149  132
107  121
113  110
181  146
163  120
135  94
195  143
143  90
105  116
165  112
113  113
126  124
111  105
148  110
177  144
132  101
163  142
137  100
123  89
90  85
130  122
189  135
94  92
155  134
94  95
193  140
159  112
187  142
137  91
158  137
147  130
135  119
130  125
137  122
150  128
147  131
114  118
98  103
139  140
163  144
163  127
181  137
140  115
149  138
120  101
119  118
144  111
138  140
161  121
182  134
87  92
112  111
132  100
178  154
187  145
135  136
128  113
147  115
160  116
92  76
156  135
186  134
145  141
144  127
152  111
155  111
105  99
135  90
158  138
102  109
139  93
169  136
142  89
105  107
124  119
176  137
99  102
121  98
130  120
120  91
172  151
136  91
188  136
165  132
138  135
123  118
122  98
197  139
136  89
140  132
114  99
133  101
178  148
131  127
162  123
121  103
179  165
146  106
118  110
134  121
197  140
91  85
105  88
103  110
138  88
97  98
105  118
140  144
140  119
130  119
119  122
190  142
122  109
123  94
175  141
104  123
126  118
147  121
121  116
155  120
172  135
101  88
99  96
163  140
136  116
170  146
145  93
139  133
149  121
125  122
91  83
191  144
144  134
122  113
173  152
137  93
163  111
124  115
140  135
107  117
188  146
143  87
