1011
121  113
165  89
114  76
168  91
123  92
99  83
169  86
127  84
134  73
102  94
148  99
188  106
173  91
138  99
174  89
148  94
128  84
114  102
139  82
137  78
182  98
99  85
159  85
133  74
126  101
174  90
146  98
107  81
101  88
128  85
163  90
187  94
130  76
118  110
123  107
183  83
123  105
94  92
191  80
117  106
168  94
143  89
177  85
134  89
120  79
119  92
111  79
182  88
183  96
116  103
85  84
184  102
124  78
129  76
134  72
122  109
176  83
188  89
121  92
140  79
125  93
124  115
124  103
146  86
185  80
135  72
152  89
147  88
122  100
155  87
122  86
153  84
126  113
151  88
126  97
108  100
184  76
167  92
121  99
177  93
184  105
184  93
94  95
118  90
138  84
133  80
85  87
133  97
137  84
128  73
121  111
186  87
135  73
90  94
96  78
117  107
129  68
78  81
98  95
138  88
96  79
114  104
84  81
131  93
131  66
133  90
154  90
121  81
129  87
177  96
136  87
113  81
137  80
195  73
130  94
78  84
143  88
152  87
125  82
137  91
142  90
99  96
120  106
194  77
120  90
125  99
133  77
184  98
132  65
163  88
125  88
183  93
131  71
97  94
190  77
118  104
174  85
188  83
134  75
145  89
129  83
148  80
187  95
100  88
129  82
114  99
182  86
182  103
174  84
115  84
101  79
190  107
156  92
121  103
190  80
108  96
142  79
132  101
178  92
97  81
143  93
141  86
155  94
94  86
140  98
90  87
131  96
184  82
101  95
130  77
137  93
188  102
128  77
124  90
149  89
174  92
123  82
169  88
134  80
123  93
124  84
142  84
103  86
184  84
130  86
188  81
123  115
94  84
129  99
130  102
97  82
113  89
183  87
91  95
82  81
155  95
182  89
187  76
149  87
183  92
115  85
127  96
131  79
111  77
133  101
127  101
189  75
147  96
147  94
105  81
182  79
183  88
111  100
186  97
125  111
134  82
90  85
152  82
145  94
100  84
131  74
179  99
131  95
141  89
138  87
111  101
178  88
133  81
130  95
167  88
160  91
196  76
122  87
120  99
122  95
99  81
191  75
175  96
185  97
135  68
149  85
122  105
177  90
134  69
155  93
144  97
128  71
179  87
98  79
148  85
147  83
183  100
141  94
136  75
109  97
125  103
121  106
119  79
120  101
186  100
150  87
92  78
123  113
139  77
185  87
159  94
134  102
122  112
126  98
184  91
128  92
99  86
145  99
181  92
127  76
141  79
134  83
122  74
130  70
129  78
123  97
142  85
155  98
125  97
89  91
151  84
106  84
134  84
139  90
88  94
114  75
142  94
118  107
185  98
186  105
133  93
106  88
99  77
127  82
128  80
120  80
126  100
91  85
138  85
183  76
184  94
148  86
179  94
131  75
110  96
179  88
127  90
98  81
183  80
107  99
126  74
154  96
131  97
177  97
118  98
113  78
178  94
133  73
136  91
87  87
101  81
113  101
143  81
121  98
138  96
137  71
171  91
134  90
124  106
119  89
147  87
175  87
136  68
124  96
90  83
162  95
181  95
184  83
144  98
109  84
124  114
140  85
182  84
163  82
111  86
109  95
143  87
193  75
114  103
126  79
113  85
127  87
149  88
141  92
115  77
123  101
188  74
130  71
138  81
113  94
189  81
140  89
117  98
178  100
118  97
96  88
125  76
120  91
131  77
133  72
108  98
127  98
181  83
92  95
132  81
106  96
195  77
144  88
102  84
122  94
93  86
148  96
145  81
123  100
104  78
88  89
183  101
150  84
156  95
124  108
137  72
101  76
98  91
109  93
178  83
192  81
139  89
189  86
179  85
167  94
95  83
134  99
120  109
148  97
124  101
189  80
131  92
118  100
129  102
143  84
85  91
132  88
129  96
185  84
138  75
111  82
158  89
116  94
134  71
108  87
128  94
135  70
132  90
133  69
98  85
99  78
178  86
186  85
133  78
182  77
95  84
138  90
129  80
127  112
135  78
91  92
93  77
136  88
123  89
188  103
127  72
189  83
121  77
138  94
176  93
143  82
171  90
135  93
143  97
93  96
143  98
136  96
126  94
153  83
126  93
129  95
155  82
188  80
102  93
145  96
161  93
183  90
117  84
112  80
150  98
87  89
188  100
126  82
175  83
121  79
135  77
116  80
187  103
128  89
128  90
182  105
92  79
132  91
132  82
180  101
104  83
175  86
103  93
165  82
159  87
76  85
178  84
91  83
196  72
172  88
139  84
187  105
139  81
135  81
125  81
133  100
145  93
94  77
164  86
161  89
155  90
179  89
129  74
138  82
150  100
180  97
134  87
116  82
151  86
157  87
103  76
143  86
193  80
121  109
182  97
166  91
150  81
86  87
132  100
109  77
117  89
112  105
181  87
141  85
123  80
120  78
112  85
149  96
162  89
143  83
131  100
130  74
100  98
180  88
189  82
112  97
142  99
142  98
186  80
131  87
121  95
191  78
120  110
131  85
190  106
124  77
131  88
133  84
139  79
130  89
127  74
130  79
97  83
170  92
104  90
164  93
190  73
102  96
136  89
159  93
161  88
162  86
184  79
125  74
122  75
190  104
159  90
182  90
176  91
150  92
194  73
132  75
100  81
140  93
121  82
137  83
162  90
114  89
129  77
136  81
139  93
146  81
144  83
156  87
181  86
187  83
115  81
137  101
188  76
122  76
105  97
163  83
84  80
132  76
122  81
123  109
163  85
184  86
96  84
177  89
84  92
139  76
177  88
134  97
178  97
125  72
148  90
152  88
127  79
123  98
127  102
116  83
88  82
137  77
103  98
120  75
181  101
176  88
187  102
115  104
159  91
187  91
188  105
125  91
119  81
118  80
100  97
158  88
120  95
142  100
132  84
186  92
131  84
101  98
142  89
174  86
133  88
134  100
136  76
163  84
137  95
176  97
180  90
108  97
123  104
167  85
186  90
162  85
117  75
156  82
85  81
96  80
150  97
135  83
161  91
152  85
194  78
114  95
185  91
124  112
132  79
176  84
189  79
96  87
160  89
87  80
161  83
146  83
133  70
139  80
129  84
119  88
129  79
143  90
189  101
130  93
177  92
153  100
97  97
174  91
129  69
135  66
120  82
123  94
147  85
188  97
133  87
131  91
76  83
183  95
177  82
140  78
185  86
91  94
182  104
144  94
106  92
186  96
136  80
183  98
147  92
185  93
115  96
145  95
120  105
133  68
94  94
102  85
134  94
138  83
133  86
143  91
143  79
138  77
138  101
144  82
80  81
184  103
151  82
151  81
162  87
153  81
179  96
158  82
123  95
197  74
128  113
100  92
138  98
122  113
130  78
140  95
142  87
180  91
134  96
153  98
181  96
95  80
92  84
90  79
172  91
165  93
98  89
124  94
185  85
132  87
136  86
132  98
138  79
187  84
136  79
184  88
188  99
139  97
181  81
166  93
173  93
180  92
174  94
125  77
195  78
117  81
101  80
164  91
163  95
126  83
155  88
135  89
179  98
181  78
131  78
180  98
182  82
146  80
115  82
109  86
182  91
136  93
186  88
185  106
158  91
135  65
130  83
116  76
88  87
132  66
187  89
127  100
128  76
87  92
106  98
175  93
106  95
117  77
171  86
141  81
116  77
147  80
127  81
89  83
86  81
121  107
124  79
135  84
128  78
139  98
139  100
185  83
188  101
142  88
152  98
188  98
183  104
81  83
175  94
168  89
152  96
107  75
157  91
193  72
129  73
121  85
136  78
123  78
97  88
171  88
122  85
124  80
125  80
180  83
88  90
137  99
120  107
95  95
96  81
182  95
145  84
126  99
121  91
103  79
150  95
128  101
163  87
187  88
120  85
128  70
124  73
136  74
100  79
130  96
189  74
146  87
174  93
133  76
179  90
149  84
143  80
122  98
189  107
78  87
129  88
186  94
174  87
186  79
112  82
113  103
139  101
163  94
172  93
102  79
132  73
148  95
146  97
132  74
188  104
173  88
130  98
126  115
136  99
179  92
165  88
166  88
138  91
127  80
132  85
105  99
107  96
185  92
100  78
121  93
143  94
126  103
149  101
188  85
122  80
196  75
131  81
177  95
180  85
140  100
135  87
99  98
135  69
181  100
142  95
93  95
122  78
134  88
126  90
185  89
122  111
141  90
103  97
135  94
89  94
127  75
142  80
118  109
181  88
189  78
177  91
106  75
182  92
121  94
128  99
102  76
114  84
170  86
136  82
91  82
130  72
149  97
145  83
111  90
153  99
194  75
158  83
119  87
146  85
155  83
132  69
91  88
113  99
167  90
161  84
185  94
175  84
136  70
140  87
178  91
140  77
102  82
141  96
173  90
136  69
142  91
183  94
132  86
96  93
138  86
169  89
178  93
128  86
170  89
180  87
91  86
135  75
190  84
167  91
137  100
135  90
138  76
133  83
107  87
140  76
117  96
174  95
84  87
108  84
166  89
141  88
130  87
129  81
102  89
130  97
122  99
127  91
126  84
130  92
122  108
105  75
136  94
192  80
170  88
105  88
185  103
131  76
144  96
158  87
135  71
148  81
139  83
91  93
140  97
160  88
135  96
