905
133  129
126  157
76  141
121  132
131  127
118  136
108  155
127  143
84  137
123  156
130  153
122  155
110  140
118  123
93  137
74  143
105  146
89  138
120  151
133  135
109  139
118  118
88  151
143  144
112  146
180  150
129  127
175  144
176  149
71  137
106  139
120  121
119  128
152  145
96  133
181  147
146  143
94  152
144  134
128  161
78  138
116  159
188  133
127  146
124  152
166  141
122  150
150  144
172  137
117  144
80  147
130  131
120  139
107  146
126  142
98  144
113  153
139  143
98  133
148  134
121  156
85  132
152  150
146  136
137  148
117  122
142  140
102  145
148  138
154  136
120  145
116  137
181  139
96  128
76  135
120  122
112  151
71  140
90  144
112  136
133  154
149  135
98  134
107  125
93  152
159  140
140  138
103  156
114  130
99  154
113  150
85  143
147  132
133  141
114  138
115  143
124  151
138  140
149  142
127  129
124  128
128  131
129  140
133  138
181  137
96  144
157  138
142  144
126  134
177  144
118  155
182  140
182  152
93  153
133  147
99  129
173  142
128  127
122  133
81  134
151  137
132  147
186  135
102  133
139  152
149  136
170  145
135  136
123  157
123  154
186  152
143  152
146  134
181  134
118  164
124  125
180  149
124  145
154  138
118  122
177  137
124  154
83  144
122  124
183  152
100  142
138  137
164  144
123  158
112  125
158  138
118  144
121  125
131  128
151  142
157  134
179  142
122  126
185  154
138  142
149  148
120  127
124  122
156  138
115  157
114  151
115  159
82  142
142  138
139  133
109  154
150  137
109  153
174  140
124  131
80  140
135  135
96  134
162  137
159  135
170  140
128  135
136  141
176  151
120  164
141  149
85  141
79  145
119  123
117  164
89  139
112  131
179  139
119  137
123  148
175  143
149  151
155  133
158  144
84  138
175  140
173  145
114  133
121  159
116  140
184  150
128  157
129  149
145  146
118  159
82  144
148  147
169  147
176  145
79  143
127  131
118  126
137  137
154  148
140  141
96  146
107  147
133  142
102  129
171  149
176  140
151  141
122  128
153  143
126  156
92  150
93  149
161  146
91  148
149  138
88  141
176  137
148  141
161  144
109  151
113  154
116  153
129  156
149  133
162  145
114  141
146  142
89  152
100  127
124  135
110  147
148  137
153  150
134  144
116  125
89  136
133  149
119  159
97  154
127  151
100  136
120  159
110  137
103  155
117  131
170  137
127  148
172  149
187  133
145  141
134  150
94  131
127  133
126  158
110  132
82  148
177  143
101  140
90  149
129  153
173  140
122  166
182  149
149  137
73  135
136  146
113  139
124  120
184  154
140  147
130  143
174  148
121  139
150  140
83  135
87  130
115  146
122  118
99  131
96  142
132  151
113  133
128  134
155  136
121  151
103  125
120  117
151  149
137  134
180  141
123  118
147  139
118  127
124  146
90  131
176  141
148  148
160  141
109  138
99  139
143  140
136  136
145  151
130  142
99  126
93  126
94  146
119  138
171  142
115  150
147  144
119  127
184  151
169  142
99  141
137  147
121  123
157  137
95  137
85  134
124  141
95  126
93  128
136  153
120  123
152  142
156  136
170  146
121  157
128  145
173  141
142  139
111  139
163  144
159  145
127  145
74  135
98  142
134  146
158  135
182  148
183  138
174  146
156  135
115  158
98  152
78  140
125  150
173  149
136  147
133  132
121  144
171  146
120  135
136  151
151  133
153  138
127  132
123  126
74  140
132  141
133  151
118  148
120  162
124  129
124  121
112  154
91  145
88  140
131  158
126  162
127  147
163  142
154  144
173  150
119  165
121  140
110  125
154  147
163  140
99  144
173  137
120  160
181  135
151  139
124  144
149  149
129  142
183  153
132  145
95  144
184  137
123  164
87  136
138  146
86  147
166  144
126  126
72  142
141  131
171  141
159  149
110  144
175  136
119  144
141  139
100  137
168  147
139  148
155  134
115  144
171  138
172  140
120  119
98  140
157  149
125  131
88  147
119  133
82  143
141  151
111  146
150  145
108  146
122  123
92  133
119  143
174  149
154  132
116  127
117  139
130  155
185  156
133  148
149  132
127  152
122  165
127  161
175  148
153  133
120  129
82  137
126  143
154  133
148  146
127  155
115  142
76  145
164  143
98  139
103  135
121  136
98  143
108  127
77  145
94  137
92  144
147  147
108  135
121  122
140  131
121  167
102  152
168  139
188  155
115  148
101  146
140  151
104  143
165  143
140  135
88  150
134  139
121  124
118  125
115  152
127  160
185  151
145  147
180  148
138  139
138  135
80  145
157  145
115  151
141  144
98  155
134  132
83  148
159  147
151  140
176  150
117  135
140  148
117  151
185  133
126  148
165  142
99  146
116  158
112  139
134  142
101  152
114  149
119  118
117  134
177  151
75  144
128  154
138  133
97  129
140  144
130  145
115  126
97  147
180  146
114  134
134  135
127  138
146  144
119  117
148  131
154  149
128  126
72  140
128  158
175  139
186  155
174  144
95  131
108  145
140  136
152  143
119  152
126  160
90  136
176  144
142  142
158  147
181  148
115  149
139  147
104  136
89  133
96  153
131  150
90  130
105  137
134  131
122  153
180  138
120  146
184  153
104  129
188  154
110  154
108  125
94  150
77  143
96  152
130  149
132  131
74  147
148  139
119  122
117  129
122  143
122  149
178  148
177  139
82  149
135  150
157  146
168  142
105  143
77  135
111  145
147  146
105  144
141  146
157  139
125  160
114  142
154  135
125  163
119  120
185  152
155  140
116  163
106  155
123  138
126  129
96  149
96  148
103  151
177  149
134  136
115  161
116  150
142  133
145  136
134  152
109  155
127  130
163  138
108  140
122  117
122  140
178  147
116  139
120  126
118  147
180  147
103  140
100  147
87  147
110  148
106  130
127  134
86  142
126  135
87  137
117  156
72  138
81  139
123  124
80  134
82  140
103  153
101  153
150  133
117  155
92  128
93  140
89  147
78  136
112  147
119  146
103  133
179  152
71  139
99  149
117  160
169  145
95  152
102  143
158  149
108  128
169  143
136  134
119  129
172  146
77  140
178  152
180  136
119  136
122  161
122  162
155  137
102  141
177  142
176  139
126  131
128  136
154  146
153  134
90  151
112  140
116  128
113  134
118  156
103  149
124  134
94  130
131  159
147  151
182  134
133  152
103  134
103  136
117  130
158  137
179  146
186  134
157  136
136  150
145  134
148  143
178  146
106  143
86  145
114  154
140  132
110  135
97  140
148  136
155  144
96  145
129  136
153  148
186  156
121  160
135  143
122  141
123  142
121  120
126  128
130  134
125  155
128  153
120  140
126  159
119  130
159  148
135  137
85  144
108  139
113  129
124  139
180  153
110  150
101  156
116  160
85  147
134  133
81  143
94  135
126  133
127  139
146  150
120  141
102  155
168  148
104  137
100  134
136  143
172  144
183  151
185  136
136  137
86  130
147  149
151  132
83  132
117  137
109  131
90  153
144  151
95  153
143  148
129  134
128  133
98  131
118  129
111  127
166  139
86  144
131  154
121  135
168  146
127  140
162  142
79  148
179  134
180  139
137  145
139  138
119  155
138  150
132  130
123  131
120  138
69  140
105  148
144  139
151  147
103  145
114  156
139  153
77  136
77  138
131  155
152  133
154  145
124  149
91  143
112  133
179  151
119  161
149  150
123  153
102  130
117  136
135  148
128  141
108  126
133  133
113  130
151  135
123  121
117  147
162  147
88  132
146  145
124  130
116  148
95  150
160  140
145  150
127  162
136  149
141  133
99  140
122  146
114  158
111  142
102  125
108  138
175  141
125  141
133  136
135  146
116  124
139  140
83  150
123  149
120  161
94  129
177  140
105  141
119  125
87  144
138  132
113  132
105  129
156  149
150  147
170  144
101  125
124  158
180  152
124  157
167  148
90  141
110  133
125  164
123  141
144  133
158  148
160  143
146  147
174  143
157  148
121  137
105  127
182  139
109  126
97  146
129  159
168  138
116  133
101  143
122  158
130  128
167  140
147  138
105  136
79  142
128  160
151  143
130  133
151  131
155  149
144  137
124  132
119  145
98  154
90  148
125  156
158  142
116  132
142  150
127  137
84  148
98  129
