1050
121  103
137  107
168  106
179  96
127  104
97  111
116  115
178  91
102  105
92  112
186  113
97  97
141  89
129  96
109  102
139  97
143  97
185  89
123  117
174  112
81  104
142  106
100  100
161  97
123  98
79  97
151  103
114  116
134  109
140  93
172  105
99  101
185  92
136  99
70  106
119  92
183  93
118  98
108  96
143  103
106  98
145  105
145  95
87  99
172  112
162  108
94  95
162  106
129  102
113  89
117  89
76  111
171  96
88  94
145  102
179  94
137  103
77  111
124  96
120  122
109  113
165  108
105  112
85  112
75  99
144  111
87  95
89  104
90  108
152  108
179  107
94  100
88  112
91  106
153  106
160  104
93  107
78  105
100  104
94  114
111  100
95  112
98  95
97  104
91  92
93  102
135  104
102  109
116  103
120  99
134  105
100  97
126  116
171  110
133  93
146  104
95  113
130  109
159  104
120  107
90  110
156  104
169  99
183  111
76  106
168  103
140  105
107  96
187  89
140  102
93  101
152  103
102  107
185  93
131  93
120  109
105  107
77  98
99  110
100  102
97  102
93  113
124  94
73  101
91  95
99  102
97  94
103  113
153  100
140  111
116  124
130  96
132  112
100  111
121  91
121  111
127  102
122  98
165  109
147  94
100  107
135  94
171  111
126  107
179  106
184  93
177  92
180  112
94  111
107  106
83  106
145  89
142  108
66  102
160  100
177  93
186  88
92  115
85  113
162  96
119  123
167  102
111  101
180  92
97  109
99  108
80  97
182  115
188  89
69  104
170  105
93  114
181  95
138  106
177  96
150  109
87  92
164  110
88  100
121  98
182  95
80  104
167  94
67  104
155  104
178  114
100  109
148  96
140  95
106  104
183  96
98  107
107  99
143  91
119  88
178  92
84  108
127  98
152  98
134  111
173  106
104  101
149  108
94  94
121  99
83  110
88  114
168  95
178  112
139  98
172  94
95  111
129  106
122  87
116  120
155  98
182  91
130  92
131  109
188  90
163  103
135  102
171  102
81  93
128  90
74  101
121  115
174  92
141  96
126  117
142  95
141  94
132  101
167  106
118  90
106  105
128  107
123  93
94  106
91  115
131  92
80  94
144  101
164  107
157  102
85  102
102  96
124  103
101  104
75  109
109  104
140  89
175  96
91  113
92  107
119  87
84  99
98  109
172  95
118  109
137  100
70  102
108  118
118  97
101  116
100  112
164  109
140  101
144  94
126  93
148  100
121  95
180  98
82  106
140  97
93  96
99  116
136  96
100  98
140  98
133  107
83  113
78  100
102  100
116  127
135  93
126  119
184  111
163  105
110  96
85  107
126  101
169  111
164  106
121  122
135  111
183  95
163  98
73  99
112  105
95  107
99  107
137  93
160  109
178  115
89  105
183  92
141  105
106  102
131  97
178  109
101  98
182  90
104  110
96  93
84  111
139  101
90  99
105  116
153  101
92  114
92  95
102  94
141  103
184  114
86  102
122  108
73  104
173  108
105  99
120  114
138  90
84  112
82  97
174  113
174  96
147  104
99  104
107  117
89  110
114  95
112  111
125  97
113  101
173  110
162  110
101  114
82  102
124  90
109  97
112  125
120  101
87  102
100  92
98  111
88  110
78  111
106  114
139  104
143  93
105  111
124  106
98  105
98  98
138  98
98  116
126  100
172  93
171  109
145  107
121  123
104  114
162  102
182  114
122  109
89  91
146  98
131  106
88  102
85  108
176  97
148  95
113  103
123  105
142  99
178  94
145  94
93  95
174  94
104  100
128  113
138  96
185  94
95  115
177  91
103  106
131  96
79  105
121  92
79  100
142  103
174  110
89  101
163  95
176  106
179  99
119  122
130  97
86  111
114  102
154  96
108  107
145  99
180  90
113  94
85  99
98  113
124  101
97  112
178  93
100  99
176  91
112  120
91  103
117  113
175  108
143  98
120  106
141  102
139  89
123  118
114  103
126  118
76  107
118  107
111  106
120  91
81  109
118  122
123  109
173  113
139  93
176  115
115  119
141  90
168  105
127  91
136  112
118  104
178  111
69  103
95  103
127  100
169  95
116  117
143  90
138  94
114  108
169  93
119  120
184  88
114  118
146  106
126  113
96  98
147  96
181  108
71  99
168  94
178  100
173  109
94  102
69  101
103  93
168  107
157  103
87  109
134  97
109  117
79  111
87  101
117  115
83  99
186  87
84  106
153  107
167  111
149  104
135  103
124  117
126  90
156  102
95  105
176  101
136  91
108  114
115  122
124  119
112  114
134  107
159  107
166  100
75  110
114  122
180  97
112  124
88  97
115  118
102  112
169  105
95  106
163  99
171  107
87  104
94  104
118  118
133  97
128  99
122  99
122  95
114  89
148  101
132  109
103  107
110  109
91  108
120  90
87  103
98  108
186  114
142  100
102  111
182  108
112  97
180  91
132  100
149  106
173  97
109  93
126  99
173  93
162  98
94  105
188  117
129  95
145  93
123  121
137  95
105  113
89  94
86  104
117  107
147  105
130  94
180  116
101  115
123  95
102  93
122  118
105  105
173  112
107  116
124  114
184  115
150  100
132  98
108  112
181  114
94  115
137  102
68  102
101  112
122  112
111  123
142  89
176  108
122  100
86  103
72  102
147  92
74  100
178  106
82  111
104  111
111  90
103  111
185  112
111  107
103  109
73  100
110  105
187  116
110  114
148  99
177  105
111  124
68  105
186  90
96  111
173  105
177  95
111  105
125  116
170  110
179  113
68  100
124  108
87  96
87  112
123  115
101  105
133  100
183  94
82  104
149  101
79  94
183  112
93  105
145  96
81  107
125  99
180  114
141  111
99  96
101  95
128  94
143  94
122  111
128  101
161  99
130  110
118  110
149  96
131  95
181  112
181  113
185  91
146  102
130  93
159  103
132  90
183  90
150  106
122  113
117  122
92  111
123  94
136  102
149  97
108  117
175  101
118  123
92  103
144  98
184  110
91  99
113  99
124  115
137  101
140  100
128  89
113  113
93  100
139  102
87  97
133  103
138  99
82  107
121  93
107  113
150  104
104  106
77  96
165  105
176  107
101  106
153  98
137  91
91  105
118  114
128  104
166  97
114  104
121  120
139  100
83  93
123  101
91  100
127  101
158  98
179  98
76  110
123  92
148  104
81  94
127  112
169  110
133  101
168  97
120  123
164  98
111  117
174  105
137  99
168  110
100  108
166  105
86  101
148  97
148  94
180  115
165  101
171  99
187  88
181  92
69  100
170  99
72  107
118  126
98  106
180  110
91  93
93  98
150  105
114  121
111  109
175  93
121  116
135  96
180  108
92  110
162  99
98  91
134  110
107  107
117  118
169  102
134  99
123  107
99  106
181  111
143  110
179  108
150  95
98  101
95  108
174  93
115  96
166  104
187  91
84  110
171  100
125  111
183  110
134  106
108  109
71  104
119  125
121  107
90  103
153  99
182  97
95  95
97  98
148  108
181  107
147  101
73  109
84  94
129  115
166  106
74  107
163  108
87  105
127  90
83  105
97  115
122  117
108  103
90  102
106  96
161  105
167  105
144  97
142  90
117  106
108  100
81  98
175  114
130  111
170  108
160  99
79  109
107  115
121  106
124  120
186  92
175  112
132  91
149  107
103  97
113  112
103  110
118  127
84  101
97  106
106  111
158  99
109  95
133  113
169  106
128  108
93  103
100  101
171  101
144  96
153  104
163  107
106  95
178  107
122  94
184  91
126  94
147  103
183  113
70  100
174  99
170  112
104  116
164  102
90  94
125  88
116  112
134  102
170  104
123  100
186  112
162  95
129  105
99  98
98  103
127  96
91  114
158  97
96  115
116  125
172  107
120  119
94  92
77  107
114  99
128  110
126  103
128  92
162  105
102  103
113  115
146  97
110  112
101  102
117  98
175  109
110  119
74  105
138  110
126  115
174  100
136  93
99  100
84  113
94  113
87  111
105  108
184  94
87  114
115  104
141  92
115  126
106  92
120  121
113  110
119  118
125  91
122  115
176  93
96  97
147  102
145  108
170  100
90  106
142  94
182  89
80  95
131  110
131  91
130  98
121  94
130  114
142  91
108  104
133  106
88  99
187  114
167  107
150  98
71  109
84  102
134  94
142  101
153  103
175  111
99  105
138  112
104  113
139  90
77  100
112  113
91  110
160  108
126  97
123  113
120  117
160  96
167  110
83  96
85  96
106  107
75  102
85  101
108  116
73  103
138  101
101  101
132  105
76  108
126  98
86  109
162  101
145  101
178  108
179  90
86  106
103  98
134  104
158  106
167  101
83  98
123  97
185  113
143  89
110  111
134  96
79  106
150  97
137  106
125  103
170  111
98  115
93  109
130  102
119  117
124  118
116  94
94  112
149  103
136  94
87  106
178  97
120  110
85  104
181  110
71  105
84  95
110  120
169  107
130  95
80  110
96  108
104  90
142  98
121  109
120  105
179  92
159  97
95  102
177  97
180  109
124  112
93  108
182  111
174  95
175  94
116  128
108  97
121  113
97  103
108  98
138  91
155  107
174  101
135  110
125  93
101  108
113  114
105  97
84  104
98  102
122  105
166  108
129  99
123  104
134  100
82  109
72  108
161  101
118  125
80  108
120  95
132  103
181  96
119  89
104  115
76  104
138  105
92  106
152  96
171  98
99  109
131  100
164  104
123  89
79  98
148  110
119  115
91  94
149  109
118  100
103  103
95  100
117  96
182  92
94  107
99  113
146  107
179  110
174  91
89  106
172  108
97  107
108  111
