954
98  101
99  98
157  145
160  162
124  131
141  146
128  133
98  89
121  135
159  171
167  164
133  118
90  103
149  155
162  174
140  119
136  122
155  153
118  109
164  167
165  156
156  149
86  81
164  163
154  144
131  118
121  137
94  95
133  116
127  112
109  95
157  154
108  111
117  134
108  103
104  106
121  132
103  106
98  108
110  111
124  132
88  82
158  152
119  129
146  150
143  144
155  150
106  114
156  150
147  139
160  174
112  105
172  155
118  118
131  122
119  130
162  153
141  139
115  126
174  157
94  105
150  144
109  117
106  95
130  122
125  122
130  121
118  107
159  156
160  151
172  154
126  120
161  151
168  162
167  159
136  116
122  109
136  134
162  167
140  118
84  81
132  124
120  135
159  148
93  96
74  78
126  134
165  164
180  161
127  132
120  119
138  116
101  101
131  127
130  128
148  153
127  134
143  131
97  94
187  163
126  117
126  124
95  95
133  113
129  117
113  101
136  112
105  97
127  137
142  142
104  115
158  151
121  115
164  151
184  160
99  100
124  120
164  158
140  115
178  156
163  158
151  137
99  106
141  111
132  131
165  176
143  121
163  171
139  133
170  159
106  105
168  159
142  121
152  142
150  153
153  150
131  110
161  160
155  154
142  154
135  119
136  143
162  155
117  135
106  96
107  107
144  139
125  124
118  104
162  173
142  117
100  98
184  164
87  99
80  80
169  151
144  134
75  75
162  151
127  130
130  125
145  146
126  113
153  151
106  98
87  89
115  119
138  118
122  111
97  102
112  113
85  87
102  93
179  159
162  154
121  125
140  138
137  134
99  110
103  109
113  114
126  115
148  154
140  144
129  134
157  151
127  121
163  163
102  96
158  166
113  110
137  121
105  99
92  103
143  140
157  150
140  135
101  108
90  102
107  116
166  169
95  106
181  156
104  100
134  132
135  135
100  109
158  148
95  103
138  122
97  97
120  105
131  109
116  120
91  83
90  94
122  123
142  125
133  122
148  148
143  152
164  153
138  121
176  162
175  158
163  170
73  77
143  118
141  127
120  110
139  138
136  136
129  127
95  107
113  112
114  104
100  111
160  168
134  116
88  97
78  79
132  115
166  171
106  118
86  87
118  126
149  151
163  159
108  97
150  152
151  149
148  139
107  99
111  105
118  122
178  157
170  163
100  97
101  104
113  103
108  109
115  104
108  114
160  156
98  103
107  113
126  125
150  151
95  105
145  131
159  153
84  95
145  113
113  115
89  83
83  93
137  119
134  135
90  99
78  87
170  162
136  141
82  81
175  162
91  92
116  127
96  108
121  106
111  106
159  155
142  150
98  91
141  120
105  107
138  140
154  148
122  124
150  137
177  156
173  155
163  168
126  116
110  112
124  117
167  162
136  117
129  122
120  121
91  85
123  124
134  120
139  127
134  136
159  149
100  92
103  93
159  147
168  155
119  118
116  124
111  100
152  150
155  158
163  150
100  101
123  107
156  155
145  153
124  108
93  95
159  150
97  88
132  112
83  79
117  113
135  137
134  118
145  132
93  105
78  81
178  155
118  110
123  121
143  110
126  118
171  154
154  151
109  102
162  169
128  136
124  119
189  163
93  101
150  154
167  158
114  102
107  96
161  152
129  120
132  123
98  95
80  91
120  122
161  172
166  157
142  140
143  148
128  131
168  166
168  163
130  133
136  115
118  114
142  127
163  153
163  165
117  115
99  108
169  160
106  104
123  118
98  98
75  81
185  161
185  158
128  110
123  126
149  137
171  153
103  111
121  116
109  113
140  141
117  130
138  133
108  98
162  158
116  115
107  106
150  147
120  127
101  98
138  139
151  139
133  124
94  86
97  104
150  140
114  108
135  143
119  133
109  97
141  129
154  145
119  128
120  138
179  160
142  133
134  123
107  115
134  127
163  152
187  162
166  162
129  136
94  104
165  166
114  99
143  122
78  84
102  109
167  157
108  100
147  138
145  147
104  110
132  130
133  141
162  161
108  104
88  90
151  142
157  156
94  84
160  149
116  132
158  147
163  174
140  120
135  136
158  149
130  114
138  142
111  109
87  96
90  87
134  121
100  112
81  83
151  147
117  122
97  106
153  143
94  94
104  116
88  87
165  173
149  149
132  109
122  108
146  142
84  80
135  110
182  158
124  112
93  86
104  114
140  132
150  145
145  134
92  95
106  111
120  107
138  125
117  118
159  159
142  112
158  150
118  136
159  157
119  127
91  88
142  129
147  147
130  120
96  88
116  117
122  112
130  119
116  125
116  133
118  127
126  128
128  135
148  137
145  141
162  159
153  156
87  97
130  123
149  142
140  114
85  96
130  134
133  136
155  144
156  157
114  103
127  129
85  91
108  96
146  136
121  123
134  119
105  105
128  123
106  107
94  92
96  87
145  150
128  134
71  77
76  81
152  145
188  160
124  135
163  166
166  154
140  122
176  160
99  105
142  120
141  131
139  117
160  154
160  160
144  111
118  129
133  132
148  134
128  107
163  172
164  162
91  94
72  77
76  85
187  161
119  120
107  117
154  147
102  111
126  129
166  158
130  110
170  156
119  125
165  150
141  133
91  103
124  130
117  107
133  119
127  131
110  96
93  102
108  116
106  92
157  148
172  153
182  161
159  163
129  119
114  118
138  110
71  79
135  111
158  154
95  100
100  108
173  158
165  159
97  109
154  153
124  118
133  133
101  95
94  100
141  121
138  135
94  106
166  172
89  91
141  118
123  113
120  114
103  113
110  119
129  115
155  155
146  154
137  115
83  78
120  123
166  170
106  102
99  104
104  101
145  136
102  103
152  143
146  143
162  156
120  117
165  154
100  99
88  89
126  107
137  137
133  138
109  120
148  143
121  113
121  136
122  118
90  85
123  117
144  118
122  105
180  159
105  113
91  82
110  120
161  171
134  131
91  86
128  126
121  111
93  98
105  112
123  138
101  112
165  155
127  124
140  117
98  109
113  113
108  117
119  136
105  116
124  125
109  93
148  147
144  151
119  138
80  81
128  108
125  116
138  132
136  118
94  102
79  78
145  151
168  154
97  103
126  131
175  155
124  128
99  109
144  133
124  115
110  109
127  116
89  101
120  109
138  112
139  115
111  117
136  137
102  94
160  152
151  140
101  102
98  105
100  100
155  156
146  144
137  124
121  107
108  112
124  129
124  134
76  83
108  118
162  166
149  150
166  160
149  148
98  106
157  146
144  155
121  120
104  111
144  131
163  154
144  154
130  131
132  125
146  147
84  94
162  172
96  97
130  109
140  111
189  162
114  121
154  149
130  111
142  139
142  124
164  152
114  116
156  159
101  114
134  139
100  88
142  116
134  109
139  126
132  117
147  146
159  169
188  162
127  133
112  111
167  161
115  118
126  121
124  114
158  158
102  112
103  110
168  160
96  98
158  156
171  162
147  144
131  124
134  125
140  127
141  122
94  107
93  100
160  164
138  137
121  122
112  97
161  175
178  162
127  123
126  133
122  133
144  137
114  122
90  83
110  114
152  152
116  103
72  75
123  115
117  106
93  103
124  106
87  87
95  102
74  75
138  117
155  149
73  75
103  103
113  99
133  115
116  128
105  111
167  172
149  138
122  115
104  90
168  153
148  136
120  106
92  84
119  115
120  129
100  104
96  93
158  161
122  117
165  168
137  122
163  157
97  107
101  88
87  92
85  84
143  127
161  153
128  113
119  137
166  152
121  124
164  168
95  108
149  136
112  114
165  167
185  159
151  155
124  122
84  92
91  93
88  100
151  153
125  121
133  135
111  107
118  125
103  98
119  117
84  87
134  110
119  123
98  107
115  122
156  154
151  152
85  81
147  149
118  123
111  101
151  143
91  99
119  122
142  144
101  105
146  145
166  166
161  170
188  161
112  120
82  78
140  131
159  162
130  124
128  127
89  94
110  105
125  131
175  160
88  94
87  95
100  107
102  105
159  160
151  141
101  106
182  163
99  102
91  95
139  143
102  89
121  109
98  102
144  117
141  149
133  129
102  107
136  119
122  128
148  138
148  146
131  121
126  135
160  167
134  111
168  158
130  115
126  126
109  104
131  119
157  149
75  80
71  78
135  124
134  133
126  119
122  113
131  128
120  126
146  134
123  131
167  160
127  117
148  141
91  100
100  102
167  155
105  108
103  97
141  144
131  117
99  101
142  138
108  107
117  131
153  148
139  140
102  100
186  161
104  113
97  98
143  128
149  135
173  154
116  112
154  146
99  96
75  87
147  152
162  171
156  156
123  109
99  107
147  151
158  165
124  121
125  111
103  107
162  160
88  99
140  136
122  126
160  153
167  169
159  151
