594
148  85
114  76
181  87
142  91
150  87
121  82
155  83
174  90
171  86
111  82
118  80
134  84
101  80
122  74
142  89
189  87
161  79
91  86
137  95
177  89
119  87
122  86
177  85
185  91
184  91
126  93
183  83
128  89
133  84
136  89
121  93
158  82
142  88
99  85
134  83
150  84
105  81
135  94
124  71
141  89
109  84
130  93
128  86
134  87
114  84
130  83
96  88
144  82
138  88
125  91
179  85
120  78
115  82
105  99
132  82
119  92
185  87
112  80
127  75
188  89
146  83
140  95
145  81
130  89
111  100
156  80
185  86
157  91
100  84
167  88
128  77
138  87
127  82
126  90
128  80
139  82
99  83
125  76
159  87
142  84
149  87
132  79
118  73
137  93
121  81
116  83
158  83
163  87
107  99
191  85
190  88
97  83
193  80
123  72
88  90
132  90
139  90
113  81
187  84
196  84
108  98
115  77
120  82
136  93
177  90
170  88
139  81
141  88
138  94
116  76
125  71
129  88
155  82
137  91
98  81
136  88
146  85
105  97
167  91
106  96
134  94
183  92
123  78
142  87
201  81
131  87
162  86
122  70
99  86
143  81
129  83
178  86
189  81
95  83
177  92
127  76
192  80
115  85
180  91
107  96
128  92
125  93
132  81
160  91
162  87
88  89
146  86
133  88
107  81
194  82
134  80
166  91
106  98
176  91
184  84
182  86
190  87
132  87
141  85
132  85
173  88
135  83
122  87
159  85
147  85
146  87
141  92
127  74
189  83
172  88
180  90
179  90
113  78
179  88
117  75
130  92
192  81
149  89
121  94
86  87
184  88
96  81
157  80
101  81
120  91
159  80
140  85
127  84
87  87
127  72
142  85
182  91
190  86
155  87
145  84
131  84
186  87
182  92
165  89
125  80
189  82
127  80
184  86
85  91
138  83
128  84
100  81
199  79
163  85
159  93
120  79
147  88
121  77
143  83
147  87
98  89
144  88
136  81
94  86
135  89
124  77
138  82
109  95
128  90
183  90
102  85
113  94
143  84
116  80
146  81
145  83
143  91
195  81
181  83
122  75
129  82
136  86
127  87
181  86
125  81
152  89
141  81
133  93
168  91
178  88
129  79
190  85
183  87
177  91
103  93
131  88
143  87
120  90
161  93
124  73
121  71
94  84
151  86
130  78
139  89
91  85
158  91
101  88
108  100
161  91
131  91
125  88
199  85
126  84
178  93
124  94
136  91
105  88
124  79
160  88
98  85
117  81
109  93
112  85
93  86
119  72
178  84
123  93
167  85
133  90
163  90
149  85
118  90
122  94
185  83
90  87
116  94
187  83
177  93
179  87
156  92
192  83
180  85
125  72
153  84
151  84
121  92
129  80
129  78
124  70
129  87
130  79
134  89
179  89
127  90
106  88
140  89
198  83
111  79
143  93
95  84
91  82
138  91
119  88
158  87
189  86
131  85
184  82
169  89
131  81
176  88
186  88
141  90
185  89
174  89
188  85
182  90
135  81
144  83
163  84
142  90
180  88
124  78
129  81
182  84
183  88
132  84
185  85
148  86
158  89
131  92
106  92
121  91
121  85
130  87
156  81
136  82
102  84
172  91
143  86
179  94
163  83
123  92
161  84
174  86
127  81
91  83
145  89
132  86
130  86
114  95
182  89
138  84
132  91
191  84
104  83
106  84
176  93
119  81
167  90
137  80
139  80
138  81
170  85
168  89
153  83
136  96
117  89
162  90
106  95
102  94
138  86
160  81
134  88
178  92
140  93
135  87
197  80
161  83
139  83
109  86
174  85
111  101
92  84
169  88
125  77
139  84
174  91
133  83
143  82
182  88
180  83
143  88
140  87
126  82
181  92
175  93
163  88
115  81
187  89
126  74
136  94
136  80
166  89
141  86
125  82
197  82
127  79
96  87
162  89
100  88
136  87
177  88
122  71
179  92
194  85
188  83
158  88
116  77
120  85
91  88
88  87
116  82
171  90
113  89
164  86
198  81
188  81
192  84
188  90
152  88
138  96
112  82
100  92
115  84
102  89
103  86
131  79
197  83
174  87
133  87
156  87
123  80
121  79
137  84
108  87
109  97
149  88
147  83
128  78
123  94
143  90
98  91
108  103
178  91
161  89
120  71
174  92
121  72
97  82
124  84
113  85
126  94
175  87
178  94
160  89
107  87
96  84
141  94
122  80
152  87
135  93
150  92
170  89
185  84
97  81
175  86
148  90
152  85
87  89
120  75
151  88
129  77
154  90
90  85
166  88
131  93
117  77
128  85
199  80
139  97
117  84
155  88
147  92
186  85
142  94
161  88
122  85
135  96
171  91
135  90
122  78
85  87
120  80
102  82
111  86
196  83
89  83
126  79
143  89
137  83
156  82
191  80
133  86
170  86
124  80
201  84
133  80
180  87
109  102
122  76
104  90
194  86
119  89
155  90
181  88
173  91
111  90
169  86
90  83
171  88
190  84
97  88
138  85
128  76
108  84
180  92
124  90
197  84
125  74
187  88
108  96
122  81
99  81
173  90
114  89
160  78
123  89
108  97
135  84
184  83
132  88
159  91
126  83
127  91
123  82
164  91
155  80
119  79
134  90
157  87
133  81
149  84
89  91
159  94
186  90
176  84
162  85
159  90
84  87
134  82
129  84
138  90
110  96
112  97
102  93
183  93
139  93
165  88
