753
104  110
106  84
167  92
109  97
122  112
93  109
90  102
185  92
94  119
65  104
184  88
79  109
85  108
142  99
178  93
132  105
93  108
79  98
176  93
84  106
126  107
91  105
181  92
181  88
93  100
68  102
90  120
82  109
163  95
93  101
168  97
159  107
93  114
146  107
183  94
91  115
130  110
108  103
101  106
128  99
125  99
135  104
94  113
156  114
107  87
129  105
130  98
99  104
122  100
122  109
142  101
145  107
121  95
171  101
127  102
98  113
107  96
101  112
102  112
86  104
126  101
140  100
103  107
79  106
112  85
113  94
114  103
99  102
159  111
93  102
162  99
148  101
89  94
117  107
122  98
82  97
87  111
143  103
106  88
107  99
122  105
177  91
116  103
94  104
134  100
139  100
131  97
160  104
148  108
94  116
125  103
128  107
79  97
123  109
98  106
133  97
94  111
134  107
89  104
177  97
134  102
95  100
158  115
113  99
83  99
105  112
89  105
133  106
151  103
142  98
111  86
92  112
123  98
122  95
133  103
88  99
108  109
69  104
181  96
124  103
172  95
91  94
161  105
158  99
175  94
151  111
96  93
174  93
156  102
140  98
91  116
101  95
143  97
138  106
144  98
108  107
185  89
179  94
103  106
182  95
80  108
118  107
109  95
169  95
123  97
134  104
174  91
81  109
138  105
109  93
131  110
94  105
95  103
184  93
167  94
94  94
146  98
176  97
87  96
101  98
82  106
145  102
118  98
123  105
109  84
171  100
96  119
156  109
103  110
92  114
112  82
180  88
120  107
124  94
95  112
153  103
90  116
156  108
68  105
91  108
171  98
103  97
163  98
112  97
99  108
97  104
128  101
166  97
153  100
72  107
106  95
131  109
109  86
159  104
116  94
90  110
134  110
83  96
169  93
69  103
84  99
108  104
94  120
145  101
160  99
138  98
84  101
146  106
157  109
94  115
171  99
151  110
118  104
122  99
102  85
99  101
142  103
146  102
112  105
120  101
91  99
94  123
99  107
104  111
149  109
98  105
139  104
100  107
105  111
94  107
127  96
130  109
164  104
132  103
144  101
121  111
84  102
121  94
95  102
98  109
76  108
125  111
76  106
94  95
98  98
127  100
128  104
131  96
111  82
79  105
127  104
136  99
140  102
92  116
178  94
95  113
95  107
87  103
111  90
88  110
124  112
171  90
124  106
103  109
96  111
69  101
83  105
149  106
73  99
107  107
96  117
108  87
141  105
90  106
153  99
184  91
183  95
88  100
89  110
135  102
92  107
102  109
101  108
131  106
81  98
120  99
77  100
92  106
172  91
96  115
165  101
179  89
131  100
74  107
142  108
120  110
92  120
70  102
128  108
123  104
178  91
92  103
106  98
162  95
126  115
73  104
74  101
174  94
114  99
120  109
170  92
126  97
87  97
150  104
157  102
98  103
129  99
102  84
177  89
158  96
167  101
149  103
96  97
97  106
93  119
99  96
109  104
137  100
173  91
102  107
178  92
149  107
162  102
81  107
100  108
182  90
107  106
164  102
94  112
130  111
87  102
86  106
86  101
93  118
96  120
90  94
143  110
96  108
109  102
81  104
101  105
103  103
156  104
121  106
111  109
139  102
177  88
93  105
180  92
159  103
145  105
114  104
95  122
143  98
105  108
102  103
95  115
87  104
77  107
94  114
89  106
183  90
97  109
95  108
123  101
130  96
111  100
111  105
110  112
115  104
90  119
121  113
179  88
92  118
145  108
151  112
126  103
150  105
92  110
84  95
134  99
179  90
73  100
98  108
127  101
126  98
128  113
171  91
87  95
100  97
97  98
92  117
108  112
80  104
110  96
123  95
132  109
102  94
142  106
180  91
92  122
95  111
136  102
99  100
111  79
122  108
98  116
175  93
70  106
166  100
84  110
91  100
133  101
141  103
96  98
82  107
86  109
103  93
130  97
100  98
174  95
91  103
114  108
97  115
97  111
108  98
103  86
118  100
100  112
137  107
93  103
113  101
177  95
140  105
134  97
182  89
94  102
182  92
99  106
97  94
137  102
93  96
97  102
153  107
178  88
85  102
166  93
78  100
117  106
167  102
113  81
163  94
114  102
98  115
137  99
133  107
179  96
92  115
73  101
83  106
140  111
129  96
83  110
93  95
71  104
160  96
85  99
161  99
87  106
74  100
139  98
176  91
150  109
153  104
98  111
170  99
102  111
82  102
100  104
110  111
91  114
124  114
91  113
95  119
85  96
145  99
92  111
112  80
92  95
122  113
123  100
120  95
84  104
174  99
108  96
105  97
114  95
126  100
97  97
91  106
91  95
141  102
129  102
183  88
93  113
157  103
100  100
79  100
162  96
177  90
99  98
100  88
108  84
93  107
132  98
106  111
113  103
123  113
126  99
94  118
91  110
105  99
87  99
135  103
85  107
102  96
111  106
152  110
149  108
149  104
137  103
173  90
138  99
159  114
94  106
124  108
106  92
88  97
108  100
134  109
112  111
120  106
127  112
155  98
98  102
111  77
97  121
85  104
179  92
99  113
105  105
172  94
108  111
121  107
121  109
158  98
66  102
94  122
163  99
100  111
168  94
104  106
144  97
90  117
125  97
180  90
123  107
149  101
147  103
87  109
174  92
115  96
100  109
84  108
185  91
97  103
93  98
128  110
137  106
134  106
105  107
98  101
159  112
87  105
98  95
118  97
85  101
154  114
173  93
121  98
90  108
82  104
158  106
155  104
148  99
162  105
126  113
101  102
174  90
104  101
75  102
181  95
75  99
146  104
155  107
93  123
102  105
80  97
183  93
117  96
87  101
92  119
98  107
111  101
159  97
148  100
105  81
134  105
172  93
67  104
110  105
127  98
88  102
107  81
161  97
169  99
97  118
102  93
162  98
100  102
124  101
117  98
106  107
76  104
97  112
86  103
102  100
173  97
152  108
155  111
164  98
102  89
108  97
177  93
121  99
183  92
130  102
100  101
106  96
96  116
132  100
148  104
111  107
163  103
123  94
182  88
147  101
65  103
132  101
122  111
161  101
182  91
152  111
118  109
90  103
174  96
88  112
113  110
99  110
170  100
120  105
160  100
104  100
121  103
101  104
147  105
147  102
177  92
137  101
86  102
158  97
78  105
134  111
99  109
71  105
101  88
150  106
138  110
103  111
101  101
139  101
97  107
122  94
106  102
168  95
95  106
140  97
90  99
153  106
162  101
106  105
91  121
72  102
103  98
171  96
135  110
100  92
95  95
177  96
99  105
109  77
152  103
72  108
139  97
95  105
105  88
95  120
118  110
153  101
88  94
140  101
135  111
94  100
147  104
141  111
76  107
73  103
89  101
106  104
138  101
133  100
83  98
100  99
124  96
110  109
97  119
104  83
77  98
175  96
74  105
142  100
129  106
104  90
