1115
172  133
175  132
129  84
90  72
152  117
100  92
166  144
158  123
141  111
166  154
140  78
104  83
112  80
152  111
145  83
159  133
156  114
100  78
108  70
171  127
160  141
119  92
84  68
149  104
142  117
141  102
132  115
145  129
129  95
136  86
136  102
142  116
187  122
126  94
86  72
99  69
137  93
124  119
143  94
145  131
140  119
118  98
138  94
126  103
146  83
179  124
93  77
142  121
155  121
149  106
147  103
117  84
159  135
134  82
130  93
137  95
135  87
128  101
169  136
135  89
119  79
149  132
167  131
146  126
179  122
165  150
193  123
141  78
142  77
92  67
144  96
110  96
146  115
103  98
170  146
144  94
101  76
89  65
182  126
161  144
92  68
145  108
148  81
122  109
152  123
131  106
143  79
141  89
125  124
132  88
149  135
133  90
107  99
111  90
138  87
117  77
148  113
103  76
132  105
151  123
83  73
186  128
145  93
148  104
82  78
120  78
134  107
87  80
137  84
131  92
131  95
116  77
126  97
127  117
121  109
85  67
112  85
126  118
121  82
116  83
124  84
146  128
186  125
100  79
192  123
148  134
109  84
191  123
82  66
122  95
100  66
136  99
123  107
141  86
147  87
86  74
76  74
136  82
96  75
83  76
171  132
177  129
165  130
85  76
120  114
140  89
122  80
99  85
99  71
143  88
121  123
172  124
155  120
83  74
136  81
135  94
132  101
147  131
126  121
133  106
144  101
104  78
138  101
122  100
90  76
147  124
143  83
181  123
161  121
164  152
132  109
97  88
85  70
123  104
145  102
137  100
136  93
139  115
155  117
142  120
122  108
135  90
106  96
147  113
163  127
163  126
161  146
149  107
89  72
96  78
129  105
139  79
96  70
166  124
86  67
139  80
101  81
139  117
133  113
168  128
157  125
88  66
119  89
90  71
151  132
121  113
122  113
102  85
121  106
130  89
138  96
95  69
127  121
134  96
166  134
186  127
145  84
124  94
121  107
99  81
145  94
114  75
124  96
104  71
128  90
84  81
90  79
78  64
149  108
168  146
128  80
164  143
123  78
132  84
114  104
92  84
99  86
142  95
121  79
75  70
135  111
160  131
120  107
147  104
174  131
139  90
128  123
160  116
138  86
120  82
127  101
122  117
151  119
165  143
98  91
106  98
109  93
150  128
157  131
130  110
90  65
83  79
148  85
146  125
143  91
162  147
143  103
142  88
123  101
123  118
122  118
162  129
149  118
144  118
132  82
101  68
125  88
82  68
136  91
82  74
77  68
134  80
111  79
128  110
139  93
129  102
147  83
136  87
131  110
128  108
146  104
105  99
134  119
165  124
146  130
146  85
154  122
93  86
133  100
143  93
140  115
91  65
149  109
169  142
146  124
136  112
115  81
139  82
150  120
133  107
91  85
163  120
111  100
140  101
147  102
152  128
189  125
147  101
97  73
151  133
107  75
109  97
148  86
188  125
150  133
74  67
162  121
133  86
121  116
101  88
167  128
120  95
143  81
126  120
94  92
168  148
126  99
120  109
127  104
153  122
102  84
134  84
171  135
146  120
151  111
143  98
149  111
130  111
102  76
121  103
138  110
122  98
144  121
188  128
186  124
146  122
138  112
151  127
97  68
117  89
102  96
133  80
131  84
188  127
129  99
107  73
145  96
127  98
92  78
121  98
169  150
164  132
96  80
137  99
135  96
140  85
100  69
181  126
144  122
175  127
139  81
77  71
105  74
125  93
161  122
170  129
169  145
149  133
88  64
143  122
138  106
96  93
187  127
107  81
124  101
142  94
102  79
101  79
141  122
120  123
147  114
133  103
167  133
121  95
122  87
132  90
121  120
109  102
159  127
134  110
140  105
126  90
141  120
122  123
138  83
165  123
134  97
115  96
136  89
125  111
179  128
174  128
131  87
127  112
143  90
121  115
136  119
142  99
127  116
109  77
124  122
145  107
179  121
95  80
133  118
118  104
117  98
170  145
98  66
123  93
137  83
129  83
138  82
145  89
158  128
150  113
137  80
99  96
135  81
168  134
128  107
142  91
173  127
173  122
134  88
145  99
123  95
106  75
143  82
104  90
166  125
113  81
91  83
114  76
129  119
133  119
126  119
145  105
108  98
140  79
130  109
164  125
163  152
94  70
177  123
125  122
111  82
144  77
147  80
125  97
150  105
151  110
95  84
137  102
171  126
140  95
102  93
85  81
142  101
134  104
134  99
123  105
167  150
128  85
150  116
124  117
113  101
96  81
135  119
124  90
173  132
123  121
168  129
96  87
101  95
121  94
153  128
122  111
129  120
144  82
93  65
166  138
145  113
108  103
141  94
141  85
132  87
143  80
129  88
129  96
104  73
179  129
132  91
174  127
114  84
149  117
122  99
173  129
126  84
148  110
96  79
106  88
117  75
127  91
129  81
127  123
168  139
124  80
113  103
106  95
125  91
109  95
118  97
140  120
76  72
169  125
127  124
138  116
133  84
181  128
148  108
142  79
120  119
168  142
132  81
109  72
86  70
137  107
165  155
162  126
143  77
141  96
114  99
97  94
173  121
87  65
131  109
91  69
163  135
148  131
125  80
90  83
124  118
120  99
94  86
78  63
98  95
163  138
139  102
177  122
121  122
140  122
131  91
121  99
150  106
133  116
105  88
120  91
170  127
130  96
191  126
130  92
86  63
109  104
164  153
140  87
170  137
164  126
123  117
118  107
126  113
148  115
140  100
105  81
121  92
135  83
146  81
76  64
172  131
101  80
96  84
111  86
141  105
97  69
170  132
132  98
119  81
83  78
180  129
162  137
118  80
93  70
171  134
138  79
116  76
134  111
139  83
138  85
93  68
75  68
170  140
140  114
152  127
125  99
136  96
143  121
128  86
150  126
94  66
130  95
159  128
103  93
190  123
142  124
126  82
165  131
115  77
115  74
112  97
135  104
103  97
95  83
152  110
138  90
130  115
148  117
131  85
122  124
136  79
138  91
114  72
155  111
162  142
97  81
126  117
141  92
138  118
167  155
145  132
126  115
133  87
161  118
159  131
128  99
92  79
127  82
137  115
138  117
142  78
119  88
137  103
169  134
126  101
117  96
106  84
123  98
138  81
145  122
136  116
167  130
112  82
124  79
121  85
108  100
86  81
144  88
168  153
127  87
91  86
97  75
89  77
141  103
163  144
124  106
100  88
126  124
162  119
149  128
132  100
175  122
166  149
165  133
149  127
133  101
147  88
147  121
160  134
185  121
146  111
163  124
89  76
151  112
120  106
146  87
128  94
75  63
141  81
145  101
142  85
120  122
143  84
141  90
129  82
137  121
166  139
188  124
155  126
123  94
102  71
132  112
114  103
123  124
91  82
131  81
127  84
130  94
142  90
121  81
175  121
120  117
165  142
179  130
100  68
131  88
168  147
168  124
122  86
127  90
108  84
166  123
143  87
146  134
193  124
176  123
145  124
123  92
167  134
148  80
164  144
120  79
133  88
142  89
118  109
138  122
189  127
85  63
139  100
132  103
111  101
124  103
159  130
151  131
188  126
121  77
139  97
118  100
122  85
151  129
164  130
141  79
146  102
166  141
137  101
163  121
89  71
111  77
177  130
154  132
163  132
132  85
120  85
122  81
107  87
99  83
120  121
114  95
88  82
155  118
113  78
101  75
91  74
115  84
102  70
170  144
136  94
166  152
105  75
108  97
114  89
133  97
121  91
90  77
137  122
163  142
116  82
163  140
137  91
130  97
147  115
97  82
112  105
150  117
123  89
172  122
140  77
135  110
128  84
158  115
115  85
130  86
144  97
134  116
125  82
136  117
161  131
145  81
123  113
115  73
169  147
81  63
143  118
128  104
123  109
103  86
132  86
189  122
121  93
140  97
131  97
131  96
120  80
127  102
113  94
139  98
186  123
130  119
134  94
143  97
129  87
124  112
89  83
149  124
126  93
134  109
129  106
129  80
107  96
144  111
165  126
146  97
116  94
165  154
99  78
138  88
115  104
124  115
145  95
139  89
149  121
142  106
99  70
162  123
111  71
167  140
100  81
128  89
143  110
145  78
130  102
108  96
167  148
165  134
114  102
77  75
144  117
168  154
116  80
142  80
120  105
123  115
134  83
156  119
113  85
160  135
147  105
136  88
165  132
123  82
117  107
81  69
148  79
177  124
141  121
135  84
144  78
142  108
138  121
138  99
142  98
81  65
140  102
130  114
142  87
90  85
126  98
152  126
93  69
164  121
134  102
138  98
141  88
126  100
166  136
120  101
183  125
129  115
159  125
125  121
153  129
133  115
143  89
158  121
175  123
103  79
124  120
103  67
182  123
124  114
121  111
129  122
113  99
125  81
123  97
138  105
96  73
150  118
168  138
125  116
126  116
79  67
146  98
97  83
146  86
159  117
133  93
102  82
140  117
94  77
131  93
118  90
191  122
134  118
123  80
145  125
91  64
165  136
152  108
140  98
134  89
138  84
106  92
130  98
135  93
171  133
109  71
133  83
134  100
115  82
83  75
167  127
93  71
142  100
132  117
113  89
122  115
117  81
84  64
102  94
135  103
133  81
120  90
124  108
122  94
159  132
134  90
181  127
108  87
101  70
112  74
124  121
164  151
134  106
136  115
124  78
169  143
146  80
139  101
161  128
121  124
142  103
137  106
140  118
144  83
130  87
162  145
147  85
119  87
191  125
128  113
147  132
163  150
141  118
122  78
139  84
98  79
126  83
127  96
98  85
140  93
98  89
153  123
126  107
102  66
154  128
98  81
154  114
147  130
151  120
148  122
178  122
102  89
134  87
135  102
127  81
144  98
92  76
142  84
96  88
146  127
174  130
131  100
134  105
117  106
137  119
160  123
136  80
169  149
128  92
181  124
143  86
94  84
125  103
95  72
104  72
150  114
136  118
99  77
163  153
142  112
116  103
139  104
140  111
109  86
160  143
172  121
131  117
129  117
116  74
150  109
105  97
97  65
100  84
127  100
146  107
120  110
122  105
123  100
130  83
147  119
122  112
84  80
160  140
146  106
79  74
96  65
