910
134  102
188  160
120  90
121  109
101  80
134  119
152  128
135  104
144  117
133  115
113  78
123  94
146  124
170  149
145  105
158  147
165  136
110  70
122  87
160  143
141  129
159  148
119  115
93  65
105  81
172  154
149  138
118  97
165  143
105  88
111  82
155  133
152  123
114  99
150  126
149  137
113  101
99  85
183  175
157  134
139  101
172  155
128  94
107  73
141  121
122  86
124  101
121  116
105  75
157  139
140  118
129  96
145  131
152  142
165  142
126  93
171  149
125  111
122  117
123  109
128  101
151  133
155  126
133  122
118  98
153  128
159  117
132  101
188  161
125  97
131  92
182  161
138  122
93  68
125  99
126  119
100  84
128  107
158  138
125  91
177  151
134  100
160  116
160  123
168  146
139  126
151  127
175  155
161  146
137  115
144  134
150  137
185  159
146  115
124  108
147  130
111  101
184  164
169  149
137  107
135  102
107  68
91  65
117  77
169  151
183  176
148  137
186  161
152  126
97  81
148  139
123  95
159  114
117  81
149  111
88  66
134  96
145  124
122  108
139  100
140  117
98  85
159  147
154  135
137  99
125  103
116  82
144  118
180  169
109  93
99  64
142  129
130  121
140  115
179  165
95  62
197  166
115  84
116  76
99  77
101  70
124  117
138  101
113  85
115  96
135  94
109  86
149  133
168  155
149  121
99  70
117  84
117  113
154  122
140  120
159  149
124  115
187  162
108  70
136  96
114  103
125  88
134  105
162  123
109  77
102  70
163  144
108  96
183  172
140  114
89  65
149  135
193  168
150  113
151  141
147  131
131  95
157  131
90  62
98  79
182  165
114  76
180  159
124  112
162  142
134  107
150  140
186  176
173  150
169  142
127  100
128  89
152  133
148  141
159  127
175  162
158  128
163  138
130  110
155  118
170  146
193  169
185  157
116  103
157  145
103  93
127  91
123  118
128  108
121  115
92  78
114  108
161  118
187  163
95  60
112  82
154  132
130  96
189  163
120  107
116  80
112  80
173  151
181  174
160  131
171  146
190  168
132  103
182  158
120  106
162  119
114  102
131  97
109  84
134  116
132  117
162  126
146  134
140  111
141  103
105  66
151  131
108  98
93  61
151  140
136  119
120  117
106  68
126  116
148  115
181  172
155  117
126  100
134  111
152  145
156  136
123  82
183  168
90  71
136  99
159  132
154  136
132  105
147  139
185  166
130  93
135  110
151  111
124  106
136  118
127  87
104  71
141  111
153  134
124  114
149  132
130  120
126  99
124  103
128  99
130  111
138  112
111  77
104  66
133  100
162  121
174  149
150  144
132  123
135  111
134  106
170  156
95  69
92  67
178  156
120  109
144  126
198  167
140  119
142  121
114  89
180  161
134  99
162  137
132  112
106  95
97  83
175  160
133  116
134  120
151  112
147  119
114  95
118  109
127  101
166  138
145  108
134  97
166  149
144  131
153  143
151  137
117  98
157  137
172  149
120  110
95  84
118  104
148  108
131  96
138  106
134  121
163  126
115  77
113  103
140  101
144  127
97  69
142  112
149  118
137  124
126  90
104  73
195  166
122  109
174  157
151  129
144  122
133  97
132  98
164  144
137  102
130  94
95  72
137  122
147  115
128  113
146  136
155  137
161  144
187  161
135  124
119  81
146  128
117  106
113  81
142  120
169  150
107  81
152  143
132  115
111  100
121  85
160  135
142  108
122  118
130  122
178  152
139  127
102  66
130  92
169  145
111  71
120  79
130  97
131  122
155  131
142  124
155  120
123  93
154  138
137  101
121  82
129  102
167  140
140  102
178  154
114  75
118  114
120  91
151  142
124  84
161  131
147  132
145  129
162  129
143  131
134  123
120  114
141  131
159  135
149  142
150  120
143  110
93  69
103  76
128  104
158  121
137  100
112  85
100  79
146  107
132  91
162  145
149  127
152  110
96  70
119  92
130  98
120  85
127  116
100  68
126  115
138  116
154  144
126  107
136  115
131  100
94  66
124  96
183  165
126  118
155  140
175  153
154  146
127  102
121  91
145  134
123  107
172  146
154  133
139  117
150  116
121  81
128  90
164  125
157  149
158  149
133  101
151  119
173  153
130  102
173  158
127  104
153  123
153  138
143  128
149  117
188  162
123  89
185  173
172  151
153  129
173  155
106  88
121  92
151  143
160  134
121  93
90  72
131  118
134  109
159  140
168  148
141  105
134  110
154  128
151  110
149  124
123  117
158  142
176  162
146  126
125  116
150  118
133  93
99  65
158  150
115  81
168  139
141  102
164  151
133  119
122  105
189  168
143  121
131  110
176  150
147  124
101  76
142  117
183  173
158  115
183  155
129  99
101  81
123  101
98  81
119  87
121  111
99  71
150  109
159  125
106  92
165  150
154  114
176  168
104  72
120  82
96  65
169  147
104  90
124  118
150  128
129  106
152  117
136  117
180  172
108  87
109  72
126  117
101  88
141  122
135  119
105  74
102  65
159  131
90  65
152  111
147  114
148  134
133  107
148  131
157  138
160  149
97  82
143  122
106  75
192  167
99  81
131  93
97  73
195  170
179  168
189  169
120  95
140  122
148  122
144  111
176  160
96  78
144  121
115  104
121  79
103  67
141  120
157  146
112  74
145  113
191  168
131  117
122  111
145  132
160  141
129  95
118  110
92  76
178  157
155  144
148  138
114  104
92  68
127  112
113  99
135  96
157  125
139  102
195  167
175  151
150  117
146  130
93  77
119  88
159  128
126  94
176  151
94  70
150  133
102  82
98  66
167  148
181  165
168  154
121  107
143  118
159  133
140  127
184  176
187  169
145  107
163  140
111  86
115  82
181  156
116  77
142  125
98  63
186  169
130  114
154  147
122  98
119  79
129  117
107  96
138  105
151  139
116  83
164  126
129  120
107  75
145  125
118  80
173  149
131  119
114  84
159  130
173  154
122  112
172  153
154  145
122  85
133  124
121  94
151  123
99  86
179  160
123  115
145  122
139  104
171  153
127  96
123  113
95  83
142  127
150  114
102  79
155  136
126  113
146  127
101  79
98  62
120  105
109  71
122  81
179  159
122  100
138  121
97  65
169  143
168  153
126  101
133  118
163  120
148  136
94  77
111  79
99  69
163  150
163  124
133  103
147  138
126  98
102  89
197  167
129  119
166  139
138  118
116  94
140  105
170  145
156  135
137  119
161  122
88  64
188  166
185  158
138  99
103  86
112  97
133  106
120  99
156  132
177  154
118  107
136  102
95  80
157  133
149  109
160  140
132  100
104  83
134  94
177  156
174  148
151  135
124  94
113  89
131  91
157  148
171  150
118  90
170  144
115  85
161  121
137  103
137  106
163  127
136  116
156  138
126  97
163  142
111  90
142  103
131  121
113  94
158  148
89  71
121  103
109  97
110  96
106  84
96  73
91  69
155  111
108  84
143  126
93  70
151  132
130  115
149  108
158  135
106  96
168  142
97  68
137  121
168  138
158  144
99  83
101  68
158  137
122  113
128  110
112  105
131  109
134  104
139  115
162  147
130  109
118  100
149  128
161  128
199  166
99  78
153  133
100  81
96  81
141  127
185  161
153  122
157  136
100  66
104  78
155  134
127  98
122  115
93  71
164  143
131  106
135  103
156  119
159  145
121  113
176  152
127  117
107  87
173  152
149  136
148  117
143  127
148  113
148  110
120  101
101  64
138  117
124  90
134  118
152  127
182  163
156  114
179  166
96  79
142  106
189  162
122  99
166  152
102  85
171  154
125  93
130  95
141  118
119  89
138  98
117  89
155  121
146  106
130  119
146  111
122  94
122  95
122  80
136  112
184  160
117  96
147  113
117  107
146  120
100  78
132  109
123  97
133  113
96  80
175  152
166  141
93  60
138  110
140  100
158  123
163  135
91  64
96  84
123  104
123  100
180  154
184  168
146  125
178  162
121  95
159  150
142  116
121  98
168  147
124  119
101  75
121  106
100  69
191  163
129  115
123  105
187  170
129  105
102  71
144  133
123  92
97  75
196  169
147  121
121  99
167  150
100  88
96  75
123  98
138  125
126  103
175  158
136  122
151  120
127  90
102  76
146  122
177  153
108  100
179  153
109  95
103  79
128  92
178  155
102  84
120  80
108  97
166  144
