1180
182  103
130  109
87  112
116  112
94  111
72  96
163  99
164  111
134  89
173  105
95  112
148  117
145  102
112  113
101  114
192  109
174  113
173  109
174  112
129  87
136  96
110  111
121  109
123  97
159  103
99  102
179  107
149  108
172  105
165  105
170  99
118  98
167  107
82  106
142  125
161  118
103  110
129  105
140  117
120  114
107  121
102  107
111  127
100  107
82  104
146  106
120  101
82  115
115  126
168  107
80  121
104  110
183  104
131  119
119  122
107  107
83  99
138  96
191  110
92  107
143  110
117  115
143  97
176  101
71  99
141  122
175  108
91  116
181  105
188  105
116  103
150  118
108  111
91  113
97  106
100  109
104  118
147  96
74  100
120  99
94  106
100  102
111  100
146  104
79  118
166  105
89  106
134  104
85  113
170  112
130  95
140  114
150  104
123  100
92  114
139  115
82  102
78  114
144  118
134  118
131  96
182  114
132  109
180  109
126  113
79  115
134  120
184  103
124  103
164  104
120  119
144  126
107  122
110  124
133  115
103  103
123  109
145  129
142  95
113  114
187  105
124  120
149  107
109  124
108  125
145  101
87  114
175  112
162  105
83  105
144  127
159  117
132  86
114  108
128  89
112  105
156  108
145  95
73  99
106  105
79  122
84  102
112  114
140  115
129  95
135  93
74  123
87  115
115  96
167  101
107  115
162  110
124  112
168  105
111  101
187  114
119  120
129  117
106  121
122  117
146  127
110  112
178  109
107  96
189  111
162  101
87  101
102  112
125  111
142  101
141  127
154  96
97  111
80  110
148  108
111  106
147  130
74  105
130  98
147  102
131  95
101  108
85  101
120  105
170  111
86  117
137  93
97  104
119  118
142  106
144  131
122  109
75  123
76  119
164  106
140  120
166  106
104  120
145  131
123  113
128  110
143  121
86  119
74  122
182  104
142  124
155  104
81  107
141  103
167  113
99  113
118  97
78  115
144  96
113  113
124  115
156  104
92  106
141  120
147  115
155  98
74  127
155  117
165  113
189  112
128  104
150  113
101  115
132  105
182  107
184  102
117  106
135  110
139  100
139  101
156  109
135  96
79  100
189  107
164  112
114  103
141  129
168  103
105  99
109  121
93  109
85  116
139  104
90  116
159  112
99  105
151  103
82  107
85  112
153  99
146  107
131  117
109  93
136  117
99  108
126  119
91  105
119  123
150  126
149  97
136  91
97  109
186  114
109  102
137  91
106  95
144  121
78  112
171  98
145  108
148  96
129  120
168  113
138  91
105  118
136  118
92  111
146  102
101  106
164  109
180  108
133  101
117  113
132  84
180  115
190  108
156  102
82  124
180  104
127  104
168  112
111  109
78  105
105  119
81  120
134  88
143  103
93  114
171  100
181  111
178  114
173  112
109  117
138  94
120  110
109  95
162  102
129  96
130  92
122  118
139  117
126  100
92  103
106  107
79  98
106  102
126  99
184  111
133  106
134  84
103  107
92  115
87  117
138  110
78  120
109  113
186  113
138  99
136  94
88  110
88  117
174  100
113  101
135  102
162  116
171  109
127  96
110  120
134  94
173  115
111  117
189  108
152  108
84  99
98  102
183  110
95  105
164  117
141  102
98  107
110  114
170  104
126  116
145  107
150  98
90  110
127  117
186  105
133  113
125  97
143  122
77  111
149  109
107  125
85  102
116  117
128  92
130  102
127  116
132  88
145  105
180  116
105  108
183  111
129  102
134  116
86  120
83  116
103  113
187  103
110  96
76  123
161  110
98  109
100  104
108  97
128  107
144  97
134  96
143  128
186  112
76  116
142  98
140  101
160  99
101  112
146  111
94  116
142  117
142  99
110  105
150  109
161  101
169  110
81  113
150  117
133  87
169  105
80  125
118  107
104  113
104  111
83  113
80  97
176  107
104  115
123  101
126  115
127  102
113  112
132  91
139  102
102  109
138  106
87  118
133  86
149  96
168  114
82  109
147  119
121  99
149  117
187  110
115  104
129  88
178  106
126  101
180  101
140  105
158  99
132  100
133  93
181  108
162  117
164  115
79  106
176  116
103  111
147  124
93  113
87  104
94  107
144  111
166  100
76  108
116  125
131  97
87  120
114  122
148  97
128  90
141  121
111  105
80  118
114  116
122  98
76  107
167  111
90  108
171  110
163  108
149  128
176  102
79  105
86  116
108  109
119  117
170  117
158  97
121  106
159  97
190  111
158  115
134  90
146  128
117  98
85  108
134  97
118  110
89  110
70  98
85  118
106  96
162  111
121  111
93  107
179  110
94  114
72  94
143  118
129  99
167  110
165  115
187  109
150  114
136  87
131  118
80  113
155  118
186  108
98  103
87  109
93  103
99  107
137  100
99  101
172  107
171  99
125  99
186  107
169  116
105  112
158  98
156  119
147  131
173  113
118  122
150  105
120  117
107  120
91  114
188  106
89  120
139  97
125  116
162  98
132  101
157  103
153  122
140  118
140  98
87  105
83  106
135  103
114  102
107  106
107  116
75  121
73  123
120  109
124  118
160  116
93  118
106  119
124  108
120  122
93  108
161  111
126  103
164  110
77  112
146  124
83  98
170  110
79  119
87  106
103  97
108  98
88  102
123  107
131  87
102  94
150  106
166  104
131  88
141  111
106  98
85  104
151  127
135  90
134  102
153  104
150  128
123  104
190  107
167  102
163  103
126  117
190  109
104  114
108  117
122  113
117  118
121  103
172  108
161  105
133  107
105  111
82  111
90  102
164  98
104  106
132  87
147  113
92  117
166  108
178  111
105  113
155  111
109  104
159  104
145  96
118  100
108  127
107  117
98  111
152  98
99  110
95  111
153  100
84  111
104  90
147  114
116  120
160  109
191  109
77  96
84  123
163  112
94  112
182  105
75  127
146  120
110  125
114  104
125  103
98  115
149  118
108  100
126  120
133  103
106  114
80  122
85  120
86  109
135  111
116  115
70  94
164  116
136  119
126  98
142  116
80  116
140  127
152  103
128  108
112  120
92  116
148  104
101  104
135  94
103  98
130  110
78  122
102  111
137  101
148  100
100  111
162  112
74  121
150  100
97  112
84  108
114  99
96  116
78  125
129  119
176  108
98  106
101  101
122  100
82  113
96  108
182  111
163  98
171  101
152  123
147  101
79  114
141  118
137  102
108  120
148  101
177  105
107  99
130  111
153  103
95  107
190  106
160  100
103  109
96  115
94  105
131  85
96  111
180  114
138  101
137  99
73  103
121  120
155  107
169  113
182  108
148  99
120  121
73  101
105  105
118  118
139  93
130  97
181  113
173  108
102  103
149  124
108  103
181  107
173  106
148  95
114  121
185  108
70  95
81  125
78  113
90  119
130  87
167  106
91  110
145  113
135  87
142  112
122  115
82  123
142  108
121  115
127  101
127  98
146  122
136  115
81  98
147  105
99  109
133  119
132  85
149  104
99  106
100  101
150  97
86  104
137  106
175  114
179  108
130  86
80  104
133  88
178  116
150  116
89  118
176  106
127  112
175  109
138  105
126  97
166  115
85  99
136  99
134  109
134  111
128  101
94  104
133  90
128  113
123  115
87  103
81  104
123  117
151  112
181  101
135  104
109  126
90  106
132  98
163  105
121  107
148  113
179  113
87  102
159  111
148  110
120  107
162  106
162  108
130  93
187  111
178  108
84  113
136  112
122  105
81  115
168  106
77  98
75  99
118  123
151  119
161  113
148  122
146  126
130  96
117  107
153  106
106  118
101  102
134  119
91  103
171  102
80  108
132  117
146  125
112  124
123  98
146  97
113  115
143  127
171  114
81  109
138  98
165  101
131  100
76  120
134  106
168  110
109  97
118  109
163  117
181  110
78  100
159  114
178  100
98  105
162  119
84  117
104  100
180  110
167  105
142  129
91  115
146  98
106  104
149  111
163  111
184  114
130  115
164  102
86  101
132  115
140  97
83  110
174  99
93  105
188  104
175  111
153  98
121  116
78  119
122  112
99  104
86  102
149  101
103  93
179  106
88  119
144  101
161  99
156  114
140  111
124  101
160  104
158  106
100  108
131  93
171  111
121  98
184  109
79  109
102  93
142  100
121  113
134  105
138  112
130  94
78  111
81  124
148  115
89  101
123  118
137  103
112  97
117  122
183  101
98  113
136  116
143  126
101  105
86  111
138  117
122  108
76  106
137  95
87  111
179  104
122  99
152  96
115  118
127  100
94  113
71  96
79  112
136  102
81  123
73  100
84  122
113  99
97  107
105  107
142  121
152  117
130  119
90  120
152  126
119  115
184  105
85  107
83  121
120  106
166  97
173  110
137  115
131  110
85  117
134  99
94  115
146  130
95  108
105  116
181  112
77  100
141  96
79  111
154  114
179  116
165  108
140  95
83  115
165  112
140  122
151  111
108  104
174  105
116  124
131  106
84  110
169  102
76  104
131  91
89  105
151  110
80  115
159  107
76  118
84  104
145  124
185  103
114  118
137  107
88  112
134  107
153  101
124  114
174  101
142  103
140  102
175  116
128  94
113  110
74  101
147  104
151  120
162  99
92  110
170  105
77  118
130  120
143  98
164  107
134  100
183  106
82  121
168  116
111  123
105  97
108  128
84  101
133  97
163  107
77  126
176  115
118  114
122  111
108  118
157  109
115  119
145  125
139  98
169  111
110  109
185  106
178  107
136  88
86  115
157  102
181  114
172  112
75  102
86  106
126  118
87  122
133  116
126  107
134  87
147  121
91  106
124  117
77  114
77  115
108  96
169  99
83  122
86  103
95  113
136  93
103  106
178  112
153  107
178  102
108  112
90  103
108  116
95  115
167  115
138  116
84  112
84  106
171  107
143  131
150  120
151  123
118  104
153  123
166  111
149  121
113  103
113  94
161  97
140  100
138  118
136  89
84  118
147  103
147  132
129  115
104  101
144  98
180  112
115  122
149  106
142  120
152  110
133  100
100  112
98  108
174  110
165  109
130  89
88  114
92  112
163  118
124  106
135  89
108  107
131  92
77  107
175  101
124  96
88  122
162  115
104  116
106  122
133  84
170  108
88  115
91  108
148  131
160  112
132  112
185  113
133  118
146  115
183  113
109  120
106  111
87  123
145  122
174  115
92  119
108  126
169  106
135  119
76  127
145  99
140  119
155  120
186  110
79  97
149  103
141  105
102  100
92  118
83  124
102  105
134  110
95  106
107  113
112  111
110  119
185  112
111  124
170  100
149  127
160  108
112  125
130  114
144  117
152  111
123  105
145  132
178  115
137  119
184  110
142  127
108  114
169  107
111  107
124  119
90  117
94  118
131  109
183  112
89  104
106  92
128  99
132  90
97  115
129  106
144  122
132  103
82  97
