1279
97  119
74  89
162  156
167  158
101  105
159  133
116  112
170  159
88  102
103  98
153  133
93  125
182  148
140  120
71  78
90  110
141  120
142  103
104  115
123  113
118  118
120  109
89  91
94  114
92  116
148  146
94  120
153  138
134  102
118  90
138  112
100  107
98  95
102  103
128  135
133  136
132  101
133  118
129  119
108  111
130  122
130  114
85  87
157  137
187  146
151  129
117  115
119  92
83  96
128  99
131  118
178  148
185  147
136  136
155  131
142  121
163  152
109  95
185  144
182  149
172  146
108  97
102  89
145  125
158  149
167  157
125  111
138  122
102  109
139  101
136  134
124  117
93  113
101  117
130  125
94  102
122  117
145  108
141  102
73  75
182  146
111  107
119  123
95  113
133  101
137  107
171  165
128  104
141  127
106  98
146  134
90  94
164  162
107  99
120  101
103  103
137  106
170  166
145  134
188  146
81  98
93  118
100  98
110  111
97  94
134  121
149  135
148  138
144  134
140  132
108  87
129  127
159  149
100  108
88  97
151  141
154  148
134  116
100  112
105  113
138  135
124  96
87  95
100  84
145  105
101  79
123  104
87  102
100  118
90  103
129  115
176  150
113  89
123  109
167  148
102  93
118  104
123  126
149  142
166  166
128  110
101  115
92  120
126  107
138  139
144  121
126  131
168  147
71  82
114  116
144  122
159  148
94  107
168  155
109  113
120  129
95  120
82  97
119  120
93  77
122  94
120  107
154  146
129  136
125  131
123  94
120  114
121  123
99  116
95  100
146  143
127  130
127  112
109  97
144  126
96  87
157  149
157  150
103  110
169  149
135  102
108  84
118  122
126  117
100  92
98  107
89  106
85  76
120  91
125  103
120  126
111  101
174  144
129  105
113  112
74  78
113  85
97  121
185  146
118  98
112  85
98  105
92  84
94  95
85  99
90  117
77  93
151  143
117  122
106  84
123  117
100  78
170  156
93  109
166  160
96  88
134  119
173  155
127  123
94  84
99  85
95  115
127  117
96  84
148  141
146  128
114  104
138  132
149  137
132  115
90  106
86  102
102  111
147  144
98  89
134  123
94  94
158  135
125  122
120  110
118  107
134  136
126  126
133  119
107  96
105  111
99  81
98  106
76  83
116  94
121  116
124  118
169  145
163  157
92  114
99  86
167  162
91  92
106  92
114  102
95  80
144  127
168  163
93  119
91  94
150  145
126  121
173  158
131  110
141  105
90  119
183  143
155  144
159  151
92  112
97  109
145  136
92  103
101  116
143  131
166  152
94  118
114  95
170  145
113  103
146  127
113  110
116  103
149  138
138  101
167  169
91  95
104  101
159  140
153  129
70  76
141  118
138  137
108  116
172  155
97  97
170  165
103  109
76  74
101  81
173  145
149  127
168  160
109  120
165  142
126  133
157  136
120  119
128  133
161  144
107  115
97  111
173  154
107  113
154  136
101  114
125  97
164  163
95  84
105  97
167  159
79  78
170  146
139  126
95  108
116  115
106  118
140  122
131  124
158  137
140  117
139  115
171  163
162  142
146  147
98  103
160  153
181  148
166  149
128  126
93  114
115  85
121  111
107  106
110  105
121  125
106  88
88  87
97  81
125  99
157  131
152  143
148  147
140  101
140  136
135  119
128  134
178  146
157  138
120  121
105  88
96  93
173  150
106  111
183  147
89  94
98  85
135  103
181  147
140  141
166  170
101  101
122  112
138  121
150  133
94  86
94  100
141  121
76  91
148  137
113  114
84  81
144  131
141  111
130  121
80  97
94  113
152  128
145  131
83  93
177  143
96  78
146  136
126  98
134  131
143  110
156  138
138  133
89  77
122  111
131  109
73  88
133  107
159  132
165  155
124  132
99  101
172  144
91  115
179  146
97  98
130  102
172  149
78  87
109  102
162  158
175  153
163  163
123  101
168  159
124  106
97  103
159  131
156  149
134  106
94  123
160  152
94  125
161  152
122  123
87  97
91  122
143  140
85  91
90  77
101  119
119  125
80  95
116  120
112  120
85  102
160  143
79  74
156  136
150  128
165  143
102  94
120  95
168  166
126  119
92  106
147  132
119  127
97  102
105  108
100  122
100  99
126  120
122  108
139  127
158  144
168  168
132  125
108  96
107  107
170  163
119  128
127  116
160  135
128  136
78  84
94  105
90  87
79  97
106  104
102  82
87  96
136  137
98  116
134  132
160  141
162  161
166  157
187  143
175  155
128  107
101  106
142  133
163  154
108  114
87  80
101  98
175  144
94  116
146  122
101  88
94  119
108  117
119  89
140  105
151  142
133  132
91  114
114  89
170  162
179  152
166  169
115  104
120  122
102  85
93  105
171  142
91  113
137  101
171  150
129  106
174  157
144  137
108  103
102  100
85  96
126  100
162  145
114  118
124  122
136  117
181  146
124  121
132  124
103  106
86  87
111  86
98  108
98  118
85  81
126  118
174  146
141  103
134  127
133  129
99  109
173  152
134  107
115  119
124  103
125  124
93  86
177  149
108  98
121  98
89  104
84  87
127  129
120  99
133  106
98  98
91  100
144  101
122  128
124  129
118  110
161  151
120  123
91  121
147  138
135  137
115  96
151  135
95  106
154  133
134  109
135  135
104  111
97  88
91  99
74  75
95  95
153  134
131  122
177  153
159  147
91  123
128  127
130  110
187  145
142  124
128  131
114  122
143  121
166  158
154  147
91  106
98  109
121  120
138  110
142  116
103  117
139  140
93  108
146  120
105  81
103  97
78  79
104  100
140  118
73  89
111  105
134  111
176  149
110  112
177  144
134  120
90  85
121  107
142  108
97  118
86  103
132  103
138  125
88  82
171  154
91  93
145  107
165  154
95  119
151  131
164  158
170  144
126  103
78  91
137  103
157  133
171  162
121  99
147  146
149  128
170  149
127  133
140  102
136  115
84  99
117  118
93  98
172  151
129  134
99  78
100  100
90  108
90  79
126  99
131  117
133  133
154  145
150  140
171  153
126  115
144  139
151  139
92  117
107  116
130  119
132  105
145  141
133  135
93  123
117  89
101  80
96  119
168  146
140  119
82  81
154  144
122  98
75  75
174  148
107  117
100  81
138  105
135  110
167  150
98  122
99  106
98  79
141  139
123  107
137  124
143  103
118  97
88  90
113  113
99  98
169  151
154  135
122  133
99  96
91  82
102  79
143  128
115  118
95  105
121  113
127  124
111  100
94  104
139  138
160  140
159  145
164  143
155  137
104  90
121  93
145  124
132  109
96  81
102  107
167  164
132  112
142  112
72  77
142  117
85  84
119  117
149  132
167  161
137  121
164  152
124  115
97  115
152  142
148  134
126  97
158  150
143  122
103  79
164  167
112  113
157  148
93  101
84  80
106  95
117  106
107  87
165  168
71  75
146  145
112  111
127  134
103  86
84  101
96  98
129  102
137  122
156  150
92  107
166  162
83  79
165  156
180  150
126  125
122  115
181  145
167  155
118  127
147  139
108  107
143  127
168  158
124  134
147  147
91  103
127  100
130  131
150  144
129  122
92  119
142  125
154  132
91  108
157  134
175  151
99  110
132  117
126  134
160  149
95  102
186  146
130  123
158  151
176  144
146  130
140  115
91  116
97  112
158  138
158  148
125  121
91  105
142  120
156  132
127  131
163  153
80  91
122  105
107  81
131  121
142  127
105  116
133  115
101  104
103  107
72  75
119  118
98  113
122  100
90  83
115  122
94  115
172  153
101  102
112  114
142  106
163  158
130  120
120  106
95  111
138  116
127  137
87  101
155  134
114  103
89  105
123  105
110  109
134  105
110  114
180  144
108  104
137  137
94  92
116  124
113  99
175  148
148  139
158  147
176  145
96  117
98  115
122  113
91  86
122  126
128  113
182  144
129  120
142  129
146  125
141  129
152  133
94  106
131  106
108  109
80  77
163  165
156  135
80  80
136  118
111  109
179  151
180  146
164  151
84  92
76  85
122  95
103  93
100  97
159  130
87  87
80  81
154  149
159  135
148  131
101  112
151  137
138  140
168  153
134  104
165  166
127  102
180  147
134  110
146  126
123  95
154  138
96  120
127  132
125  116
131  100
90  99
142  138
71  74
165  150
130  128
87  89
137  102
130  111
151  140
96  80
139  133
97  83
95  112
140  131
169  142
123  100
142  101
88  94
83  76
166  144
174  149
103  111
109  104
105  107
138  118
124  130
79  94
109  86
89  101
136  116
108  112
126  124
92  118
127  104
119  115
104  114
163  144
171  146
84  95
131  128
176  152
92  110
109  93
157  145
93  124
114  99
113  115
145  132
104  110
168  142
83  98
108  118
151  132
173  151
141  122
141  133
96  111
120  127
123  97
126  128
120  117
121  94
165  164
151  149
94  111
105  105
124  119
102  84
90  116
87  99
119  129
127  121
142  139
146  106
124  135
142  140
123  115
123  124
184  146
164  153
164  144
122  99
99  113
106  114
81  94
91  85
133  122
150  137
98  119
135  124
169  160
153  143
162  155
118  123
135  111
86  101
123  121
97  123
91  88
140  127
121  106
126  135
99  83
103  113
140  111
141  131
99  105
116  125
163  159
113  94
129  117
186  143
111  117
109  84
145  129
119  122
144  111
160  151
124  101
118  109
126  113
97  106
147  131
126  116
147  130
116  117
128  108
100  102
118  125
121  115
98  101
160  134
120  105
161  153
166  171
113  101
130  115
148  136
99  100
100  104
134  125
132  123
120  90
84  94
92  95
169  143
130  124
146  107
96  124
100  111
112  97
82  78
118  126
117  107
98  102
163  166
152  145
110  120
100  88
128  123
145  122
146  144
99  107
90  102
86  81
139  102
178  152
108  100
97  104
180  143
93  126
133  116
169  150
90  120
173  149
123  131
121  103
92  78
93  95
123  118
147  124
109  117
165  167
89  83
150  147
131  119
162  159
100  101
130  134
124  128
130  109
139  117
136  119
139  104
100  117
140  135
175  143
114  108
71  79
92  115
96  97
95  83
123  98
162  151
99  102
136  102
162  154
134  118
93  107
157  139
118  114
163  150
149  136
94  124
177  151
110  119
155  140
155  136
132  130
100  79
133  124
75  81
144  133
134  133
73  77
102  96
132  131
172  154
168  162
178  147
135  136
88  100
75  74
99  104
127  101
99  119
151  133
96  116
94  77
104  113
111  90
112  105
163  142
91  110
102  112
146  142
121  124
117  98
101  108
94  122
167  160
78  76
166  154
146  124
88  99
83  99
92  111
169  147
149  133
137  115
157  146
78  81
104  116
94  112
93  100
98  91
175  152
121  95
77  75
129  99
88  89
93  102
93  96
133  113
97  107
97  82
96  108
158  142
91  83
106  107
124  112
117  113
100  109
140  138
85  101
131  127
75  80
95  103
81  83
118  100
180  148
168  148
133  103
95  107
74  90
124  131
161  146
93  103
134  135
122  124
143  118
83  78
174  143
148  148
99  126
162  147
106  102
140  114
87  103
182  143
138  106
110  96
95  126
160  131
173  153
71  77
81  93
96  79
124  114
159  150
102  105
106  96
70  75
121  109
114  121
162  153
130  133
164  168
151  147
124  120
168  154
126  101
136  122
137  119
105  99
106  105
136  112
127  98
71  83
111  106
99  108
153  148
77  92
149  148
92  122
128  101
137  134
144  118
162  160
117  96
171  149
138  117
165  159
122  118
80  94
180  149
126  129
98  111
101  95
135  104
96  115
75  87
124  125
155  133
104  106
105  112
76  81
95  122
104  83
87  92
148  143
122  109
176  151
92  79
121  122
98  81
124  108
143  126
