1426
153  100
94  92
160  134
143  122
145  122
148  134
150  100
100  104
185  151
134  109
109  102
179  165
113  132
162  129
163  135
151  103
157  131
93  95
137  101
187  147
87  102
180  153
129  134
148  131
120  106
155  134
123  115
121  103
97  98
142  124
148  138
145  132
136  99
107  113
116  115
89  101
146  134
146  143
98  89
170  149
197  142
99  106
160  143
167  134
129  115
140  100
116  140
115  142
189  150
135  135
118  110
157  145
89  104
179  159
150  104
94  105
148  139
108  112
118  127
96  84
99  100
149  109
165  143
141  120
130  119
96  108
98  105
166  134
165  132
166  139
156  138
119  125
108  117
119  138
127  132
160  135
132  131
102  85
109  124
131  119
125  99
169  134
93  96
131  117
156  119
100  97
110  111
100  102
103  98
111  123
123  100
145  108
111  107
148  110
101  102
122  115
136  122
143  131
120  129
89  83
148  100
171  133
141  111
107  125
87  95
146  142
126  120
134  136
86  87
111  106
150  118
142  142
151  142
178  162
98  98
138  140
179  142
182  149
157  133
175  158
120  123
126  116
132  101
139  101
122  123
87  104
114  89
115  126
193  149
150  114
99  105
133  107
184  150
170  159
91  95
123  95
95  102
98  91
135  102
165  130
118  118
103  97
124  112
148  115
116  139
127  137
114  108
172  154
120  121
105  111
131  109
151  131
138  117
139  115
158  128
118  107
123  131
143  118
136  115
112  124
154  145
117  107
128  123
97  111
141  102
84  87
134  121
145  141
158  137
115  96
85  87
147  146
190  144
132  125
139  97
143  144
108  109
139  100
134  139
95  83
178  148
148  122
167  140
119  118
147  131
169  142
134  104
123  101
134  123
113  113
147  102
94  106
147  119
157  136
169  149
87  96
116  132
109  93
98  111
155  137
97  107
110  109
106  102
152  126
131  106
153  103
180  143
146  136
106  95
142  100
127  133
88  94
178  156
117  131
136  143
157  146
159  133
122  95
124  119
172  140
116  133
175  152
181  148
125  116
120  110
144  97
142  120
174  144
133  124
120  127
99  104
152  123
91  83
113  103
192  147
182  158
126  125
151  110
178  147
122  108
95  84
153  104
128  126
103  124
123  105
138  135
138  132
185  141
89  106
129  105
169  143
130  97
111  117
128  136
152  111
118  122
144  134
159  127
150  133
134  111
172  144
162  147
130  122
127  117
91  100
96  87
113  115
175  162
159  149
128  107
93  100
116  137
141  131
122  98
154  133
105  123
152  98
128  127
104  122
147  104
113  101
148  146
122  124
143  98
118  100
180  161
177  154
112  113
171  141
124  125
105  105
135  119
88  90
140  119
130  110
124  114
95  113
130  124
87  92
118  129
87  89
144  121
123  104
193  143
182  163
98  107
117  135
168  155
127  130
179  146
119  133
102  105
190  150
142  127
128  101
168  134
151  133
95  103
149  137
141  105
139  104
89  91
171  150
131  110
180  147
174  146
124  96
149  107
104  111
136  118
98  108
158  121
133  116
113  133
132  109
121  139
149  124
149  97
113  94
174  149
122  99
149  132
167  133
175  144
173  140
136  134
100  100
117  122
126  129
153  123
95  95
130  123
128  131
99  119
134  106
189  143
94  111
133  138
192  150
95  111
146  120
139  147
134  135
114  142
142  133
175  139
103  110
118  125
140  111
90  87
134  116
95  106
140  105
151  119
104  110
151  147
147  103
143  103
133  100
171  134
132  105
130  109
136  116
101  108
160  123
141  118
146  126
104  114
143  126
97  109
163  144
178  154
114  118
135  124
145  146
171  146
146  111
117  130
104  106
94  84
164  130
166  152
148  141
113  112
149  138
188  147
138  118
89  94
158  148
180  139
180  169
91  92
162  145
148  104
173  149
174  140
121  137
141  127
112  133
95  115
107  122
116  125
121  115
137  100
102  109
133  129
106  92
200  145
170  146
92  103
168  148
144  98
98  95
91  93
145  131
99  116
157  138
173  154
117  118
153  143
166  144
118  126
142  116
136  119
170  145
107  117
198  143
150  137
112  111
149  103
136  102
132  117
120  101
151  120
117  96
108  127
130  98
158  147
175  155
104  115
151  127
177  140
100  101
120  140
158  135
116  127
127  102
143  121
177  151
140  135
112  125
120  105
151  141
145  147
183  141
149  136
103  111
123  121
129  127
152  145
124  120
176  149
108  116
148  108
169  151
117  134
163  142
124  108
137  124
116  124
133  115
126  135
123  94
100  107
146  144
182  165
187  142
122  112
148  136
158  142
173  158
125  122
123  107
94  102
124  94
133  113
146  127
134  120
137  115
92  110
109  120
165  133
107  116
187  143
143  148
140  144
151  140
93  105
146  125
104  123
138  122
146  104
94  95
98  85
145  99
180  152
140  102
131  121
163  126
140  122
98  102
154  122
121  98
144  117
153  101
163  132
103  118
104  121
179  166
133  135
151  123
133  122
113  89
104  90
141  121
148  148
114  95
134  127
101  116
140  136
147  132
101  117
134  99
140  97
166  149
142  117
127  112
111  90
195  141
150  120
126  133
130  120
112  140
142  140
195  150
159  140
103  86
126  103
132  124
123  109
142  144
137  107
125  124
146  98
118  136
185  142
108  103
122  100
168  138
98  115
179  151
100  112
171  135
139  127
176  144
102  107
183  151
100  92
101  95
86  101
155  131
127  100
140  131
103  106
142  139
106  121
95  100
97  83
172  155
106  88
181  147
192  146
150  113
118  114
187  140
109  97
111  124
97  106
116  112
83  93
192  145
175  143
101  114
124  115
116  103
145  129
109  113
91  94
120  114
134  133
174  157
185  148
111  101
145  102
101  98
100  109
95  107
101  115
114  104
126  121
137  121
118  97
103  109
195  143
157  125
120  138
179  153
150  116
85  91
155  120
143  110
158  123
102  103
113  114
151  143
152  110
97  115
99  86
156  135
132  112
117  139
169  147
161  128
121  99
152  117
114  134
159  147
137  103
176  140
94  104
163  127
186  150
144  133
116  117
121  95
123  126
100  99
100  111
111  100
181  145
105  113
147  114
149  108
149  101
177  144
102  94
138  98
196  144
114  121
84  92
128  113
148  143
175  140
193  148
126  126
142  108
126  117
147  113
148  137
133  118
168  139
120  117
99  101
103  93
150  144
111  109
110  120
146  122
150  105
121  107
110  119
172  153
133  101
113  99
141  103
147  147
189  142
120  91
198  147
172  137
194  149
88  99
108  125
112  105
113  129
149  106
110  125
91  86
119  123
136  112
173  151
145  136
91  88
96  115
150  140
130  128
175  148
124  101
153  134
98  106
151  129
91  105
121  132
124  122
106  118
135  136
105  88
197  144
98  116
194  143
147  124
181  142
159  145
168  142
172  136
113  139
125  103
129  119
150  117
147  121
174  166
189  141
139  140
154  132
152  142
157  139
199  147
159  128
104  120
126  128
122  105
164  132
102  100
170  156
120  119
101  104
104  101
147  115
141  139
114  122
113  134
177  139
149  121
126  99
93  107
126  100
155  144
143  97
175  153
194  142
196  143
146  145
114  133
192  141
138  112
139  98
124  129
121  94
99  107
167  131
92  107
88  87
185  147
196  150
96  116
159  125
107  107
148  99
120  135
121  113
138  125
117  136
151  112
151  139
126  98
133  132
192  149
96  93
87  97
149  133
104  116
99  96
190  147
138  110
170  137
137  134
135  110
103  113
199  146
177  149
170  144
143  127
177  153
147  105
132  115
149  117
131  127
172  149
114  102
153  128
117  106
137  137
153  133
183  143
85  84
94  100
144  127
99  102
124  128
110  105
99  108
97  103
152  133
89  105
87  103
200  146
84  94
155  111
148  97
134  102
101  106
98  103
142  103
173  155
146  115
122  109
98  109
134  119
100  84
178  157
180  150
144  101
134  132
179  160
180  154
142  129
101  119
130  125
175  141
146  128
99  113
90  103
119  127
139  117
182  144
177  143
97  102
105  99
134  125
145  124
169  150
112  97
90  102
150  109
173  145
103  103
193  147
107  96
139  102
94  94
158  138
127  131
154  148
138  121
154  136
168  147
181  165
140  141
153  148
108  98
95  108
108  97
144  126
119  120
186  143
176  141
147  138
101  101
144  139
134  107
200  147
167  148
127  134
117  129
119  136
122  126
146  124
183  172
101  88
107  115
108  87
142  101
102  112
84  99
148  101
106  105
178  152
137  119
138  105
167  150
107  99
124  132
146  97
105  97
106  96
92  95
124  117
173  141
107  121
185  146
140  120
167  130
165  150
111  105
149  104
108  120
141  144
106  98
180  144
131  122
124  134
172  135
116  94
138  142
176  145
188  150
172  151
153  106
99  109
134  131
96  98
176  150
151  135
183  165
87  99
182  152
143  140
189  146
141  129
112  136
108  111
130  134
138  133
151  137
130  114
131  128
171  153
110  114
90  85
181  154
97  97
134  118
88  102
132  130
155  140
121  136
152  103
135  103
126  101
122  94
142  138
147  144
140  132
181  139
117  137
185  144
90  99
131  100
115  119
169  145
127  104
105  119
122  128
107  120
165  142
182  141
140  127
117  115
145  113
118  109
128  133
127  121
165  131
117  113
196  148
123  124
105  107
95  112
121  116
149  128
119  137
91  106
135  137
115  104
161  146
133  103
138  139
127  129
181  156
154  114
168  153
182  148
164  143
105  112
145  105
195  144
101  105
139  133
141  133
134  105
187  148
106  114
126  134
166  138
117  98
152  128
106  111
148  117
121  93
93  109
142  106
150  106
150  98
149  135
146  130
175  151
96  111
97  88
121  120
182  161
87  101
121  125
154  144
137  122
201  147
110  96
151  111
106  119
142  98
122  118
155  136
140  147
98  101
154  146
108  107
183  168
182  146
163  138
125  111
110  124
154  138
176  168
84  95
127  96
175  160
119  122
180  149
139  143
126  124
180  146
144  131
180  172
121  109
168  154
191  144
171  138
105  108
124  135
153  129
169  136
108  104
114  116
119  117
173  153
173  152
192  143
93  101
90  94
126  119
140  114
125  97
115  118
107  87
145  107
107  106
159  148
128  135
90  106
150  126
139  126
94  112
102  93
159  135
128  99
108  118
133  136
178  146
184  140
166  141
98  113
126  115
176  160
108  114
121  124
146  106
179  168
114  141
140  138
153  138
104  113
119  130
119  129
133  106
182  143
136  141
130  111
88  82
112  139
159  132
88  97
142  112
172  146
181  146
130  115
121  123
103  107
91  82
190  142
176  139
99  98
166  136
140  115
112  120
125  121
120  99
120  107
119  128
124  121
128  104
173  137
180  159
92  84
183  147
97  112
105  116
136  117
109  104
134  110
159  130
149  148
118  123
94  86
96  97
115  122
138  116
159  131
168  146
136  137
150  128
114  130
189  147
146  107
128  110
106  107
104  100
127  98
126  113
188  149
186  140
109  95
85  101
108  100
149  111
160  149
88  89
130  102
161  144
156  136
113  130
104  118
127  123
128  108
165  136
143  128
129  136
124  106
129  99
123  98
121  122
147  101
108  126
114  103
103  117
122  117
179  152
195  145
92  106
198  149
149  127
186  148
96  88
151  132
164  144
177  156
131  118
99  110
150  97
178  155
142  99
140  118
99  85
129  120
171  142
173  142
119  92
127  124
93  86
100  108
144  118
93  108
130  133
93  103
147  130
163  140
135  104
153  107
152  108
182  139
102  96
141  122
112  114
177  142
124  131
156  132
90  83
132  103
118  104
113  110
131  124
126  118
188  142
145  101
153  122
145  125
97  104
147  139
138  101
179  139
146  147
127  116
126  131
100  98
126  97
130  131
122  113
94  107
184  142
106  104
160  131
100  88
83  96
93  98
153  99
162  137
134  100
114  99
182  140
129  102
158  144
140  98
139  138
176  152
154  147
138  99
124  118
91  85
152  127
157  137
181  172
123  118
111  127
124  130
187  145
171  154
129  122
176  162
142  125
140  117
101  112
137  99
149  118
123  117
106  122
199  148
154  128
195  142
132  123
161  131
152  143
129  106
148  147
138  106
160  140
140  148
116  128
88  100
108  96
180  148
123  113
124  103
133  133
165  134
141  146
140  101
167  155
91  99
160  141
194  145
144  111
144  137
105  118
137  106
154  135
188  146
121  135
109  117
85  99
125  131
180  141
170  140
95  105
129  117
155  126
100  117
102  89
162  126
109  126
87  87
120  122
122  111
121  111
155  118
132  100
136  136
155  133
91  108
122  133
133  119
145  134
127  101
114  138
135  111
138  137
91  103
93  102
184  151
187  146
148  113
116  120
176  151
120  126
186  146
119  115
121  106
137  102
142  121
126  107
123  97
149  142
118  98
120  139
150  147
120  109
174  143
144  122
110  112
184  146
162  142
146  102
100  118
138  146
157  148
120  95
102  111
128  134
174  148
109  121
85  96
150  145
155  121
97  94
94  113
173  150
157  134
171  149
130  121
