1335
112  59
185  148
134  84
133  83
189  151
132  87
124  64
179  128
132  88
162  106
184  140
168  116
137  78
141  81
135  73
143  90
134  90
158  97
112  52
170  127
177  133
154  90
158  88
165  133
167  133
177  122
140  77
198  149
103  67
155  98
189  155
143  94
128  86
149  101
194  139
179  139
171  135
129  79
115  70
182  149
104  71
151  103
163  88
133  88
134  94
160  135
130  72
111  71
130  86
140  93
186  161
147  103
165  131
183  147
123  94
118  54
129  99
155  93
188  154
142  94
102  48
144  88
159  91
166  106
180  129
193  148
169  134
192  145
127  69
138  105
140  105
140  78
166  125
161  113
159  112
167  106
143  97
163  98
133  80
97  58
117  75
138  91
143  91
148  110
139  90
177  142
137  84
147  87
135  69
142  77
181  128
131  93
95  59
167  90
110  68
130  87
175  141
164  115
138  83
170  112
135  102
146  111
170  111
184  142
109  54
172  136
108  64
186  155
137  83
159  93
142  99
181  132
129  61
163  135
137  106
158  115
177  137
127  82
203  143
132  75
162  117
125  71
135  81
160  108
114  63
122  78
174  115
188  158
199  147
169  119
135  68
101  70
174  131
126  60
166  91
135  65
187  157
96  49
107  62
130  83
144  117
149  96
172  135
159  103
117  70
166  105
186  139
145  83
167  113
127  80
128  80
187  140
167  119
153  99
142  116
195  140
150  81
133  77
183  151
145  93
128  78
189  152
119  53
134  72
123  92
100  60
130  96
146  120
120  82
181  135
166  115
147  80
145  94
133  70
120  71
162  126
180  147
134  102
133  101
163  95
160  89
133  72
159  127
109  48
156  102
164  109
110  58
140  89
187  139
113  54
113  78
112  55
121  72
154  96
122  80
136  102
128  85
154  122
145  96
179  146
93  49
173  137
132  98
187  146
139  89
113  85
164  121
134  83
152  103
140  87
178  133
115  73
136  82
149  117
103  57
129  74
166  97
153  83
122  65
144  101
112  53
186  134
136  76
143  121
169  93
185  156
190  144
138  99
151  82
165  109
181  148
127  98
127  79
114  70
106  75
143  103
155  88
121  66
137  67
157  87
161  131
182  141
121  91
125  77
178  119
131  71
135  70
129  82
152  108
166  136
183  152
188  162
192  147
124  84
110  63
161  84
130  89
198  143
132  65
138  86
166  88
128  73
108  62
167  131
97  53
177  124
159  90
165  123
139  102
173  132
105  49
100  46
175  136
138  88
142  91
109  77
155  118
168  134
119  92
135  66
147  113
101  64
138  69
175  132
145  89
135  104
142  89
159  85
126  79
140  70
136  74
111  60
168  95
162  119
159  107
153  106
156  92
159  104
179  130
117  81
148  108
125  88
159  128
193  143
133  90
144  98
187  134
124  78
128  70
172  124
133  73
172  122
127  96
97  59
124  60
152  123
163  103
173  122
150  118
123  89
170  110
120  85
161  111
181  142
170  132
165  124
173  127
116  67
132  84
164  86
140  76
127  59
186  150
161  99
175  116
163  118
118  73
95  46
107  59
129  68
163  126
160  104
168  110
121  71
168  114
176  141
131  88
104  66
136  69
136  89
161  93
159  111
137  77
180  141
170  117
150  106
125  72
203  146
120  79
130  93
136  87
160  134
195  150
142  78
118  80
134  69
121  85
185  141
128  77
185  161
147  121
117  56
135  75
202  142
178  147
103  51
127  74
182  133
126  90
120  78
126  84
138  106
182  144
104  64
120  61
125  76
129  73
180  149
163  90
168  128
138  82
148  115
164  104
201  147
127  72
164  117
137  68
98  51
139  72
114  66
164  106
138  87
134  96
143  84
187  161
176  140
147  119
107  73
106  68
138  90
161  101
145  107
164  91
141  90
131  85
179  122
168  112
135  84
164  110
138  101
131  75
146  86
123  82
110  70
124  94
200  145
162  110
115  63
156  87
187  145
178  118
160  88
149  85
161  89
165  93
177  139
151  119
175  122
140  85
162  129
145  102
146  80
186  146
131  74
181  154
117  77
102  71
151  123
165  113
192  149
129  95
120  75
147  114
136  86
159  94
133  76
125  93
199  146
185  152
145  78
188  149
184  137
165  105
135  90
187  133
117  89
199  141
158  98
169  110
169  89
106  63
116  74
181  131
186  156
164  112
136  79
166  89
185  146
150  95
105  53
134  104
124  70
143  93
194  145
95  51
168  94
162  90
137  107
160  91
128  89
143  88
200  147
184  160
136  78
137  80
141  118
114  76
113  53
131  79
127  75
149  109
176  137
114  84
187  163
148  96
159  131
133  69
131  96
102  50
144  83
128  64
172  121
185  154
142  80
149  97
180  148
127  67
116  70
166  111
165  88
118  90
124  57
183  143
109  58
179  129
110  66
142  101
137  71
179  134
171  127
160  123
177  143
181  147
122  86
141  96
124  80
194  142
121  82
132  82
195  145
94  47
156  104
142  87
162  89
123  56
201  143
100  55
150  117
108  70
139  82
145  101
139  101
168  91
164  102
113  55
113  67
163  105
116  80
96  52
166  108
146  106
179  142
147  92
165  101
133  81
135  89
150  84
162  96
139  77
159  87
121  59
134  99
145  105
129  76
165  136
99  61
137  72
107  63
174  128
134  73
141  88
195  142
122  81
139  79
174  140
186  152
117  54
109  65
151  112
182  134
179  151
101  53
102  66
146  97
183  153
185  136
179  124
142  100
100  53
98  63
177  130
111  79
155  83
147  94
164  93
167  128
147  115
113  62
183  155
177  123
111  82
171  132
123  93
179  119
144  111
142  106
105  65
159  125
172  133
155  87
104  47
135  71
142  85
157  109
133  84
138  96
106  51
146  87
138  84
129  78
145  122
147  104
147  101
126  82
180  150
143  80
132  100
181  127
131  95
147  105
187  142
182  152
156  95
140  71
95  56
149  89
192  146
148  86
168  113
138  68
158  99
162  116
158  106
132  90
178  122
146  115
102  57
182  130
119  67
186  143
193  140
131  66
150  113
185  147
189  150
105  60
132  81
139  100
142  117
104  73
116  77
98  48
178  116
203  144
137  91
135  72
147  88
161  122
161  91
150  116
182  140
151  81
192  143
146  85
108  55
117  66
147  96
170  129
150  109
162  123
173  115
190  136
145  81
120  68
151  84
152  87
144  97
122  87
162  121
147  83
131  100
166  123
143  86
111  55
121  81
148  100
138  94
158  123
167  88
123  80
167  115
111  65
118  59
116  76
189  162
112  66
169  111
167  110
93  47
131  97
189  143
184  153
156  114
105  74
135  83
127  84
121  92
199  148
178  117
159  97
105  46
148  104
127  76
106  53
185  133
146  83
95  54
144  78
144  94
99  48
111  67
140  101
129  83
165  108
131  92
139  83
177  140
137  102
171  133
112  80
160  116
178  146
182  148
148  97
183  138
143  89
136  94
130  92
141  85
134  82
169  116
119  87
136  88
172  137
112  70
163  117
140  75
186  148
175  118
139  104
197  144
109  71
143  79
162  101
168  106
163  127
145  84
129  62
132  85
124  71
163  99
118  53
104  46
165  112
134  75
100  48
156  119
198  147
145  108
105  64
181  146
141  103
160  131
136  99
143  98
143  81
135  96
146  81
98  46
191  136
148  85
181  145
128  90
136  80
160  112
134  80
189  153
131  91
161  88
162  86
103  64
184  133
114  51
163  108
180  136
115  69
111  77
149  108
150  120
150  100
160  96
117  84
140  97
165  132
119  60
163  107
148  113
196  148
174  119
139  80
158  96
139  74
189  158
150  105
121  69
171  134
175  139
187  162
173  129
120  56
184  151
132  79
104  58
157  102
144  118
167  130
188  137
161  121
126  74
98  55
131  78
149  87
165  130
176  139
114  72
123  72
117  63
120  90
131  84
105  58
155  82
134  89
122  75
142  112
142  108
161  110
164  125
160  99
186  138
148  99
135  103
165  126
128  99
142  90
139  81
180  138
153  103
148  80
180  144
138  79
190  150
121  77
133  78
112  68
142  95
137  100
189  141
197  142
165  115
142  84
171  126
151  120
130  94
109  59
172  131
175  121
152  82
107  75
142  103
130  74
137  95
130  70
124  73
163  124
152  85
197  150
149  88
107  49
153  84
131  77
128  84
129  80
181  126
105  66
150  97
155  111
151  110
169  125
171  114
162  87
136  81
167  134
142  79
150  92
95  48
155  121
146  102
193  147
162  137
180  146
153  100
176  116
132  76
132  73
123  78
168  97
156  108
135  93
133  103
115  82
120  54
138  81
139  97
181  130
132  91
172  118
130  79
197  140
141  78
129  81
184  154
149  104
133  64
149  121
127  91
121  56
195  143
132  69
167  91
150  87
141  86
164  98
157  103
148  94
187  148
98  62
111  58
144  96
122  74
106  56
102  65
109  53
140  74
185  157
167  92
201  144
163  94
116  53
98  58
103  63
115  84
108  65
132  101
162  112
174  127
149  84
144  76
129  88
131  64
148  117
159  130
160  109
155  95
155  107
129  69
134  87
134  105
162  102
146  107
163  132
183  141
152  98
94  48
127  62
145  113
120  91
167  111
196  150
121  79
148  122
119  64
135  64
113  81
139  98
164  132
119  72
149  111
132  74
140  102
158  128
186  135
136  68
149  107
153  101
133  68
162  108
161  128
119  89
198  142
158  91
161  118
153  123
167  107
127  87
101  46
164  107
129  84
142  88
168  129
134  63
175  117
143  110
138  85
136  75
187  143
160  100
194  149
185  137
124  90
129  96
190  147
168  107
115  85
131  87
140  95
165  120
148  95
140  100
163  112
135  77
115  81
133  100
100  66
158  89
153  98
159  132
130  71
191  156
134  97
166  93
140  79
131  81
162  115
163  111
175  127
152  89
184  146
132  86
179  121
130  76
116  69
134  71
181  134
137  99
171  111
187  147
148  79
174  130
124  62
146  104
133  86
196  144
167  94
163  87
155  120
143  77
122  76
126  83
189  146
162  99
141  111
130  77
161  97
110  48
137  103
96  56
145  95
136  91
141  105
130  98
139  76
200  141
125  74
195  141
168  89
139  84
112  64
156  109
149  118
148  81
167  127
185  151
177  144
129  63
182  146
125  91
141  102
103  50
144  75
139  93
138  75
101  47
169  95
175  134
123  66
128  92
180  139
133  97
138  76
119  88
109  72
196  143
102  60
151  86
177  118
116  83
165  89
124  77
143  83
127  81
142  98
100  59
146  78
138  77
94  49
157  91
130  97
136  70
164  130
152  111
184  150
147  85
129  77
124  96
192  141
95  49
188  147
133  93
168  124
163  121
138  72
155  104
126  93
148  101
191  137
128  94
104  72
114  75
102  70
112  67
138  98
126  63
190  142
164  111
188  146
150  98
130  95
132  66
116  58
175  123
162  111
175  140
162  98
117  67
126  97
190  154
149  103
192  150
185  142
119  81
193  138
158  87
101  68
180  143
137  93
143  118
198  141
191  144
115  74
142  72
152  96
146  98
189  142
130  78
124  79
186  140
155  94
159  114
135  87
119  79
126  94
143  87
107  68
128  71
185  158
118  69
173  121
155  117
181  137
174  134
134  100
133  62
166  134
122  70
176  123
140  98
144  82
116  82
132  63
127  68
194  143
166  100
188  142
133  74
109  55
135  94
141  89
177  129
153  122
135  78
155  90
112  82
189  147
149  106
189  163
125  80
145  99
141  73
163  120
169  113
99  50
112  57
154  114
128  76
104  49
120  80
144  77
151  111
166  124
122  85
147  102
103  49
164  126
162  105
164  116
141  94
127  90
162  95
161  105
165  134
190  140
136  96
150  114
122  59
129  87
182  143
99  65
188  155
188  161
195  144
105  47
188  160
141  71
94  46
153  104
151  88
200  146
150  104
191  154
99  64
122  71
157  125
159  117
143  82
99  46
158  121
181  139
136  93
152  110
188  136
185  144
131  76
185  159
153  107
144  121
115  77
112  74
125  81
124  67
114  89
148  90
141  92
137  101
190  156
152  88
146  122
115  72
133  87
141  79
188  150
134  88
182  139
152  117
183  133
125  82
