790
103  109
98  95
93  95
120  99
126  103
101  125
101  112
107  115
103  117
98  105
162  110
111  106
170  108
151  110
127  101
149  108
148  108
101  119
172  107
81  107
121  103
134  107
96  108
175  94
163  111
164  104
93  108
84  101
97  98
120  101
124  94
121  91
150  100
157  103
160  104
160  109
122  99
87  104
83  106
99  104
158  106
172  105
95  108
128  108
102  112
145  105
104  110
107  106
81  109
175  101
94  113
127  96
97  104
96  115
84  102
73  109
122  98
121  111
169  107
98  113
104  118
124  96
91  94
164  111
103  118
100  100
149  107
174  99
74  101
162  106
100  98
79  100
116  112
114  89
167  111
114  95
90  110
128  99
126  101
132  109
90  102
101  116
112  105
116  103
93  100
180  98
124  108
103  93
104  100
163  107
121  95
132  101
109  113
99  106
123  101
110  112
179  96
170  99
96  116
104  101
87  101
86  104
121  94
153  106
93  103
128  101
92  112
108  103
150  106
92  111
79  109
145  108
148  100
183  92
89  101
114  103
109  104
87  97
144  101
153  104
84  95
96  98
117  98
168  113
117  96
100  101
172  118
134  111
120  90
77  100
104  123
174  112
97  112
145  107
100  109
120  95
104  121
174  113
169  111
140  98
173  108
92  103
98  109
131  109
73  101
105  118
90  108
123  107
150  109
99  126
75  99
126  98
103  110
137  106
133  103
97  97
69  103
130  95
73  99
159  107
91  110
121  85
129  95
77  107
99  125
102  105
132  112
92  107
146  107
100  97
185  93
120  109
177  95
118  97
85  107
83  99
130  98
129  105
169  99
122  108
182  95
101  104
87  105
108  100
181  95
140  105
142  106
166  106
96  97
104  122
97  118
104  120
70  106
173  110
68  105
102  93
91  99
130  109
108  97
130  102
106  95
134  109
181  92
75  102
139  104
131  95
118  107
108  111
71  104
94  111
100  99
152  110
180  92
126  97
139  101
171  107
126  99
121  98
80  104
98  119
86  111
97  119
182  97
111  90
176  102
133  97
80  97
163  105
137  100
105  116
171  110
147  103
69  100
110  111
97  102
121  106
100  102
115  104
74  107
97  106
179  92
99  108
112  97
99  107
94  104
94  94
117  106
121  109
153  100
123  100
91  108
95  106
172  108
102  109
85  96
99  119
76  106
138  105
72  107
171  114
121  93
168  107
145  101
101  108
97  94
183  96
129  106
133  100
125  111
91  105
85  99
162  105
152  108
103  124
134  105
138  96
84  111
123  95
65  104
126  100
89  94
151  111
151  112
118  100
173  113
95  102
137  103
134  104
121  92
177  93
108  98
136  96
131  100
113  110
132  115
102  125
69  108
168  116
133  106
133  101
152  103
104  114
108  96
178  92
113  89
174  119
99  113
101  105
70  100
143  98
178  97
185  94
121  99
173  112
101  101
107  107
177  96
168  106
134  96
136  102
167  101
161  105
173  115
101  117
79  106
109  102
159  104
139  97
73  104
135  111
98  106
67  104
99  98
140  100
135  103
86  101
80  108
101  124
98  98
74  100
91  106
146  102
87  99
87  96
149  109
105  111
97  111
125  97
167  105
173  97
179  98
82  102
83  98
135  104
74  105
171  111
106  102
174  105
76  108
139  102
169  105
98  102
165  105
166  108
73  100
184  91
95  103
148  104
106  104
78  100
108  104
134  100
134  97
135  110
99  109
173  106
153  107
87  106
127  112
174  96
91  95
88  102
133  113
156  109
114  102
90  94
146  111
109  93
100  111
119  87
100  127
91  103
71  99
69  104
178  100
140  102
93  101
131  96
171  99
116  94
123  98
175  96
106  98
93  107
152  111
66  102
136  115
118  104
124  106
91  100
122  112
87  103
115  96
155  107
170  105
102  103
94  106
82  111
159  103
142  99
105  112
167  106
83  105
97  121
127  104
70  102
105  99
122  105
139  100
184  94
86  106
103  106
164  106
140  97
111  101
87  111
165  108
129  99
171  98
164  110
90  103
88  99
138  101
123  105
167  107
174  95
105  97
149  101
106  96
165  109
75  109
98  118
89  106
108  107
97  107
101  106
142  101
140  101
145  99
137  102
82  104
79  105
77  98
174  100
119  88
100  104
95  107
104  111
125  99
81  104
103  97
175  116
84  106
99  110
179  99
137  99
96  111
147  102
183  93
100  108
132  100
87  109
95  105
99  101
106  107
141  102
149  106
130  96
168  110
118  109
149  103
171  100
93  105
143  110
128  104
94  100
183  94
113  94
106  111
102  111
94  107
97  103
134  106
120  105
79  98
104  115
93  96
149  104
85  108
161  110
72  108
107  113
84  110
114  108
169  116
98  116
119  92
72  102
101  95
113  103
176  101
88  100
143  103
89  105
144  111
84  99
122  95
127  98
106  114
102  100
71  105
170  100
84  108
133  107
136  112
85  101
137  107
97  123
170  112
120  91
184  93
89  110
101  98
167  115
102  94
137  101
81  98
122  111
95  112
86  102
130  111
124  101
137  115
142  103
128  107
136  99
109  97
132  98
88  97
110  109
141  103
138  106
103  113
65  103
94  95
102  96
182  92
118  90
125  103
174  110
138  99
101  122
82  107
138  110
88  110
98  107
166  105
100  112
175  118
120  85
119  89
113  101
90  106
76  107
97  115
131  110
97  109
104  106
172  112
139  98
169  110
170  117
128  110
150  104
148  110
76  104
99  105
103  125
123  97
171  109
92  95
160  108
164  109
117  107
178  94
169  106
134  99
113  112
169  102
98  103
163  103
99  102
138  98
166  104
113  99
102  107
99  124
103  103
82  97
95  111
180  97
83  110
94  105
144  98
98  122
104  116
94  102
124  103
185  92
92  110
68  102
103  107
156  108
167  110
127  100
146  106
105  108
111  109
177  97
82  106
135  96
122  94
73  103
121  107
95  100
167  113
100  117
122  100
95  95
96  119
95  115
69  101
173  109
181  96
100  118
96  120
147  104
114  104
150  105
171  101
151  103
149  111
117  84
130  110
95  113
87  102
170  104
101  114
79  97
103  111
105  107
123  94
134  102
164  107
86  103
169  113
146  104
99  116
98  108
111  107
168  105
94  112
157  102
103  98
85  102
180  91
123  109
110  105
153  101
147  101
141  105
134  110
147  105
171  102
84  104
142  98
93  109
89  104
142  100
142  108
105  113
157  109
93  102
141  111
162  108
133  115
163  108
122  109
155  104
155  111
120  110
78  105
135  102
132  105
140  111
153  103
108  109
98  115
96  117
166  111
99  96
131  106
118  98
98  111
126  107
128  113
114  99
142  112
127  102
168  114
82  109
108  112
87  95
100  107
101  102
148  99
124  112
107  99
120  106
182  91
83  96
129  102
148  101
101  123
92  106
90  99
170  110
145  102
123  104
101  115
110  96
117  89
86  109
174  115
174  101
118  110
168  103
132  103
130  97
138  112
107  96
85  104
120  107
102  129
99  100
167  102
106  105
173  105
100  122
176  97
168  112
165  112
112  111
111  105
156  104
183  95
98  101
156  102
131  97
129  96
104  113
105  105
80  110
109  95
93  98
175  117
111  100
170  111
178  93
179  94
