1012
140  114
131  122
138  96
145  113
130  124
92  116
159  114
91  108
140  120
128  113
160  108
107  113
141  94
110  96
105  118
147  113
90  108
114  104
169  105
162  105
146  115
176  102
134  120
104  115
196  118
120  105
145  99
202  120
179  107
108  114
155  98
99  105
137  102
145  102
122  100
104  101
126  98
166  108
136  116
102  112
144  97
138  118
196  103
137  115
108  117
143  121
95  113
96  111
99  106
161  113
153  107
116  120
87  111
163  112
142  112
125  122
128  110
112  114
129  119
188  103
98  111
127  100
169  102
141  120
118  109
120  99
130  125
178  100
92  111
162  95
200  113
110  105
146  106
87  102
91  103
143  94
117  115
95  112
131  118
129  115
123  117
127  96
160  116
126  99
164  106
159  97
149  118
121  98
199  103
103  118
119  118
152  117
160  96
94  106
135  111
140  115
152  111
100  117
94  113
124  119
120  119
167  105
176  108
96  108
111  109
190  109
109  117
146  107
165  108
127  102
156  114
142  99
162  112
138  125
186  114
108  97
187  111
107  106
167  106
121  113
123  101
142  94
108  116
114  103
99  100
182  114
139  97
167  115
135  119
162  111
199  108
137  95
85  112
119  120
137  99
181  105
151  110
138  116
121  106
113  114
130  96
162  98
165  112
171  99
128  123
110  109
97  106
134  109
159  112
94  112
168  112
175  108
114  108
181  108
174  113
118  104
136  122
104  106
198  119
110  119
87  101
125  103
148  117
90  103
123  104
131  119
123  113
178  111
93  101
184  110
94  102
137  100
153  104
107  117
168  97
133  97
111  100
185  103
175  114
179  110
132  100
126  103
166  104
147  96
83  110
113  99
98  118
125  121
171  110
160  109
122  118
158  96
133  100
141  102
190  103
168  113
95  102
130  128
126  118
106  118
106  107
193  115
95  100
91  110
148  104
193  103
98  115
152  110
97  104
88  100
119  117
142  117
104  111
114  116
134  107
120  106
132  101
108  111
93  102
150  109
141  96
137  119
133  116
179  108
94  114
120  107
130  109
103  111
95  106
137  121
184  105
164  111
186  110
139  98
141  111
121  120
101  102
194  115
145  108
134  100
125  111
84  111
98  105
100  111
126  97
127  116
133  103
148  101
120  121
164  109
132  103
147  101
158  115
104  118
142  98
149  106
105  99
140  101
127  101
86  102
110  120
148  115
179  104
108  107
186  113
164  98
155  117
137  124
95  107
162  115
93  109
156  119
131  100
135  110
136  93
91  100
146  102
124  108
180  110
103  109
191  112
191  117
151  111
126  120
191  110
151  120
160  100
171  100
164  107
163  105
132  117
126  100
126  116
152  98
180  108
159  103
167  111
105  105
188  104
130  98
141  121
162  102
165  113
112  111
174  110
166  100
149  108
155  104
134  110
142  108
87  104
123  100
93  114
149  97
135  94
99  101
170  105
204  100
169  99
122  111
170  112
98  101
94  115
97  107
109  102
172  112
88  114
202  118
197  107
107  116
87  103
133  107
170  99
101  112
128  101
123  97
92  114
133  101
181  110
131  109
102  100
129  120
153  101
162  110
172  108
127  98
150  118
122  115
150  106
111  105
87  106
117  107
152  103
138  112
96  116
99  110
201  98
186  107
101  117
100  104
168  114
183  104
166  106
182  103
143  98
131  127
139  104
196  106
136  94
181  111
177  105
148  108
182  104
196  99
185  112
121  107
180  104
133  118
126  115
164  116
106  104
130  122
150  117
198  110
171  109
95  111
120  109
102  105
127  121
139  126
130  110
151  119
138  94
87  112
138  98
132  124
88  110
147  103
113  103
93  105
104  116
87  109
130  111
132  105
198  117
182  111
123  109
161  99
104  100
128  108
134  102
104  113
134  121
102  109
89  105
136  99
140  117
122  98
186  108
185  108
164  117
153  103
100  108
169  110
175  111
156  102
197  108
138  105
121  109
162  99
150  114
140  105
163  98
179  113
131  95
132  115
137  107
182  108
143  97
124  117
109  97
98  113
103  110
134  106
91  106
202  119
115  118
105  107
124  101
86  111
141  103
173  108
194  117
135  103
123  115
101  115
111  117
135  102
133  106
108  96
199  106
144  98
174  101
101  98
148  100
117  96
153  100
168  116
122  99
134  105
190  115
92  110
130  121
140  98
121  116
147  102
134  127
144  111
134  116
97  102
168  107
184  109
136  102
173  115
88  112
114  99
142  116
98  109
83  106
116  115
104  114
120  117
113  101
130  120
146  120
124  122
107  107
96  117
90  102
142  95
175  101
171  102
141  122
203  119
129  102
86  104
135  104
149  104
112  97
123  121
137  103
99  98
138  110
136  117
127  123
187  110
132  109
141  105
158  97
142  101
156  108
150  100
106  102
160  99
170  108
99  113
163  99
149  111
179  106
105  108
139  100
174  112
197  115
166  115
140  97
97  103
145  107
128  104
144  118
187  102
85  107
124  114
106  114
130  115
183  106
127  104
176  106
108  103
93  103
167  101
124  115
167  102
100  112
96  115
92  103
121  115
111  101
93  100
180  109
173  105
130  119
102  111
129  99
139  101
171  114
189  112
91  105
100  102
122  109
157  102
101  105
130  97
146  111
142  100
163  108
151  112
134  94
105  111
162  106
142  103
162  96
86  103
95  108
163  118
193  116
88  102
186  105
131  110
165  105
190  107
189  108
188  102
100  118
155  107
90  106
126  124
169  111
135  93
130  102
178  109
144  96
144  121
159  117
178  115
163  117
138  101
108  109
114  118
120  110
87  114
191  116
99  116
139  115
103  107
124  103
128  126
149  101
85  104
171  107
86  109
178  106
161  111
169  116
130  95
196  107
111  106
201  118
134  125
181  113
136  115
129  105
148  99
162  101
99  108
154  114
147  114
132  98
92  106
201  112
159  107
103  117
187  109
92  112
178  108
93  108
98  107
118  107
115  104
101  108
161  118
84  110
153  98
169  106
201  113
95  105
84  108
191  107
146  104
131  96
105  113
155  111
152  108
117  106
134  118
160  104
187  105
103  106
167  113
97  109
164  112
98  102
113  112
125  116
149  109
112  105
124  106
91  113
101  101
148  110
165  115
122  112
157  109
95  115
87  105
166  105
108  112
128  99
173  112
100  107
130  114
151  103
126  101
198  108
168  110
174  100
100  101
178  102
198  109
137  122
197  113
144  117
134  111
164  102
156  109
84  104
173  110
145  105
125  97
126  113
172  105
124  96
168  106
159  104
148  97
137  106
181  114
113  110
173  113
162  117
116  117
106  111
104  110
113  113
142  106
183  113
143  118
182  105
158  106
156  104
101  106
109  104
118  118
167  107
126  121
118  114
188  106
137  101
189  101
121  103
163  103
176  101
84  106
155  118
178  112
133  124
101  104
94  116
192  105
126  117
161  110
136  112
118  98
193  114
129  117
123  118
137  93
139  102
153  106
171  101
145  96
121  111
200  118
140  122
150  97
98  106
201  99
149  117
131  124
135  96
147  105
171  111
120  114
185  113
150  98
89  101
123  105
112  113
116  103
133  93
150  116
164  110
192  109
105  97
190  108
191  103
89  110
129  96
138  121
180  112
140  119
139  93
182  107
178  114
98  116
174  105
132  112
203  117
173  106
150  105
124  112
92  115
181  112
173  109
163  107
185  106
143  110
122  108
201  104
162  108
189  116
127  112
148  113
94  105
130  123
134  96
150  120
103  113
163  111
108  98
134  99
99  104
170  100
107  99
183  111
129  106
129  122
131  97
135  124
97  115
131  106
111  107
114  102
193  100
165  101
99  107
115  119
108  118
172  107
174  115
184  103
90  110
167  110
143  103
89  106
124  120
166  97
144  101
134  104
93  113
202  102
95  103
131  117
194  101
118  97
126  119
97  111
106  98
138  122
126  107
191  109
133  113
116  112
129  127
168  105
133  119
186  112
138  117
103  98
170  111
102  103
120  101
124  121
138  99
109  113
92  107
142  120
158  99
127  117
175  112
94  104
132  123
181  107
147  115
175  109
146  97
190  104
140  100
187  103
134  97
163  95
201  117
189  111
113  115
117  98
133  115
180  114
105  116
108  104
110  112
99  102
133  122
160  112
105  112
123  107
131  121
169  113
94  111
140  93
83  105
141  118
89  104
161  105
140  111
188  105
110  114
188  101
91  114
133  129
115  96
176  107
164  115
165  109
136  118
166  111
140  102
183  112
176  115
123  98
136  119
150  104
103  103
122  117
183  110
190  111
184  114
190  106
157  103
100  99
106  105
98  108
184  111
134  119
125  99
150  113
117  113
138  106
153  99
145  101
117  118
164  104
97  112
132  125
107  115
98  103
93  107
196  115
100  109
168  103
170  104
101  114
106  119
159  111
146  98
202  114
142  121
196  104
140  118
147  104
86  106
197  103
128  107
203  116
103  97
100  100
108  100
91  115
149  103
149  107
118  110
158  98
147  119
99  109
124  118
136  96
112  120
189  107
127  124
161  97
101  116
110  111
122  105
140  95
100  98
178  107
131  128
170  110
102  107
129  95
119  115
118  100
187  114
122  113
134  123
161  101
121  99
162  116
94  100
191  113
85  108
139  117
169  107
94  107
