586
104  83
115  85
103  86
138  90
173  91
122  81
148  86
136  87
120  82
130  89
126  79
162  87
173  80
169  86
163  83
136  82
151  82
180  76
170  89
109  84
121  79
98  79
139  81
137  91
147  80
155  82
135  90
193  80
152  87
125  81
185  84
146  80
122  86
143  87
181  76
125  88
144  88
109  86
138  79
160  88
155  78
132  84
125  77
114  95
99  78
173  88
127  82
126  90
120  79
121  85
138  86
168  84
141  92
136  78
143  89
188  76
167  90
94  77
129  84
140  79
179  85
128  90
94  84
96  84
135  87
143  86
112  85
152  82
92  79
129  81
189  80
115  96
178  86
151  81
107  81
116  76
128  80
124  77
174  89
111  86
143  88
151  88
173  78
102  82
153  81
125  91
143  77
143  84
132  82
198  78
131  77
129  83
115  77
147  87
90  79
117  89
146  87
88  82
202  77
135  81
195  77
184  75
114  89
195  78
139  82
201  77
177  80
96  78
169  88
200  76
115  81
189  81
156  80
175  84
178  88
115  84
149  88
136  88
137  80
95  80
134  87
167  79
136  91
165  81
159  80
128  78
150  87
170  85
199  77
180  87
104  90
121  82
155  88
172  88
176  88
105  81
134  88
119  79
87  80
157  80
142  78
177  88
138  82
136  81
161  84
151  78
190  80
133  83
141  88
170  81
119  92
156  81
94  86
196  75
144  78
122  85
158  88
155  83
137  83
137  84
120  91
137  77
100  81
139  89
99  85
103  76
154  80
132  91
194  77
145  89
140  77
118  90
191  78
91  85
189  78
188  74
171  86
100  88
95  83
108  87
102  84
171  91
170  79
177  79
130  83
97  83
127  81
119  81
152  85
96  87
120  90
101  76
133  84
184  83
202  76
161  88
133  87
176  83
110  96
102  89
84  81
163  88
191  75
133  77
133  86
111  82
170  88
129  87
121  81
147  88
98  89
200  75
188  80
148  81
152  89
173  82
185  80
140  89
189  75
127  80
188  81
159  85
111  79
136  86
201  76
103  79
143  83
155  80
122  76
132  88
174  86
88  87
150  81
189  79
97  81
171  90
168  89
101  79
127  87
156  82
139  80
101  81
113  94
186  79
112  97
165  89
123  89
174  90
129  77
171  83
131  87
167  91
143  79
147  83
190  77
130  86
123  92
84  80
123  78
172  91
138  91
176  84
141  81
148  80
172  78
117  81
131  81
128  89
83  79
166  88
176  81
128  86
138  84
192  80
193  75
139  90
138  77
122  80
135  89
160  81
136  89
133  81
100  79
113  78
173  90
189  74
127  79
96  81
134  83
169  89
146  86
102  76
198  76
133  88
132  87
121  91
160  89
92  84
90  83
155  87
185  83
171  88
147  85
116  82
141  78
129  79
117  84
128  84
197  74
152  88
132  90
184  79
181  83
130  87
119  88
109  93
100  84
151  86
124  80
143  80
181  86
175  80
130  79
180  83
149  76
162  85
187  76
149  85
175  86
134  82
155  90
93  77
112  82
181  81
113  89
126  83
134  89
128  85
174  80
130  77
146  85
171  81
115  82
177  82
96  79
165  82
112  80
150  84
98  85
132  86
149  84
109  77
119  87
143  91
179  87
201  75
101  88
138  87
153  84
183  80
89  77
135  83
177  85
113  85
182  77
198  74
142  77
134  80
134  90
169  83
109  95
141  86
124  90
180  85
117  77
93  86
142  89
175  81
126  84
196  76
167  85
182  76
106  88
142  79
178  84
122  87
142  88
114  84
166  83
85  81
99  83
128  77
166  89
116  94
97  88
182  84
129  88
90  87
145  78
97  82
139  77
148  85
170  86
119  89
167  88
91  83
141  89
158  83
139  84
133  78
131  88
146  81
138  83
131  84
138  85
136  79
138  81
153  83
186  80
116  80
120  78
139  79
99  77
177  89
175  83
158  82
184  82
158  89
142  84
170  92
176  77
111  77
173  83
136  80
144  82
85  84
170  80
131  91
148  90
106  84
96  88
132  85
134  84
98  81
124  79
173  81
180  78
199  79
163  84
171  80
131  79
106  92
129  80
199  75
138  88
140  85
132  81
86  81
114  76
141  85
126  82
149  87
143  90
135  84
108  96
168  83
181  78
144  83
127  90
104  78
146  78
142  87
135  77
82  81
132  79
95  84
163  87
156  87
145  81
102  85
96  80
142  90
139  83
131  85
150  80
154  90
194  78
173  77
108  84
140  87
90  77
123  80
187  83
116  77
146  83
178  77
163  85
184  84
123  82
105  88
102  79
180  77
182  82
124  84
89  83
141  90
120  85
174  84
153  76
153  75
111  90
183  83
118  80
177  78
131  78
92  78
121  77
145  84
194  75
184  76
152  75
82  78
183  76
148  79
99  81
125  80
90  85
143  81
125  82
83  78
100  78
91  86
142  85
120  80
175  87
142  80
137  78
168  91
127  84
165  88
149  89
140  78
163  82
161  83
172  82
107  87
130  78
156  79
129  82
182  79
198  77
121  92
148  78
191  80
174  91
189  82
91  82
133  90
200  74
157  87
135  78
141  79
122  78
159  87
109  97
99  86
158  87
127  91
151  84
145  83
162  86
113  81
116  83
143  82
174  87
174  85
124  78
101  80
153  78
87  87
91  88
129  78
142  91
178  83
133  80
164  86
