949
88  102
147  114
94  113
98  111
159  112
137  115
132  101
120  105
153  100
91  105
138  110
175  109
128  101
189  112
120  99
112  111
91  106
101  108
100  99
97  109
156  95
109  104
128  89
161  105
93  96
121  94
123  95
87  104
130  95
108  107
130  120
134  111
122  105
118  109
85  101
120  109
150  105
143  97
99  105
121  115
152  96
169  105
194  115
150  95
92  111
129  105
94  111
137  119
93  102
193  115
97  107
193  114
170  104
188  100
141  103
150  104
170  108
181  100
105  105
147  96
147  102
101  106
131  92
124  94
190  111
174  110
107  96
153  98
166  106
83  105
124  114
90  102
125  103
124  120
123  118
108  112
133  90
139  101
173  110
167  106
147  101
162  101
125  122
106  114
134  106
131  122
163  108
134  110
178  106
92  107
164  109
139  104
91  100
187  105
182  107
149  97
183  104
113  115
185  106
87  101
94  102
173  106
109  102
136  93
138  118
149  108
127  101
155  98
133  106
122  111
106  104
135  93
188  97
137  102
99  104
95  95
86  106
163  98
184  114
96  108
138  112
190  109
178  100
132  98
156  109
159  97
135  103
116  115
131  119
180  101
138  99
181  105
84  108
179  110
152  108
149  106
140  115
123  94
190  115
172  108
84  110
122  95
141  102
91  113
123  113
93  114
134  118
174  101
179  104
190  103
154  96
134  105
124  112
100  102
179  108
121  113
100  109
79  100
185  113
166  104
114  108
185  108
99  109
121  107
97  111
178  109
108  109
134  97
133  118
160  108
87  102
127  96
130  98
153  106
186  110
96  111
134  109
103  103
130  96
132  109
161  99
131  106
161  111
128  113
113  113
148  101
138  105
188  101
137  103
138  117
107  113
186  112
109  113
101  116
142  100
142  98
103  110
182  108
132  123
176  106
89  101
131  124
130  124
124  117
167  105
183  100
158  97
81  104
117  113
104  110
114  95
138  106
197  115
92  106
95  100
126  103
128  99
166  100
132  112
101  98
122  109
127  102
104  101
135  94
103  109
187  103
98  107
150  97
126  100
175  101
134  121
123  98
88  99
82  106
102  100
100  112
149  103
166  105
145  113
158  98
155  95
151  103
140  100
97  106
173  105
85  108
99  96
145  105
128  108
83  110
91  99
97  102
141  111
124  118
144  96
131  117
130  111
126  119
111  101
104  114
106  96
124  121
188  103
108  98
113  114
160  100
165  109
121  116
197  96
171  110
148  115
148  95
174  105
110  109
136  94
137  107
162  105
94  100
131  96
133  100
164  102
98  98
198  117
179  107
97  104
108  96
113  103
89  110
87  106
184  105
84  106
134  96
78  100
105  111
147  103
139  98
106  98
152  110
181  110
169  110
126  120
142  116
178  112
168  110
112  114
133  116
93  109
98  113
90  108
146  98
193  100
132  105
187  102
191  107
134  100
118  104
122  112
115  104
130  102
142  99
126  113
184  115
105  99
126  107
106  107
93  107
94  106
95  113
99  101
142  103
126  93
153  99
188  105
135  111
194  94
122  108
155  104
87  112
121  93
93  98
104  113
140  111
131  109
146  107
129  106
100  107
120  95
106  95
135  96
100  104
124  101
80  104
100  98
106  111
135  119
111  109
189  99
104  116
149  101
118  118
101  102
108  97
152  103
103  113
88  97
183  113
102  103
186  113
130  97
153  103
181  111
184  111
146  106
120  107
190  107
87  109
124  108
171  107
85  107
113  112
134  102
157  103
98  106
90  99
120  114
103  98
190  96
121  106
128  123
162  106
79  105
154  114
97  103
94  114
183  106
87  103
107  106
147  113
91  110
125  99
101  95
97  98
129  122
121  111
181  108
187  111
159  107
86  104
98  105
158  99
125  116
136  115
172  105
175  108
129  99
146  102
145  102
114  102
163  107
184  102
179  106
180  110
81  109
97  115
144  101
188  98
176  107
127  90
129  120
131  100
98  103
120  110
139  117
190  95
189  107
155  111
134  99
111  100
161  101
121  109
86  111
131  88
81  98
162  108
151  110
162  102
169  107
148  96
112  97
182  114
150  113
194  117
91  108
108  103
160  104
186  114
115  96
156  108
137  95
191  103
168  107
149  104
133  113
108  111
181  112
95  103
110  114
122  118
184  110
123  100
166  111
88  112
109  93
92  110
123  107
165  108
146  115
120  101
124  122
147  115
81  107
109  117
87  99
138  96
102  107
117  118
133  115
124  119
141  96
100  111
120  106
91  95
130  114
136  99
132  91
185  103
180  109
181  101
120  117
188  99
134  120
104  106
158  96
101  115
160  99
168  106
189  108
163  103
110  96
181  113
161  110
187  110
125  121
102  109
147  104
148  108
150  114
127  124
105  116
111  105
134  119
95  102
163  111
114  116
162  98
117  98
104  115
171  101
192  109
197  113
123  109
190  104
187  109
98  115
118  100
133  93
98  108
98  101
107  107
79  106
127  116
119  115
140  117
106  102
140  95
190  108
126  98
114  103
190  106
136  102
118  110
130  119
145  107
191  116
92  115
132  103
92  112
104  111
125  97
153  107
82  107
163  105
151  111
167  110
118  98
93  105
185  112
109  95
94  115
156  104
84  111
156  102
180  104
87  97
178  107
123  104
181  107
103  107
80  108
187  114
93  108
150  109
161  97
138  98
126  101
149  111
180  112
93  100
117  115
113  99
138  94
137  101
113  110
88  110
169  102
164  106
122  98
131  95
105  113
182  104
146  104
129  96
116  112
127  117
95  115
143  98
149  96
135  104
103  106
86  101
173  108
128  90
109  97
191  113
126  97
159  103
104  100
142  112
196  96
90  110
132  90
89  105
133  101
136  118
164  111
155  107
183  101
84  101
105  108
167  102
99  107
182  103
96  97
176  102
94  104
134  94
149  109
186  97
176  108
131  118
122  115
166  108
128  107
124  103
134  104
191  112
122  94
130  94
78  105
162  111
121  99
135  110
116  117
130  121
131  121
186  108
145  99
165  105
95  105
185  98
114  99
159  104
121  120
130  109
164  104
157  109
120  119
108  116
126  94
183  111
148  99
130  89
118  107
170  105
112  113
108  104
167  101
99  98
111  106
99  106
110  111
194  96
158  106
172  107
123  97
190  99
113  94
145  95
128  92
117  96
105  112
82  102
122  117
149  107
85  104
164  107
113  101
148  110
94  105
189  96
186  105
108  114
92  95
188  102
195  96
86  102
108  100
85  112
126  117
185  97
82  104
128  94
101  101
130  92
91  114
148  113
107  99
114  104
182  111
152  98
122  100
140  101
94  107
93  95
122  99
129  115
105  97
105  107
132  117
87  96
148  100
136  116
87  111
171  109
163  99
160  109
126  99
191  109
132  100
131  97
95  112
192  97
183  112
129  95
169  106
157  102
162  110
127  91
146  111
140  105
184  109
89  104
139  100
83  106
96  98
178  108
121  98
136  119
186  107
194  101
183  110
138  101
127  104
132  115
171  102
148  97
86  103
93  103
195  94
123  105
196  115
89  106
90  106
111  117
136  112
127  98
123  121
110  105
99  108
131  93
95  108
173  109
127  100
148  104
142  106
112  105
165  101
99  100
98  95
117  106
83  98
143  110
189  111
100  97
140  98
188  106
133  103
88  100
124  106
119  118
136  96
101  104
101  114
82  109
144  97
137  100
93  101
97  112
188  104
98  109
100  101
180  108
184  103
123  117
110  112
142  108
130  110
85  102
162  99
133  122
102  94
177  105
130  93
90  103
147  105
100  108
137  106
139  115
83  99
125  93
128  110
101  105
126  115
124  96
150  106
198  96
182  105
142  101
86  109
102  111
150  100
135  102
125  111
95  107
140  102
159  111
101  112
123  101
118  114
184  98
134  116
134  90
168  105
191  98
129  102
153  104
122  113
140  114
126  118
84  102
178  111
133  119
85  99
150  98
145  96
121  103
178  102
129  119
116  103
151  112
189  116
139  102
153  101
145  101
99  102
121  95
170  110
193  116
102  112
196  99
130  123
127  112
168  103
95  106
152  111
91  103
94  95
84  99
127  123
144  111
133  107
131  91
92  103
96  115
103  111
133  97
143  103
130  115
106  105
137  99
128  104
123  115
146  97
141  105
119  117
102  105
136  117
111  107
126  121
102  96
167  107
130  122
140  97
176  101
103  97
116  94
164  110
139  97
99  113
107  115
144  98
92  114
118  97
84  104
191  110
98  102
129  117
95  111
107  116
138  116
189  101
93  113
123  93
87  105
117  107
126  116
191  97
131  110
124  115
97  97
145  108
94  112
160  112
99  110
142  95
127  121
100  100
134  107
186  100
