918
131  127
105  112
129  122
107  107
100  102
104  113
97  102
101  108
141  157
96  88
152  126
94  92
140  151
117  118
117  131
101  117
123  126
113  129
124  119
98  115
89  106
144  137
99  113
164  126
144  131
87  95
124  120
110  120
108  84
97  111
146  164
109  124
126  118
106  118
106  98
124  129
119  125
82  106
100  101
101  104
103  111
104  101
144  139
127  130
55  72
118  125
97  97
84  94
103  107
93  114
122  117
88  102
159  131
130  119
147  130
152  128
153  133
87  109
106  105
146  130
86  117
122  123
98  106
88  114
81  93
109  102
108  112
79  97
98  118
101  95
144  163
100  108
89  91
86  106
118  129
107  87
89  110
80  91
168  128
103  98
146  160
140  138
125  122
138  135
97  104
119  117
145  136
145  153
83  96
138  133
110  119
147  144
111  100
137  124
87  111
105  111
96  98
130  120
119  118
123  117
157  125
97  109
94  102
121  125
124  117
143  152
51  70
116  82
107  125
146  154
114  103
54  71
101  106
101  114
154  132
61  78
104  121
114  133
113  99
139  126
159  128
108  109
108  87
146  143
115  126
159  125
111  123
132  123
151  131
85  104
103  86
109  117
56  71
163  126
58  77
57  71
116  128
119  129
127  133
94  111
108  116
144  151
103  117
102  96
83  105
96  116
137  122
95  113
106  84
123  113
120  123
91  94
64  83
89  104
50  71
106  96
95  100
90  108
96  108
119  122
61  77
91  99
105  119
130  125
124  128
134  120
86  116
131  128
108  114
53  70
119  87
91  103
126  121
80  94
130  128
125  111
112  85
91  110
110  96
103  97
99  107
118  127
94  112
155  134
90  110
100  104
104  115
91  114
66  78
83  113
107  115
146  145
97  112
88  87
143  158
138  125
94  107
146  128
111  124
76  91
85  102
119  123
84  101
60  79
83  93
81  98
130  124
146  142
73  88
90  94
149  138
131  118
142  144
87  118
85  118
58  76
71  91
114  84
148  137
100  100
91  86
117  135
142  133
140  135
109  113
54  70
113  101
141  154
98  105
114  108
71  83
140  132
108  103
94  113
113  133
148  138
123  124
91  113
154  128
102  103
86  109
92  95
118  114
87  115
142  142
86  119
148  139
87  101
81  113
121  123
122  118
98  98
102  89
52  69
111  107
151  137
108  125
105  107
134  123
97  88
148  141
115  82
129  134
100  88
102  93
145  151
135  135
104  114
108  96
114  122
85  96
138  132
103  109
118  110
88  97
149  133
116  117
98  103
93  101
151  127
94  115
93  105
126  129
145  162
105  97
140  144
82  111
56  75
113  103
111  101
88  90
84  87
126  125
141  146
144  134
102  112
84  95
139  147
98  119
147  139
130  134
91  105
110  124
126  128
126  126
57  74
133  129
116  103
134  133
140  131
150  137
125  121
136  122
143  157
121  115
57  75
99  116
87  106
134  125
81  115
140  155
124  112
120  121
93  100
122  113
165  126
109  126
93  86
77  93
78  87
78  100
119  115
147  138
140  147
85  116
126  117
100  92
140  136
92  111
112  133
87  87
143  155
83  98
121  122
99  101
108  104
89  94
118  104
86  115
110  114
101  101
103  118
134  132
123  115
100  111
145  156
93  103
107  106
139  152
84  104
93  107
127  117
98  109
98  102
59  72
111  82
87  99
118  122
97  94
100  112
80  97
141  131
75  99
143  140
98  116
118  123
124  118
101  88
117  115
53  71
147  132
69  80
94  95
118  109
99  104
50  68
117  134
96  97
122  128
130  133
122  124
102  85
113  114
127  124
122  111
108  100
99  96
104  118
113  134
75  87
88  119
104  100
133  122
100  97
86  87
99  106
166  124
124  122
84  106
78  91
97  103
110  109
97  118
93  109
153  134
141  129
71  82
129  117
87  89
132  124
131  119
85  113
87  97
85  99
115  118
99  86
81  107
96  87
84  118
92  103
155  133
83  110
104  122
107  96
82  115
109  86
96  117
99  108
114  138
121  124
155  131
112  113
119  120
165  124
124  115
85  101
98  108
120  129
145  134
117  107
92  116
103  93
87  117
120  126
116  124
113  130
113  115
133  132
113  132
114  89
86  111
84  102
84  112
117  136
134  135
144  158
149  136
87  96
149  132
138  137
162  129
88  112
146  136
84  92
110  112
105  88
112  114
76  85
96  115
117  84
96  111
101  112
82  113
111  105
148  134
117  106
143  164
82  97
109  120
99  100
128  126
102  109
126  116
90  103
152  133
95  112
95  108
106  102
107  121
139  127
112  120
111  106
91  100
153  129
142  150
143  163
130  121
106  119
113  85
122  112
90  102
103  106
69  84
113  113
124  121
90  99
163  127
50  70
95  107
123  121
146  162
147  146
102  111
140  148
112  97
149  128
109  104
106  104
134  121
120  107
141  151
139  138
150  128
106  88
123  109
81  94
119  130
98  113
117  130
92  114
120  119
113  112
104  120
116  133
95  105
101  119
92  107
111  86
88  110
169  125
149  127
118  107
142  129
139  148
139  133
71  90
105  108
133  124
122  115
151  135
126  131
55  74
129  120
81  109
142  140
122  109
115  85
52  71
128  133
151  132
94  94
99  119
86  102
102  100
80  104
84  117
104  116
98  111
105  116
145  158
84  108
87  114
99  98
155  126
142  155
91  115
122  108
107  99
105  99
116  115
85  91
132  130
133  133
86  103
114  116
127  123
126  119
137  121
89  101
101  102
56  73
102  105
120  122
143  161
112  124
88  117
99  105
127  121
85  108
141  133
104  106
104  111
100  118
125  124
120  109
115  104
107  122
106  92
147  131
108  120
117  137
89  105
126  115
103  110
84  99
145  129
112  131
97  98
86  101
81  104
139  143
145  146
94  114
120  117
128  134
68  79
82  109
116  132
127  131
159  130
77  96
145  147
126  113
157  131
117  113
114  102
100  99
66  83
92  115
158  128
99  102
88  100
148  131
121  116
119  127
53  69
92  112
115  122
104  110
105  105
137  134
105  113
116  83
111  109
96  93
120  114
83  116
82  102
151  133
134  131
127  129
108  126
65  85
100  109
83  106
83  115
146  150
132  125
107  113
130  123
100  107
143  144
145  132
107  116
83  99
98  101
148  136
95  102
109  95
111  90
130  131
91  93
118  118
77  98
116  127
60  78
105  118
88  115
113  89
103  103
97  107
98  95
121  113
105  123
95  103
72  90
138  121
93  102
144  162
143  148
103  113
87  103
111  127
104  123
129  127
87  92
95  115
146  163
56  77
106  95
114  130
108  111
116  120
102  107
131  122
108  98
82  104
90  106
145  163
119  133
106  121
134  127
116  112
140  141
120  127
152  127
93  113
119  128
101  98
79  100
87  112
142  154
93  108
142  139
139  140
117  129
136  134
90  87
143  156
131  121
118  126
140  127
141  155
88  99
85  107
100  98
149  135
128  131
144  154
73  89
128  127
109  93
97  106
112  111
141  162
147  147
161  128
104  90
76  83
108  117
74  89
127  132
141  144
124  125
117  122
101  105
93  98
114  118
110  111
164  125
94  104
159  127
87  105
115  84
62  76
86  104
111  117
107  117
108  107
145  141
144  164
153  128
112  105
127  116
144  133
91  108
106  107
94  100
124  114
95  95
121  109
154  133
88  94
92  106
93  95
79  98
116  125
125  116
109  121
144  155
100  117
145  131
142  160
162  126
157  133
67  82
110  125
138  122
94  105
98  91
120  110
135  124
129  119
106  122
108  118
131  124
67  86
91  92
63  77
156  132
79  94
114  134
85  87
126  124
85  120
108  97
142  138
143  131
98  107
113  110
124  130
141  139
115  119
141  149
85  112
121  120
98  89
57  73
149  137
132  131
59  78
87  104
167  127
146  134
91  106
163  124
80  95
101  115
85  117
55  76
86  120
91  88
95  111
91  95
101  116
114  104
114  121
61  76
133  135
82  107
146  156
151  129
87  102
77  92
93  96
109  84
112  136
110  105
94  106
84  113
72  94
123  118
78  84
84  111
116  137
99  110
92  110
95  106
150  133
141  153
102  94
166  125
99  109
74  90
52  72
94  116
97  115
146  144
130  122
144  161
128  123
146  158
106  114
59  77
107  120
88  89
121  111
84  110
112  125
146  147
145  150
109  97
142  157
122  126
167  128
126  120
112  82
106  111
