1145
94  115
142  125
139  115
126  134
76  115
107  107
124  125
71  123
190  115
87  123
110  105
180  117
89  133
115  126
77  114
80  121
102  129
172  118
99  124
78  115
138  117
116  103
88  119
98  131
126  142
94  129
179  113
175  118
92  110
134  119
129  127
110  132
96  119
134  136
103  106
101  123
84  106
95  111
86  115
87  124
101  108
74  118
184  133
177  133
175  116
115  118
94  114
104  116
92  133
95  107
141  133
151  110
99  105
104  120
111  107
102  111
74  127
119  115
88  115
126  107
99  113
128  136
175  134
186  120
111  127
120  101
124  120
149  132
83  128
173  129
182  115
145  134
128  131
112  124
147  121
76  111
120  135
186  113
82  115
93  109
154  114
87  109
159  127
179  122
90  125
100  101
107  117
85  120
109  117
82  113
139  117
163  121
167  131
104  110
107  122
77  128
99  131
148  117
124  131
158  128
106  122
146  111
142  120
87  111
131  121
140  117
106  121
98  118
117  136
131  124
140  131
172  124
85  116
122  113
128  104
99  125
134  116
112  125
121  120
98  108
122  105
127  100
129  115
100  109
133  133
97  107
75  111
126  135
120  126
108  120
85  107
144  133
167  127
93  102
99  110
109  113
124  128
95  102
136  116
157  125
89  127
119  136
125  121
156  119
94  130
84  111
83  124
85  128
152  110
176  115
91  122
181  128
180  115
151  112
156  114
146  126
183  120
131  122
138  118
127  116
140  127
146  124
164  121
122  128
178  114
152  111
127  129
87  105
153  129
103  125
98  113
178  119
113  113
102  103
83  116
118  126
124  108
115  119
153  123
118  136
111  124
179  124
138  135
131  106
108  116
96  124
99  109
116  115
94  112
112  111
108  112
126  103
143  131
99  116
74  123
127  139
107  120
124  121
120  107
109  102
129  117
180  116
138  116
83  121
87  117
122  100
145  125
96  133
106  107
95  131
120  105
125  141
124  134
149  127
118  109
142  127
84  113
95  105
161  118
108  128
72  125
114  108
134  123
82  127
128  135
182  133
135  137
101  104
126  131
104  114
70  121
175  127
113  101
104  122
170  129
76  118
146  120
136  119
151  129
182  134
183  133
186  135
145  132
133  124
94  105
79  111
103  117
79  122
165  120
81  124
134  118
88  114
140  120
119  138
110  119
122  123
94  106
85  118
79  114
141  129
179  117
102  133
131  127
110  120
142  133
87  130
98  129
113  103
138  122
82  107
122  109
133  116
121  115
88  122
108  103
130  115
133  119
97  129
130  142
135  110
111  106
150  126
94  113
129  142
103  113
186  119
136  115
140  119
149  109
140  118
127  102
96  134
86  117
88  117
92  120
100  104
134  127
174  130
139  133
124  117
134  132
177  124
141  131
173  127
108  127
121  116
107  121
120  129
134  106
98  134
92  112
101  106
128  107
139  127
118  118
144  111
104  106
83  113
151  120
179  128
125  116
97  104
108  135
162  119
149  111
141  118
101  119
142  117
133  122
114  133
173  132
94  111
151  127
144  134
150  120
76  113
124  135
174  119
121  123
100  127
106  104
149  124
91  116
84  112
175  123
142  121
91  121
116  112
129  119
137  121
171  134
181  131
132  131
107  116
113  129
172  133
99  102
77  126
136  122
166  125
93  114
117  113
119  137
133  113
147  114
109  104
102  112
134  135
127  117
87  106
140  135
84  117
123  141
132  112
138  125
126  126
146  130
92  118
87  104
96  111
188  137
92  107
76  112
131  110
127  132
83  122
96  108
121  103
105  127
171  127
141  127
99  126
122  133
134  107
99  101
166  124
73  116
127  143
123  101
91  103
88  112
118  104
120  121
133  106
98  109
121  136
99  119
98  105
133  115
85  108
82  111
88  132
83  126
185  133
130  128
110  124
103  136
127  138
117  135
105  118
80  127
153  128
71  118
118  114
92  117
87  114
147  130
73  123
116  128
119  128
188  117
171  132
178  122
100  112
147  124
137  119
117  106
128  141
79  112
120  138
154  132
146  128
144  127
144  122
122  108
103  135
80  118
76  123
152  123
175  132
105  112
96  115
98  115
124  112
108  104
131  128
73  114
90  116
91  123
132  123
180  136
123  105
108  118
101  105
92  116
94  107
139  126
140  111
105  107
100  117
132  115
98  119
177  123
120  114
94  118
86  120
104  118
150  117
119  117
90  103
76  116
111  117
129  105
75  116
132  125
182  118
142  116
171  126
70  122
147  131
128  127
184  137
98  116
126  129
130  121
112  131
159  125
117  131
93  108
187  114
102  105
127  123
134  120
101  116
177  129
181  132
138  112
86  128
134  109
147  119
127  121
150  109
105  116
126  120
109  121
145  131
102  125
129  134
94  122
162  129
173  121
103  107
135  111
127  137
130  125
107  125
110  109
128  133
105  123
177  118
191  113
181  114
143  122
91  108
103  134
75  127
118  129
127  112
96  120
140  115
90  120
101  101
121  135
95  113
103  103
151  111
89  106
78  114
164  125
80  110
97  102
120  123
130  123
189  116
113  110
107  115
128  126
151  123
127  133
83  130
117  130
133  107
129  140
126  115
117  122
163  124
133  132
166  123
102  107
91  106
100  134
125  111
95  115
126  119
149  117
80  122
149  121
98  133
95  108
126  116
128  134
92  103
124  139
116  133
123  98
107  113
124  114
120  117
130  120
100  108
118  107
84  104
110  125
87  122
127  124
115  104
148  122
97  111
112  120
122  126
161  121
131  117
105  105
177  130
117  115
111  105
163  120
101  102
80  113
191  112
177  122
129  106
175  122
126  121
133  129
123  126
80  116
96  116
96  117
94  125
70  119
108  111
86  106
74  121
145  122
133  118
122  112
130  134
158  123
115  122
93  119
104  129
89  105
92  119
105  119
151  132
113  132
118  125
92  115
122  111
172  122
77  115
87  120
140  122
87  115
168  129
180  114
148  113
104  123
189  112
132  124
146  122
155  118
110  112
126  101
89  123
138  110
125  124
175  121
162  126
98  111
104  113
147  132
78  125
108  114
111  123
129  136
169  125
136  117
104  101
75  117
150  133
75  112
105  108
159  117
81  125
74  115
92  111
163  118
151  133
99  104
93  103
126  118
103  109
86  111
106  119
95  126
185  136
148  115
121  106
81  115
103  111
120  110
78  120
130  122
130  133
130  114
72  117
158  121
78  112
113  114
85  112
164  126
104  111
147  115
172  131
80  115
105  129
101  114
152  128
178  115
174  134
120  119
140  136
186  114
108  107
181  135
97  118
84  118
133  135
129  122
122  115
171  133
124  115
98  101
172  121
121  137
118  110
147  113
149  118
135  136
126  99
100  111
168  128
90  119
80  125
129  120
108  109
141  122
114  118
123  142
95  122
79  115
145  124
93  125
146  127
120  109
116  125
113  115
144  118
144  131
131  118
116  132
105  113
179  121
130  109
184  115
163  126
138  121
113  112
143  128
179  119
78  111
85  104
97  112
81  120
84  122
93  124
111  109
104  136
126  128
136  136
191  116
151  131
78  119
121  113
140  132
100  122
123  104
121  139
79  118
77  112
137  134
97  115
91  113
81  123
102  109
124  132
173  122
174  131
179  116
100  118
138  132
121  132
85  113
82  124
97  121
89  110
78  122
161  128
124  141
99  107
76  127
154  128
176  116
127  131
162  121
97  119
128  123
94  120
75  113
110  114
124  118
165  126
86  126
112  105
77  111
137  107
79  109
137  124
91  115
90  108
150  113
126  98
136  134
119  122
76  119
119  133
126  124
138  133
152  126
81  113
124  122
125  103
179  134
155  131
104  121
98  122
140  114
89  118
185  137
142  129
152  117
136  118
159  128
86  109
143  118
181  113
114  103
137  122
101  125
170  127
178  133
167  130
90  117
125  122
130  119
143  121
150  114
113  133
136  112
178  117
152  127
141  120
183  113
127  130
89  120
112  114
119  129
100  102
74  112
123  115
125  131
144  117
94  104
146  125
106  118
180  129
127  104
175  117
83  106
87  118
103  110
174  127
124  103
94  116
146  115
105  136
114  134
73  121
134  110
107  106
101  112
187  116
127  140
95  120
165  124
130  111
145  129
141  121
93  123
187  134
97  106
124  106
188  136
142  124
130  143
110  135
86  116
126  117
101  117
126  100
124  101
123  138
123  118
87  128
97  123
130  110
116  124
82  109
86  119
123  100
92  114
148  131
123  117
155  120
185  112
102  130
118  127
155  117
123  109
121  109
103  118
117  118
70  123
121  125
124  119
130  131
134  125
95  106
93  118
141  111
143  126
146  134
117  134
92  128
89  104
124  129
93  113
118  123
109  126
98  102
186  112
78  113
120  106
101  115
87  103
113  134
170  132
114  104
75  121
93  126
106  111
93  107
179  129
98  103
181  130
123  113
90  110
119  118
122  117
109  131
99  129
163  127
137  115
121  122
124  130
95  119
149  128
130  124
104  115
77  118
131  109
155  126
113  130
154  122
106  105
125  99
90  131
90  130
178  118
101  122
133  136
97  103
106  102
184  114
134  111
112  133
88  110
117  107
96  128
120  139
106  114
169  119
181  134
91  105
109  120
123  124
150  118
122  124
84  110
74  122
119  120
188  133
187  133
93  105
72  119
179  130
98  107
94  102
92  122
86  130
176  123
174  128
157  131
151  119
114  121
76  120
149  133
148  134
126  125
145  113
155  121
99  106
79  119
117  137
84  123
85  117
122  118
114  102
143  110
132  109
185  113
143  127
121  111
135  135
106  130
119  127
152  133
94  123
168  124
87  112
95  103
73  122
144  126
150  116
119  123
119  125
111  101
112  136
75  123
182  130
74  116
178  116
161  122
135  124
123  131
109  124
116  127
186  134
159  130
94  124
127  134
114  130
132  105
167  119
134  133
82  123
126  113
84  108
128  110
110  111
97  109
153  122
131  119
108  126
99  108
86  104
112  113
108  125
120  122
74  117
121  107
91  114
110  133
116  117
132  130
121  124
98  106
142  112
91  110
114  116
160  123
90  106
134  121
83  115
170  117
119  130
127  101
167  128
118  122
114  122
128  108
165  123
162  123
100  107
83  110
135  119
144  121
103  124
94  131
116  120
134  131
132  117
126  143
123  121
94  119
120  127
148  110
108  117
126  133
101  124
81  109
92  106
128  113
123  107
82  121
93  128
103  133
182  114
150  128
122  140
95  112
117  129
105  111
