1011
155  104
142  103
143  103
171  91
134  69
174  93
174  89
155  90
174  84
187  84
167  78
140  79
129  95
175  81
112  85
84  95
104  78
136  75
177  88
163  75
78  81
133  74
143  82
142  87
138  76
181  81
139  98
132  81
107  73
103  93
76  91
121  82
105  99
148  96
121  91
149  109
159  85
113  101
105  74
155  76
128  78
135  81
180  78
97  88
89  83
102  93
125  88
154  90
124  96
174  80
144  83
74  75
118  97
165  89
158  82
147  80
131  79
172  95
147  77
180  90
146  106
140  85
89  94
127  84
156  79
169  88
175  86
120  95
87  95
143  83
72  75
138  90
100  92
149  108
139  82
151  82
180  77
103  86
142  89
119  89
161  75
134  99
173  88
170  89
109  104
171  86
153  84
148  94
156  80
134  87
118  100
134  97
96  87
105  97
106  84
140  97
149  89
151  110
124  78
184  82
106  75
114  76
84  94
152  110
178  88
139  77
188  81
122  85
155  88
173  76
78  76
134  100
163  94
147  87
172  88
138  82
176  77
101  88
150  81
144  101
167  85
151  88
139  74
119  92
144  98
80  81
126  93
173  80
134  72
153  99
146  80
135  77
167  88
145  89
170  80
139  83
140  78
88  89
168  77
132  74
142  80
127  79
131  95
122  99
164  77
173  77
90  85
117  98
143  80
162  89
178  83
115  84
103  79
134  96
155  82
70  98
111  82
162  78
78  87
173  93
85  84
122  100
168  95
72  96
117  77
176  84
131  84
157  76
167  79
128  70
105  88
151  78
149  85
130  70
131  66
151  84
148  79
129  78
159  93
161  97
131  74
161  88
141  85
173  81
147  85
158  75
131  91
131  81
161  93
143  90
155  98
122  98
91  94
101  80
139  81
120  90
127  80
184  83
120  78
125  77
174  86
146  87
133  81
111  100
174  76
71  96
111  77
116  76
132  73
145  81
177  78
143  89
185  85
84  92
133  101
158  83
174  90
109  97
97  82
108  70
68  77
114  89
142  91
139  80
121  99
160  81
112  82
77  75
157  80
141  89
111  90
133  70
143  98
113  99
141  105
145  101
181  75
126  84
132  87
177  80
117  96
135  69
168  91
111  79
116  80
125  76
141  103
163  87
145  83
185  87
155  93
84  80
142  88
146  102
137  78
182  88
170  85
104  71
139  90
109  102
147  96
148  81
122  80
182  89
145  93
116  83
184  84
71  77
104  72
127  90
137  84
145  96
87  92
152  88
71  78
118  90
155  75
91  95
163  84
120  85
131  75
142  85
175  84
149  111
135  73
150  84
138  83
188  80
125  91
167  91
114  99
179  89
130  96
129  96
135  71
149  87
116  77
148  78
151  103
137  77
133  76
94  94
176  83
148  108
159  80
142  98
175  87
180  87
125  97
164  79
160  89
185  80
131  76
153  83
133  86
166  89
173  82
115  85
100  79
123  94
157  87
164  78
121  95
117  84
129  73
123  98
140  77
188  83
144  82
132  88
129  76
171  88
163  83
117  89
152  103
152  96
115  82
71  79
145  95
163  90
132  66
177  90
153  100
91  83
181  76
104  100
153  104
122  86
109  95
145  94
88  87
142  106
169  86
131  92
125  93
127  100
121  92
167  94
142  95
174  87
179  90
87  80
128  90
154  96
126  82
177  91
134  88
165  82
140  98
126  98
123  93
181  83
113  89
157  91
158  89
134  83
128  94
143  86
83  79
102  85
82  81
133  77
97  94
123  100
98  91
110  96
79  78
134  71
83  93
139  79
161  84
105  75
133  87
156  76
186  85
111  71
152  98
70  94
156  95
182  76
178  86
159  87
142  99
142  101
176  88
159  90
92  95
175  80
82  78
140  76
121  85
149  96
131  88
143  97
80  95
108  87
97  81
135  87
172  94
111  101
129  83
142  94
112  74
98  89
178  84
169  95
147  102
122  95
133  69
146  81
150  105
121  79
138  91
174  92
141  78
130  89
81  93
136  91
138  86
129  77
140  93
166  91
104  73
136  74
112  80
94  84
182  82
186  79
174  94
155  95
79  94
164  86
106  98
130  93
114  95
166  88
149  104
167  90
139  101
138  81
175  93
145  108
164  91
70  75
133  80
148  97
143  79
123  82
91  82
173  78
138  85
135  90
132  100
137  100
135  70
148  99
131  77
135  93
125  99
162  95
95  80
70  95
76  83
109  71
72  77
131  85
127  81
77  96
130  95
140  87
159  94
106  92
126  100
130  76
182  84
139  97
118  80
155  94
159  75
121  81
178  77
139  89
154  80
120  80
152  82
149  103
131  96
177  85
146  98
125  80
140  100
155  78
91  88
127  74
119  88
134  75
143  87
129  81
127  91
160  88
175  83
121  93
136  89
140  75
81  83
107  68
129  79
91  86
68  97
107  99
158  98
81  94
86  81
102  82
94  92
120  99
75  81
137  80
163  78
165  93
118  98
146  86
100  88
125  82
160  78
141  90
109  86
137  71
171  83
170  86
136  87
177  92
145  78
124  77
169  93
93  86
165  78
168  84
146  85
132  76
152  87
153  81
91  93
127  101
96  93
102  84
150  95
134  82
148  95
143  94
123  78
141  102
156  92
136  82
126  90
76  81
144  97
144  77
145  105
158  96
72  94
146  83
126  94
138  79
176  91
169  75
137  99
115  81
141  81
128  71
88  90
148  110
122  81
102  94
145  99
129  69
143  84
100  84
132  98
166  93
150  87
87  87
137  72
108  100
67  96
129  88
106  88
179  75
129  84
171  81
129  74
174  91
74  78
168  83
128  84
153  101
153  98
126  101
129  68
160  75
153  78
83  78
124  79
144  96
134  80
133  78
162  85
128  73
141  88
150  104
117  81
101  79
139  93
153  103
166  79
95  84
138  77
109  84
103  76
134  73
106  68
185  86
107  96
169  89
122  94
129  82
150  92
108  104
179  76
129  87
168  89
76  85
178  91
170  81
131  71
127  82
170  79
102  79
130  72
94  86
138  84
158  91
74  90
143  77
173  83
109  72
71  75
130  71
86  87
148  90
138  99
142  78
142  90
80  91
150  97
180  88
114  84
130  98
96  88
135  72
106  95
168  75
133  100
143  88
80  94
153  106
165  81
153  76
101  81
128  89
174  85
147  92
150  80
162  96
139  76
172  78
161  91
132  90
128  80
126  99
144  78
182  86
123  97
85  91
78  84
148  100
68  98
114  75
143  91
121  94
124  90
137  93
128  77
149  97
183  87
104  101
170  88
92  84
77  93
144  88
143  93
105  81
132  69
135  78
149  106
140  95
143  81
135  84
129  99
123  80
131  87
147  94
129  80
122  78
160  91
162  86
142  100
131  100
169  83
184  86
112  97
148  101
127  76
89  91
132  75
106  104
90  83
141  86
113  85
145  107
146  107
120  91
136  93
176  81
140  89
132  101
122  87
99  86
108  103
75  75
133  84
98  81
90  87
163  95
145  84
184  88
149  101
158  97
70  76
133  97
149  88
161  89
90  79
104  83
107  81
181  86
147  105
158  99
161  79
155  83
123  95
156  75
141  79
172  82
138  96
138  94
80  77
73  77
132  84
85  81
126  83
99  83
147  104
136  76
131  97
156  87
133  93
179  87
181  88
162  90
170  92
135  96
148  104
100  81
177  89
130  79
130  86
136  81
146  78
141  92
116  94
156  102
131  93
80  80
136  99
124  94
134  94
120  101
128  85
91  92
127  87
139  100
114  102
150  100
127  98
146  97
119  79
163  85
148  86
151  111
166  83
120  82
130  83
119  81
183  83
133  88
151  86
108  97
183  88
141  94
181  78
136  80
97  83
152  89
156  81
137  91
142  77
165  77
163  88
162  87
119  87
135  83
171  80
130  74
75  87
182  79
131  78
151  81
77  92
135  94
136  88
135  89
179  88
115  77
148  80
160  96
142  84
98  85
123  89
102  89
106  105
132  79
167  92
158  88
186  80
173  91
128  92
78  91
120  79
113  81
95  83
137  83
142  79
130  77
134  90
185  84
155  77
109  77
133  68
171  90
144  94
184  79
130  92
107  75
181  87
111  86
158  87
155  80
161  83
172  91
88  94
99  81
124  80
132  85
87  89
85  87
180  76
113  103
147  83
90  94
172  93
88  82
137  101
130  94
177  82
101  95
109  93
132  91
113  94
187  83
106  96
108  96
121  98
171  76
177  79
136  94
113  78
136  70
147  88
135  75
152  108
84  81
108  84
127  72
134  89
136  86
130  87
105  105
121  77
104  90
136  78
183  80
185  83
116  82
115  96
155  87
140  101
99  85
127  96
130  78
172  76
128  86
96  81
78  79
133  72
133  83
134  84
165  88
179  85
136  79
128  101
96  84
138  87
128  99
138  101
108  98
147  101
164  93
133  90
91  85
130  97
159  97
125  81
182  77
180  83
180  85
124  84
139  84
146  104
106  102
149  107
153  107
75  80
148  85
123  92
149  84
138  98
150  98
132  86
132  82
152  85
73  75
141  96
126  79
173  90
150  109
126  97
147  103
159  91
168  94
107  87
145  102
133  73
136  96
150  106
138  75
156  82
137  95
163  82
84  87
138  88
