1259
117  115
137  95
105  99
128  104
140  98
98  91
162  129
165  131
175  148
113  113
169  142
130  131
149  111
82  81
132  115
101  125
152  108
106  121
99  126
165  126
99  86
159  140
106  95
107  87
150  100
142  124
111  101
182  140
107  122
141  94
129  106
138  94
173  141
100  68
144  111
142  125
157  138
111  100
107  73
187  140
138  105
102  82
107  116
181  131
138  117
98  119
110  119
101  75
148  104
179  146
144  94
104  123
139  126
99  109
148  99
150  133
149  135
123  109
151  111
101  80
162  142
171  132
127  104
149  107
133  138
111  109
87  80
142  108
135  137
112  82
173  137
97  88
176  140
131  117
104  101
167  130
123  95
169  151
100  109
153  128
143  97
102  71
91  83
153  99
170  149
133  136
130  111
98  116
174  144
169  145
159  133
165  143
124  96
184  137
156  132
116  112
87  89
151  133
194  139
171  138
135  110
182  141
144  126
106  75
102  96
178  152
150  106
110  70
122  99
147  114
119  88
89  94
132  105
148  134
131  127
186  139
135  119
148  101
150  137
88  94
136  134
149  97
127  121
99  113
101  81
99  108
113  103
93  95
142  129
155  117
174  134
170  132
155  144
150  114
186  135
130  98
178  157
130  128
196  133
123  100
103  124
98  95
176  160
116  103
121  92
135  124
129  115
114  99
174  140
128  108
157  136
134  104
99  101
158  138
93  101
100  100
140  95
122  111
163  138
169  150
134  111
134  136
155  121
106  119
102  79
133  115
147  92
126  119
172  149
103  109
199  135
126  118
140  131
146  98
181  139
101  88
88  90
147  102
112  97
121  115
113  99
128  134
105  123
99  105
99  69
177  137
137  101
124  118
96  108
133  107
121  98
111  82
137  107
152  117
185  137
106  118
175  153
97  82
100  117
108  96
114  102
169  143
137  115
130  119
98  108
134  121
140  100
150  105
148  131
139  127
131  118
145  107
135  136
142  103
127  117
145  102
98  106
142  117
146  120
169  147
99  98
199  133
142  106
149  96
197  136
97  73
105  74
126  97
175  139
149  128
146  124
145  95
114  108
111  124
104  106
131  100
140  117
134  119
103  86
121  107
103  98
173  142
144  97
102  76
170  156
112  105
101  112
148  122
89  91
166  138
130  125
121  120
112  113
165  130
186  134
136  118
138  125
102  100
109  97
124  115
136  94
140  111
147  94
146  107
103  103
168  134
121  106
136  117
96  87
109  95
102  112
154  133
145  131
124  112
122  98
107  125
157  125
97  83
100  79
85  81
105  112
142  121
100  111
165  142
134  96
139  101
111  105
146  111
145  113
99  83
106  88
122  100
102  109
152  98
108  125
110  120
104  78
160  131
101  102
139  117
154  144
102  111
149  132
118  109
176  139
148  110
107  120
150  97
107  113
94  94
110  114
104  113
131  96
100  108
125  103
141  121
128  126
139  97
106  122
146  106
113  114
142  120
129  122
193  136
129  117
143  103
103  106
118  100
163  140
105  81
106  84
100  84
141  102
98  98
164  126
150  128
102  107
96  84
172  155
138  110
90  94
182  133
155  118
129  134
99  119
133  100
97  102
181  137
142  112
130  123
117  118
173  153
102  93
145  96
177  151
109  86
97  68
112  125
121  111
159  135
136  102
164  132
149  127
175  140
155  134
150  109
171  134
99  71
98  111
138  99
103  113
140  115
86  87
158  142
178  156
180  139
109  93
131  97
150  120
91  88
194  133
178  146
95  83
138  101
153  143
160  141
140  119
159  128
101  124
144  117
147  130
133  113
180  144
145  122
159  145
133  97
166  136
138  106
158  135
175  143
157  131
159  131
144  121
87  95
118  107
158  137
148  137
103  111
115  85
126  120
96  78
160  134
128  113
102  94
173  152
132  112
105  97
133  106
119  115
145  101
108  87
128  101
112  124
193  131
138  121
168  142
130  133
142  94
125  93
146  130
98  105
85  84
173  132
174  146
126  115
111  107
95  102
98  115
134  120
182  139
121  109
154  96
97  103
176  152
84  80
134  116
151  137
176  162
139  102
136  99
138  112
173  145
176  145
148  115
136  96
134  109
189  135
164  130
87  87
169  149
85  91
141  122
148  108
108  114
121  103
177  149
148  113
108  104
109  117
166  134
99  124
99  102
133  119
157  134
105  88
178  148
152  133
101  68
133  103
156  136
142  98
106  98
120  117
147  101
163  132
128  99
134  106
180  138
175  155
128  92
152  128
179  152
107  117
183  141
186  138
145  93
122  94
140  120
147  96
97  115
109  104
172  133
99  104
99  100
151  119
123  92
153  134
159  125
134  97
95  100
121  93
145  94
171  153
130  97
151  103
174  148
144  118
134  133
128  107
172  151
109  120
139  104
98  113
104  71
117  98
157  145
90  83
119  92
111  77
139  100
122  117
120  119
98  122
161  144
108  97
123  105
119  118
152  103
131  106
114  104
190  140
145  108
140  105
119  120
109  71
166  141
106  105
99  78
151  120
126  93
124  108
121  116
142  127
97  98
167  133
149  117
113  110
179  153
91  92
152  111
100  102
165  133
93  98
196  135
158  121
137  103
113  101
98  109
146  128
105  113
133  122
133  135
101  106
124  119
195  135
102  70
136  116
120  106
133  124
149  103
168  139
97  109
99  116
171  150
123  117
133  132
126  116
150  117
100  107
118  90
191  136
122  112
163  135
95  84
140  114
101  104
117  107
97  97
151  110
101  101
110  109
104  73
173  149
167  140
105  107
101  114
107  99
113  85
169  136
159  127
103  107
149  137
128  127
141  129
158  123
139  98
118  104
151  131
137  119
154  128
166  139
98  85
105  111
153  98
112  120
123  97
126  101
192  133
125  97
150  92
112  111
133  129
173  155
135  103
117  106
98  102
177  133
162  126
147  131
173  150
131  122
100  98
138  122
146  122
134  105
110  111
134  102
187  134
133  116
176  144
116  117
127  101
95  95
167  128
101  98
94  102
175  152
143  93
115  96
155  137
175  136
175  158
103  97
183  138
113  89
149  124
177  143
154  145
105  118
132  123
151  132
109  84
108  117
126  99
106  92
104  122
102  103
103  76
128  135
172  144
135  96
132  100
175  132
153  100
161  128
134  123
88  82
153  122
150  126
184  140
107  107
175  144
174  149
120  99
130  121
176  149
132  117
144  131
124  120
102  125
140  102
140  101
147  103
192  134
105  108
100  118
155  140
109  102
99  96
99  85
174  157
106  96
123  115
98  118
115  104
145  134
96  79
101  105
126  94
153  129
98  79
158  128
127  102
140  122
139  115
147  124
168  148
128  110
149  101
99  77
134  132
131  95
129  127
143  121
111  90
88  87
127  123
133  133
121  95
176  151
155  120
137  106
97  111
126  107
104  72
102  85
99  110
141  105
163  142
190  136
130  115
142  99
98  81
127  124
161  122
81  83
86  81
100  122
194  132
179  139
135  111
187  139
172  154
148  97
97  123
149  109
121  91
197  133
101  116
108  109
146  97
172  131
155  126
128  123
132  130
118  110
127  116
108  100
125  121
143  110
106  111
188  137
159  132
188  133
142  101
117  96
104  115
147  121
168  146
100  81
130  122
129  99
171  146
97  94
93  86
84  92
194  134
167  134
120  105
147  132
140  118
188  131
104  90
152  127
132  98
125  99
180  141
143  131
130  109
149  121
133  118
141  127
109  124
132  109
97  119
122  109
163  127
182  134
146  125
127  98
181  132
91  94
143  126
102  84
151  112
114  116
101  115
137  122
168  138
104  111
147  115
130  94
130  96
105  119
107  96
96  81
94  95
180  143
97  107
97  106
135  102
96  116
129  96
165  132
101  117
149  133
137  102
152  123
126  124
177  154
130  110
158  144
116  115
130  114
176  137
150  95
101  123
114  95
112  114
108  107
109  113
118  114
193  132
123  118
89  83
123  94
146  126
97  104
103  118
94  100
175  151
107  106
120  114
120  110
111  123
108  103
177  139
146  115
143  98
104  100
96  98
156  135
185  141
128  94
141  96
153  101
151  123
119  89
99  106
91  93
134  107
144  96
154  122
98  89
126  121
129  95
112  80
130  102
141  111
145  105
120  90
191  137
177  144
179  142
97  118
188  136
152  110
151  135
130  95
132  125
99  81
136  122
101  79
155  131
153  133
121  113
178  147
148  117
127  100
109  72
171  154
110  124
157  137
110  105
141  120
171  133
135  135
178  133
154  135
145  132
118  97
150  104
122  118
98  103
145  125
150  116
161  131
177  153
168  129
131  119
96  115
96  111
105  75
108  70
147  105
130  134
196  132
90  87
170  159
100  69
148  95
172  153
171  149
185  133
108  120
103  110
117  113
130  124
109  77
104  110
106  102
91  99
170  144
129  136
140  132
128  131
100  88
124  117
94  84
160  143
173  140
185  136
154  132
139  93
163  126
147  119
103  117
138  132
97  75
104  120
98  107
146  134
121  94
129  120
177  140
130  120
106  107
100  104
123  93
195  134
129  119
132  103
125  122
125  91
124  94
179  134
91  95
99  125
134  94
145  124
157  133
105  105
93  100
156  138
134  100
160  140
120  91
171  141
100  99
92  84
132  124
177  142
176  150
106  104
186  140
106  114
113  115
140  93
171  135
193  134
101  119
120  101
105  116
172  137
117  89
153  138
126  100
90  85
143  127
144  98
84  81
122  95
137  134
111  117
146  104
174  143
122  113
141  118
134  127
124  106
172  136
131  110
108  118
168  147
96  97
143  122
149  106
104  116
100  78
103  79
131  128
91  85
80  81
134  110
150  98
136  119
122  105
156  119
144  127
141  92
137  99
107  121
101  108
134  131
93  96
172  135
132  131
157  139
165  134
165  136
181  134
101  76
167  131
96  80
118  98
175  141
160  123
103  93
118  118
96  88
149  108
109  121
149  104
132  101
140  97
144  133
148  94
145  99
129  102
84  87
149  118
113  94
110  96
87  92
160  135
144  101
155  136
101  95
107  81
91  82
110  112
126  103
129  105
107  75
159  130
171  162
97  81
147  113
148  100
125  116
123  104
137  124
181  135
97  112
85  87
180  136
178  162
97  69
127  96
137  100
104  118
154  138
124  122
121  99
114  103
92  95
134  135
149  136
123  98
120  107
138  96
146  102
88  89
166  144
136  112
169  134
124  103
142  95
184  133
152  126
175  162
110  125
102  89
187  133
136  115
111  106
128  133
100  112
122  108
125  111
102  105
94  92
170  145
138  118
99  107
126  117
135  94
175  160
131  121
111  79
143  94
148  136
126  113
172  146
183  133
162  137
108  112
104  83
176  141
122  115
140  127
134  99
100  101
147  104
142  100
155  133
179  151
108  116
107  115
138  116
131  109
120  95
171  142
137  121
95  103
108  84
170  146
91  86
135  104
175  134
108  98
150  118
172  140
98  101
119  117
177  156
120  109
97  121
190  134
113  112
103  125
146  127
104  121
154  136
108  111
191  132
170  140
141  131
173  158
173  151
123  101
178  155
123  121
104  114
100  97
144  122
124  114
111  86
153  123
145  129
126  98
101  122
127  112
123  113
124  101
131  124
181  142
134  118
143  118
142  116
144  134
134  125
133  101
124  121
193  138
157  146
154  114
112  85
173  154
148  96
111  71
137  93
141  103
123  107
99  70
116  94
143  128
138  98
96  93
150  113
170  137
152  96
101  70
151  127
114  89
151  129
178  154
100  92
94  86
