1032
114  141
146  126
147  157
98  142
134  135
117  147
149  150
149  121
126  148
182  149
141  154
151  158
181  137
122  141
143  127
154  138
182  141
95  137
145  132
202  139
181  146
137  154
145  124
149  148
119  146
103  134
195  150
197  139
180  149
101  143
121  144
95  144
208  133
144  137
151  143
139  140
200  141
141  139
149  151
120  138
98  140
159  149
185  147
158  144
165  143
159  150
132  151
129  153
124  154
198  142
133  136
130  131
208  132
140  155
146  163
149  158
160  140
121  135
139  127
168  138
149  137
110  133
161  131
138  140
146  160
114  142
96  134
176  137
157  134
203  140
207  135
207  152
108  138
129  134
116  132
151  147
160  131
140  148
98  144
157  151
199  146
170  144
132  130
89  136
150  162
194  142
157  133
163  150
149  155
127  132
180  141
117  136
156  132
140  147
114  130
99  131
157  137
122  126
127  133
112  151
190  144
119  130
118  147
173  145
133  135
151  142
126  134
148  131
195  140
109  139
154  132
142  138
127  130
131  155
126  131
154  136
124  152
189  143
202  137
176  139
110  148
131  154
140  163
110  137
172  137
174  140
144  161
155  133
100  142
138  139
154  144
130  153
147  164
157  145
195  143
120  146
145  158
144  122
116  148
175  140
185  136
152  143
118  148
142  160
117  134
120  135
174  143
166  138
96  142
110  150
139  133
105  141
171  134
193  147
209  130
115  149
146  156
148  158
152  157
155  137
146  127
115  151
151  135
147  131
165  150
122  150
148  153
205  152
138  163
146  145
182  148
144  131
146  134
135  137
177  143
151  139
199  152
145  136
177  139
206  150
197  151
155  136
151  140
149  128
151  133
122  133
180  144
162  151
204  140
168  134
124  129
118  127
183  138
186  139
155  134
166  136
103  140
126  133
131  128
165  131
121  139
145  147
136  146
166  149
171  146
172  136
150  126
185  141
190  136
112  131
143  148
205  147
178  146
180  138
192  143
147  139
140  159
149  127
189  146
143  163
129  149
112  146
143  144
133  147
155  131
126  126
116  139
143  161
143  156
160  141
144  158
135  143
175  139
124  144
202  141
153  138
165  130
152  127
152  156
148  122
144  151
161  144
134  150
167  140
165  133
166  134
144  126
175  136
107  146
176  144
127  138
122  140
146  136
207  150
148  147
133  133
120  129
117  144
147  149
152  145
197  140
93  140
134  142
117  130
147  151
140  141
170  140
110  132
148  162
144  163
130  142
119  129
186  143
165  134
128  134
128  141
136  150
147  132
119  137
194  145
93  137
119  145
142  150
145  141
142  127
153  133
97  140
192  147
146  125
147  152
206  137
148  141
200  147
163  140
187  146
91  143
176  140
122  146
204  138
198  143
175  141
103  133
114  138
186  138
187  145
116  137
169  145
188  147
119  133
206  147
146  165
132  131
199  153
159  131
129  142
92  144
102  130
148  165
187  143
163  132
193  149
115  143
167  148
116  150
143  128
103  135
119  144
142  140
201  141
114  134
172  131
155  153
143  152
157  136
136  137
185  142
96  145
170  132
101  146
161  152
158  135
162  142
124  141
111  146
199  147
134  152
158  151
171  150
127  131
90  141
128  126
120  126
150  144
117  131
99  146
112  136
154  149
168  129
210  132
206  135
195  151
161  146
109  138
113  129
133  141
111  145
148  164
159  148
175  144
159  132
187  147
128  136
202  134
200  138
127  151
158  149
130  149
163  138
149  136
188  146
108  145
139  148
108  139
198  152
191  136
115  144
202  135
186  148
187  140
174  134
131  150
134  131
198  151
194  139
89  138
106  143
135  146
196  148
151  131
167  134
122  143
128  153
148  148
184  142
150  140
117  137
177  133
207  148
132  147
210  133
144  165
119  138
120  140
171  142
182  146
113  130
97  147
149  124
200  145
142  124
152  142
142  155
179  139
136  141
148  157
123  141
192  146
180  136
115  150
179  142
148  161
147  144
173  140
99  141
146  130
174  131
141  133
123  142
152  152
102  141
116  140
106  139
155  150
180  139
188  142
206  153
158  137
157  149
148  134
117  151
193  140
166  144
124  128
158  152
146  154
141  157
127  145
159  151
128  135
138  132
138  155
134  146
191  137
167  131
172  140
130  143
153  129
114  133
159  130
147  124
206  152
169  149
204  139
124  139
176  149
170  145
182  139
153  150
185  148
163  144
98  139
197  133
184  140
111  142
133  151
156  154
141  155
147  162
146  147
185  144
199  133
154  153
145  129
197  142
170  146
126  135
151  129
121  151
181  135
150  147
134  132
195  135
151  127
187  142
146  150
142  144
150  151
147  166
168  142
133  152
202  133
108  140
141  127
199  141
149  138
172  146
140  161
133  138
183  143
208  154
145  150
112  140
192  141
158  142
158  150
206  136
144  162
123  149
94  137
105  143
159  147
149  133
171  135
113  132
138  150
182  140
201  143
96  146
149  142
174  144
205  130
103  136
205  135
206  154
144  164
155  140
119  136
104  137
123  138
126  143
173  150
153  128
145  125
155  154
192  134
157  138
148  137
154  128
135  148
98  133
136  143
136  153
136  159
151  153
99  144
148  163
128  145
126  129
98  143
164  132
145  151
204  133
148  146
189  141
196  144
167  128
140  151
190  142
189  147
180  146
186  146
173  142
146  143
133  149
139  158
139  152
196  150
181  145
130  133
141  151
188  137
136  147
201  144
142  165
143  140
140  144
194  134
203  138
100  147
207  131
148  138
164  130
108  135
176  150
122  149
169  142
145  156
172  144
198  147
143  131
135  136
145  163
175  132
197  150
203  132
139  165
184  137
107  147
104  136
106  130
123  154
127  137
131  127
163  135
171  132
142  125
202  149
120  145
181  148
102  143
151  141
140  135
174  148
146  124
132  145
174  146
110  135
128  127
145  153
116  133
166  141
161  151
110  144
195  142
115  142
139  147
120  139
134  127
133  148
203  144
157  139
119  128
190  140
100  134
159  133
185  146
193  148
130  145
160  152
142  129
206  134
209  134
118  144
156  135
137  148
194  143
121  137
124  145
142  142
130  134
200  133
113  133
160  135
146  144
154  135
117  135
138  135
120  151
143  155
204  131
140  127
162  145
160  149
134  133
181  147
160  143
198  141
130  128
89  139
171  138
173  132
183  141
141  149
124  149
144  134
169  151
159  140
124  134
159  135
168  139
139  138
94  135
139  143
127  146
177  144
141  153
153  156
201  149
156  138
112  147
152  128
151  137
128  154
150  145
109  151
173  137
115  148
207  153
100  137
204  135
175  143
173  141
182  144
105  146
201  153
128  133
171  149
119  143
194  149
188  149
150  137
169  147
142  139
154  148
124  135
138  156
127  147
133  132
179  134
175  134
173  149
90  136
149  149
94  146
138  146
192  149
121  132
181  142
179  146
133  129
160  134
100  136
152  155
124  151
164  151
139  126
136  158
184  146
181  139
146  128
151  156
139  156
140  136
105  136
153  134
188  136
127  148
172  149
96  133
197  144
203  152
151  132
152  133
203  134
139  161
144  139
128  131
109  131
154  145
150  133
186  140
168  128
146  162
142  157
164  144
111  139
138  137
122  128
137  147
151  152
196  133
143  164
123  153
147  138
149  135
172  133
145  166
139  163
151  159
104  143
143  158
163  142
172  135
189  142
203  143
200  146
96  144
151  155
141  146
195  144
114  151
136  134
102  145
154  133
124  130
170  129
110  140
157  131
169  136
202  142
165  132
205  146
145  134
121  140
191  144
136  136
154  146
200  151
145  131
182  143
103  149
145  162
142  154
193  138
113  134
162  147
120  127
140  132
205  139
145  122
176  141
147  121
113  139
150  128
136  151
124  131
155  149
202  131
143  126
141  166
126  142
149  162
148  154
125  131
167  133
155  155
193  134
156  150
121  136
193  143
157  146
187  148
112  133
125  150
117  139
174  149
127  152
165  142
168  147
143  157
151  149
124  146
207  137
157  150
146  164
196  143
148  136
141  129
125  141
123  148
170  137
190  147
154  147
132  141
141  165
147  147
150  160
157  148
135  150
169  143
159  145
115  152
149  132
119  127
150  153
137  145
169  134
195  134
105  148
180  147
127  129
127  134
150  152
120  141
153  148
133  154
140  131
102  133
171  141
146  122
146  142
178  148
134  136
99  139
197  136
176  145
170  149
141  131
187  139
144  121
180  143
137  134
198  149
141  144
185  137
114  149
134  144
99  149
140  138
143  122
199  135
174  130
177  140
129  127
129  136
116  128
150  154
164  143
117  129
158  148
201  132
134  157
99  140
145  146
130  155
141  162
124  132
192  145
203  137
134  139
123  126
167  150
144  133
116  127
113  150
127  139
138  142
153  151
103  145
153  143
165  136
183  147
152  150
138  133
195  141
177  142
171  133
177  137
147  146
105  137
144  127
127  143
204  154
168  146
105  144
199  148
160  151
97  146
118  136
162  137
123  131
101  140
154  151
148  143
193  136
115  146
178  147
152  159
166  139
156  136
205  153
136  149
177  149
175  148
98  134
146  158
127  140
133  142
142  133
144  154
195  145
207  154
144  155
167  130
150  159
169  150
203  146
126  128
110  147
201  147
168  148
129  140
192  150
201  135
158  147
112  139
119  152
180  148
158  138
135  135
137  137
205  134
148  139
108  146
118  129
122  153
147  130
196  135
139  153
156  149
155  144
207  136
