924
169  105
108  84
103  86
98  101
145  108
125  93
102  109
161  101
94  106
124  118
160  99
169  99
163  103
124  112
153  100
108  96
145  107
100  104
135  104
120  117
88  90
96  87
87  89
187  89
151  88
81  94
143  93
157  103
155  93
116  82
127  101
109  84
122  95
154  90
120  105
111  106
90  106
101  102
87  87
126  94
180  109
127  90
98  98
123  100
81  104
111  105
152  89
143  94
100  100
91  99
149  103
114  102
116  112
77  92
100  84
100  88
138  91
122  86
97  98
117  96
97  102
130  89
86  106
122  98
83  98
174  110
134  99
124  80
136  96
85  91
137  102
177  93
87  103
141  94
158  96
108  104
141  105
140  93
126  116
145  105
121  91
126  98
123  89
92  103
128  101
174  96
97  97
120  106
137  106
87  106
152  103
135  87
72  94
96  98
127  102
126  90
179  92
134  94
143  91
113  110
147  105
177  97
131  95
134  102
123  97
168  105
91  93
90  102
99  96
99  109
126  99
135  90
132  88
135  93
124  108
102  100
95  100
131  109
130  94
176  93
98  107
171  100
94  46
131  91
95  103
182  95
142  100
137  103
111  101
126  84
184  91
130  83
182  108
114  103
181  108
175  94
104  90
131  106
125  111
146  98
183  93
158  98
125  81
131  100
130  114
98  102
132  85
89  106
127  81
130  98
134  87
129  84
148  104
125  82
146  106
125  80
125  103
123  92
153  101
85  104
120  95
86  101
127  84
81  98
159  103
150  105
113  81
121  111
180  98
181  114
138  105
122  99
159  97
124  84
111  82
128  110
134  90
125  77
106  92
120  80
155  104
128  92
119  81
172  107
130  92
174  101
186  88
93  108
128  113
111  109
115  96
144  96
96  108
129  83
70  94
186  92
101  98
88  94
149  88
127  112
98  103
138  88
98  105
123  82
95  106
123  107
110  96
99  104
88  97
133  90
142  91
72  96
127  82
135  102
171  98
121  113
134  96
166  104
134  89
185  113
181  95
132  109
128  99
108  100
116  94
139  90
170  104
91  86
121  93
184  94
124  94
164  102
177  95
180  112
117  113
142  89
117  98
117  106
80  95
175  101
70  95
132  86
140  98
75  99
169  107
121  94
150  97
162  101
129  106
178  106
163  105
102  107
152  98
134  107
122  108
185  89
150  92
95  95
114  84
93  98
87  92
121  106
107  106
115  84
131  85
132  98
146  107
74  101
121  85
108  109
117  81
98  106
170  99
180  108
99  107
94  104
97  94
105  108
128  107
96  88
161  105
99  98
173  97
101  104
149  89
106  102
143  103
70  98
170  100
120  79
102  94
178  108
121  115
175  108
99  105
136  94
132  87
148  99
138  98
89  91
171  102
121  92
109  102
87  99
142  106
114  89
177  105
123  101
120  85
84  101
93  101
127  96
168  103
100  99
135  89
139  101
91  103
149  101
175  109
100  97
179  104
97  106
128  94
121  116
149  104
99  106
101  108
103  98
114  99
93  86
100  92
178  109
91  105
124  106
103  97
94  95
85  87
160  96
83  105
173  109
125  116
88  100
103  106
122  111
142  108
111  107
122  117
98  109
126  83
88  87
181  113
187  91
83  93
126  101
176  108
120  107
183  92
91  88
79  100
149  106
181  110
101  95
140  100
142  99
106  104
105  107
97  109
141  90
106  107
158  99
133  86
143  90
172  108
179  107
174  94
134  100
153  98
87  95
163  98
102  93
106  88
137  100
126  117
136  99
114  108
108  107
173  108
93  96
130  86
91  94
173  106
183  95
121  107
154  96
97  88
149  96
134  97
96  97
112  82
128  85
123  109
182  114
119  92
182  97
100  109
134  110
92  107
123  118
132  90
148  108
130  111
134  88
160  104
142  101
151  103
137  91
162  99
85  96
122  76
100  108
115  85
117  84
133  106
102  85
85  99
174  95
98  89
121  98
170  105
118  118
93  105
150  104
99  110
146  97
168  106
156  95
100  107
171  101
123  115
137  95
120  90
131  92
80  91
136  89
136  91
109  86
155  94
174  100
129  99
121  120
87  96
139  89
93  100
179  99
126  107
172  94
128  84
99  85
165  105
90  108
109  95
181  112
109  97
93  107
121  79
130  102
84  92
145  102
99  100
90  99
120  82
111  86
129  87
181  111
138  96
130  93
182  92
114  95
112  97
183  112
112  105
148  100
161  97
124  119
91  100
113  99
155  98
147  104
102  105
145  89
147  92
71  99
99  86
121  81
122  94
123  113
176  101
127  104
122  87
73  101
153  106
182  111
176  97
133  100
178  102
120  109
115  82
85  102
143  89
101  88
144  97
82  104
123  105
84  87
141  89
78  100
131  96
164  98
133  103
162  102
128  104
126  100
138  87
119  117
75  102
123  78
91  92
141  103
122  78
172  105
108  103
127  100
186  90
116  103
169  106
130  97
112  111
135  103
125  88
95  84
123  94
138  86
178  92
142  90
113  94
79  94
145  94
87  97
180  97
104  83
132  91
121  103
94  105
126  93
92  95
158  97
180  110
142  88
118  90
153  103
134  104
91  95
119  88
152  96
102  96
167  101
135  110
132  101
126  97
178  100
156  92
184  114
99  83
127  87
87  101
120  110
179  106
98  91
140  102
166  105
118  114
149  107
109  93
137  101
165  101
104  106
178  94
150  98
146  104
123  80
181  107
121  109
103  107
140  105
122  113
176  107
167  105
162  98
122  105
145  99
121  82
95  107
140  101
142  103
148  101
136  88
141  102
124  101
145  96
181  92
140  95
184  93
113  85
145  95
108  98
179  96
175  96
94  86
94  100
97  107
132  105
147  102
124  114
169  102
171  96
127  116
106  105
87  105
88  89
143  97
129  88
105  88
137  93
104  101
131  88
84  95
160  100
139  104
130  109
147  101
116  115
146  102
79  97
129  102
82  102
121  99
183  111
86  104
94  94
95  108
106  84
148  96
84  104
149  87
139  102
106  98
111  100
185  91
148  94
89  104
126  113
127  98
81  93
121  77
74  100
77  98
96  93
171  99
122  85
167  102
86  87
136  86
178  97
77  100
138  94
137  107
178  112
123  95
134  106
134  109
179  110
120  99
131  87
139  97
131  97
98  108
102  103
99  101
90  94
133  101
174  105
87  104
140  89
93  102
133  93
116  83
178  111
91  108
97  104
128  86
183  94
122  100
129  96
83  99
105  105
106  95
138  106
187  88
125  99
102  89
119  87
144  101
124  79
147  96
93  103
181  96
130  96
182  91
87  102
179  98
138  90
124  103
105  99
89  94
153  104
144  98
100  101
113  89
145  93
123  93
123  117
86  102
103  109
104  100
107  87
113  101
98  95
118  104
183  90
100  98
97  103
178  107
119  118
86  103
93  95
174  99
145  101
106  96
161  99
105  97
112  85
140  97
114  104
156  102
143  88
125  97
133  97
130  95
176  102
124  78
82  97
118  97
109  104
88  99
99  102
129  95
131  84
77  93
135  94
148  95
132  84
115  81
126  115
155  95
159  104
118  107
107  96
84  102
115  104
108  87
94  107
141  88
119  115
124  90
148  97
94  102
150  106
127  91
130  87
126  79
131  110
166  100
179  108
173  105
153  99
141  92
103  110
180  92
101  106
83  96
128  108
118  100
123  98
107  107
139  93
185  92
140  87
92  106
184  111
166  97
156  104
150  100
122  109
123  121
122  118
108  97
138  99
98  85
163  99
90  87
135  96
176  106
89  101
152  88
139  98
172  95
133  88
118  98
117  89
104  110
89  105
142  94
162  105
103  103
122  112
142  95
111  90
147  88
137  99
126  82
122  115
122  80
132  100
117  115
179  94
183  110
124  96
77  96
124  115
91  106
164  104
79  98
118  109
171  107
78  91
133  107
113  103
138  101
148  90
157  102
84  94
143  98
99  108
110  105
178  93
129  105
103  93
73  100
142  98
136  93
150  95
139  100
96  84
102  84
131  93
177  96
183  113
124  117
182  90
119  89
101  105
84  99
80  97
85  101
95  105
95  102
136  102
94  92
132  103
120  91
101  101
136  87
120  101
128  90
125  91
130  110
128  89
113  112
141  96
147  103
149  97
117  107
80  94
118  110
120  114
122  81
124  77
150  87
120  119
126  103
144  94
147  94
73  99
100  102
168  97
121  95
71  96
133  87
88  102
107  99
134  105
110  109
90  103
123  104
