859
145  132
133  116
119  122
127  124
84  92
93  101
87  103
126  117
127  131
141  120
107  122
177  144
99  86
93  119
121  116
90  106
100  109
132  131
117  134
125  131
136  122
100  118
192  149
131  124
103  118
103  107
86  87
98  101
104  114
108  125
119  130
114  138
87  95
127  130
134  121
166  136
101  122
127  117
105  105
116  132
119  117
97  88
130  121
95  84
118  127
132  130
123  117
140  120
105  116
126  129
91  94
96  87
124  135
97  102
107  117
113  130
128  123
93  105
103  93
104  120
130  123
142  125
122  128
100  101
132  115
92  112
113  103
100  107
92  110
100  127
148  131
122  109
172  140
97  111
104  118
85  99
99  83
123  121
126  115
95  111
122  133
143  126
97  82
139  117
94  120
76  85
102  109
176  144
124  108
90  108
95  103
122  112
108  100
106  139
134  116
91  121
92  119
98  122
105  99
126  124
162  137
103  140
134  132
128  113
94  100
105  129
130  119
85  87
91  106
108  97
99  98
94  118
107  96
129  115
146  124
134  125
144  126
119  136
190  150
98  103
111  106
91  85
110  105
103  103
112  131
98  119
155  131
109  124
142  124
126  107
110  112
113  112
102  107
114  133
97  121
118  110
150  128
124  128
123  104
168  139
103  97
157  133
144  121
132  109
184  146
125  111
113  110
95  83
116  117
124  117
123  131
98  102
100  108
129  127
99  125
118  100
92  103
121  120
90  85
131  119
106  107
104  101
126  134
92  116
120  106
154  135
93  86
121  125
127  123
147  131
149  128
100  112
151  133
127  134
86  81
84  87
111  107
105  113
117  115
139  126
140  117
92  120
109  97
141  122
188  149
186  146
111  117
104  111
91  108
120  129
93  109
152  133
181  146
96  120
101  106
95  122
117  106
99  106
101  101
98  98
87  92
100  122
105  108
112  120
102  96
105  127
102  89
75  87
99  108
105  107
106  122
154  132
102  94
120  105
91  93
157  136
137  124
87  89
151  132
102  130
97  98
94  112
132  123
94  86
145  124
174  140
96  98
96  84
106  105
124  114
100  84
114  118
83  98
121  107
83  93
84  94
93  113
115  118
118  114
130  111
110  132
89  110
103  106
122  124
168  138
142  120
132  125
173  142
92  95
116  115
96  111
188  150
101  124
114  116
91  100
141  127
122  113
187  147
145  129
126  119
149  133
146  128
99  96
114  103
92  114
114  102
171  141
97  118
87  112
130  109
121  103
100  88
96  124
116  127
94  119
97  94
90  102
110  135
122  117
88  94
85  84
93  100
104  116
130  124
134  131
101  115
96  88
94  113
108  126
99  85
100  98
144  133
147  130
94  107
154  133
99  126
87  106
128  131
88  99
90  110
156  132
95  112
99  104
104  110
119  133
124  119
117  131
177  142
126  121
189  150
111  101
128  133
94  102
99  113
87  105
101  104
121  132
89  105
106  88
123  118
143  127
180  144
97  83
107  125
121  122
131  121
146  125
106  130
136  118
98  107
128  134
144  131
134  127
92  111
115  119
123  115
120  109
90  94
140  122
94  124
88  89
107  107
124  130
113  101
120  107
127  112
78  87
102  84
131  128
146  126
91  113
95  119
183  147
95  102
96  93
101  112
97  97
153  133
111  105
108  128
101  125
117  130
143  122
116  120
108  127
94  125
130  120
126  126
103  109
121  124
105  123
90  87
112  97
138  116
114  99
121  109
94  106
112  124
93  108
112  111
88  100
99  101
95  107
126  133
134  118
117  107
130  125
145  131
120  135
104  121
86  101
122  105
103  117
124  129
130  128
97  104
120  119
89  101
105  97
91  82
108  107
142  133
150  126
97  123
113  129
87  109
92  115
107  99
133  119
109  126
130  133
135  124
128  126
102  85
88  110
149  127
151  129
109  95
119  123
121  113
88  90
134  120
89  104
93  96
96  115
159  133
105  111
93  95
143  131
140  131
89  94
95  113
117  122
87  99
97  112
173  140
91  92
100  104
91  103
93  118
83  96
87  97
118  125
125  122
103  125
117  113
126  128
106  114
111  124
96  117
105  112
113  133
126  120
187  148
112  125
93  103
116  137
142  129
113  115
106  121
123  105
130  115
101  114
98  89
119  125
118  126
120  110
101  116
131  117
138  125
120  126
137  122
96  116
115  126
94  94
173  141
87  102
122  126
101  88
155  134
98  109
138  121
130  122
94  123
113  132
124  122
175  141
88  112
122  115
182  146
84  95
119  129
95  120
97  107
125  116
142  127
91  86
88  82
117  136
166  138
107  113
110  133
109  117
97  109
98  85
94  95
136  117
99  116
118  104
89  106
101  123
81  93
156  135
91  83
122  123
160  135
95  105
106  102
113  99
98  95
185  148
157  131
109  121
120  121
119  127
114  121
131  122
128  108
126  131
104  100
155  133
102  105
140  127
103  86
95  106
180  146
125  124
126  116
146  130
114  134
90  99
97  115
101  102
182  144
110  96
102  112
185  146
112  105
108  117
102  125
110  114
130  114
128  127
124  125
107  115
104  122
116  112
96  119
108  135
140  132
87  87
123  109
113  134
106  104
179  146
95  100
149  132
100  99
106  95
116  128
91  99
116  124
124  132
103  98
108  118
131  118
129  120
106  118
99  100
119  115
99  119
90  103
153  134
93  123
105  137
120  101
87  104
179  142
121  135
111  100
103  111
137  121
108  112
119  120
138  122
94  111
121  111
100  117
145  125
92  84
87  111
133  118
90  83
144  127
133  132
133  113
110  119
118  107
111  142
99  110
93  114
100  92
123  126
110  125
181  145
170  140
118  136
129  119
103  113
147  132
143  121
106  98
145  122
101  95
105  88
124  121
88  87
133  122
101  98
122  111
97  106
93  107
107  120
124  118
102  129
109  102
138  132
192  150
146  127
181  147
103  110
91  88
102  111
113  114
109  113
157  134
140  118
121  106
141  131
186  148
136  116
112  133
107  106
109  131
120  114
123  107
141  121
96  108
123  124
123  113
163  135
129  122
150  133
124  120
134  123
151  131
92  118
99  105
135  119
136  119
165  136
91  115
88  114
119  128
90  117
107  121
127  121
174  143
126  125
97  119
118  129
108  109
137  119
158  135
121  123
117  135
101  119
130  131
92  107
96  97
100  102
87  101
110  109
99  107
94  115
171  138
141  118
106  111
88  97
90  116
94  122
98  91
159  135
121  115
120  123
85  96
124  112
85  91
108  103
124  131
126  113
95  95
144  122
93  98
108  116
133  129
105  118
124  134
104  115
98  116
99  102
160  134
122  108
112  114
88  102
143  128
138  118
93  102
107  116
98  118
118  122
101  108
95  108
142  121
98  105
116  103
136  115
100  97
134  119
110  120
115  104
113  139
127  129
92  106
127  132
108  120
81  83
109  104
98  111
116  133
121  136
132  124
122  118
101  105
131  110
128  107
112  113
114  141
188  147
131  127
117  129
87  96
109  120
133  124
98  115
89  83
114  122
141  129
102  100
108  104
106  119
102  93
139  127
97  103
99  109
91  95
113  113
119  118
176  141
104  123
120  117
102  141
111  123
89  91
80  91
100  111
95  115
126  118
118  123
132  117
114  104
115  122
94  105
128  110
84  99
94  116
117  118
124  115
98  113
132  112
104  113
106  92
91  116
127  116
175  140
91  114
104  106
102  103
185  147
137  115
117  137
133  115
108  98
138  117
118  118
100  100
130  110
92  117
163  138
111  109
103  124
104  90
94  114
110  124
131  109
129  117
120  122
94  92
120  127
99  124
91  110
124  106
140  119
98  108
104  129
118  109
105  119
108  96
175  143
125  121
91  105
101  117
98  106
108  111
127  133
108  114
111  127
114  108
177  143
94  104
116  125
147  124
180  143
110  111
151  127
94  84
166  139
114  130
106  96
