1370
112  68
89  56
109  84
94  46
124  108
102  71
157  103
172  107
105  65
129  120
166  115
135  83
129  73
87  57
134  105
130  111
113  89
179  130
100  59
132  81
143  81
128  70
132  90
188  137
153  101
130  96
133  76
109  86
179  113
101  64
111  65
121  79
153  98
171  107
148  110
145  107
92  79
140  101
110  68
89  51
171  110
122  70
135  71
185  121
163  107
127  116
111  106
133  101
101  68
103  49
142  80
126  84
162  96
136  78
128  131
133  73
144  83
135  102
100  60
144  101
150  105
164  107
161  113
102  65
120  82
178  117
133  80
109  53
102  85
135  89
128  94
179  110
170  104
113  62
124  90
139  100
99  78
95  45
134  82
175  108
95  48
140  95
138  82
109  58
112  70
120  140
192  134
106  51
131  106
158  115
144  88
182  118
121  109
162  119
165  115
134  90
122  81
193  124
140  77
131  119
148  96
131  110
141  79
131  77
137  103
85  54
121  107
112  85
173  109
131  85
94  47
135  111
122  105
141  92
127  98
118  107
119  79
129  68
181  111
163  117
145  84
99  71
180  112
112  57
164  115
156  104
193  123
146  86
133  88
142  85
102  50
178  115
91  69
95  72
105  88
151  86
86  55
122  78
172  121
139  140
90  65
162  110
127  96
97  75
185  133
180  117
134  106
123  89
136  76
134  139
143  91
131  121
135  72
162  98
96  73
152  103
166  106
153  99
130  128
120  138
106  56
190  136
143  103
162  99
126  101
170  110
140  97
183  120
109  55
115  81
112  67
120  106
148  95
97  59
127  84
170  111
152  110
91  74
102  76
113  99
153  103
142  101
119  88
129  95
186  114
156  109
93  77
130  87
131  109
134  119
129  81
102  82
134  118
108  96
149  97
118  104
192  123
147  94
110  70
125  81
163  98
126  115
135  75
153  104
135  73
105  58
138  106
106  75
96  65
134  73
83  57
131  122
142  87
98  66
110  66
122  118
134  75
125  97
143  86
172  105
99  65
131  91
90  51
103  63
167  107
153  107
116  112
161  118
182  115
166  104
118  69
162  102
127  138
101  79
130  98
140  114
112  80
112  66
122  86
126  100
148  113
131  79
127  101
125  77
123  101
134  116
121  91
88  48
140  98
143  93
182  126
134  111
139  89
120  85
138  117
151  110
109  71
122  112
121  99
100  53
138  110
152  98
97  82
126  98
174  112
122  115
96  52
95  56
102  48
111  105
118  97
108  65
112  82
133  115
139  80
126  107
173  106
102  84
120  107
101  70
124  112
125  99
164  116
98  55
181  126
146  97
121  140
109  59
148  100
121  139
121  111
103  76
128  110
127  74
183  110
127  140
183  111
175  117
130  119
159  97
175  123
164  110
110  63
178  112
98  63
126  79
123  80
133  93
178  119
105  53
136  88
111  100
121  115
181  127
134  109
152  108
134  83
168  110
106  95
148  86
190  115
181  112
117  96
164  112
161  110
105  60
125  76
141  81
108  100
136  79
131  76
96  80
135  90
117  107
96  75
114  108
127  117
114  84
115  74
117  67
99  77
139  77
125  82
128  108
124  115
162  111
135  103
90  62
96  81
126  134
128  77
127  131
98  85
149  106
136  75
122  140
165  101
114  104
142  112
176  108
136  112
133  90
128  107
162  106
138  76
179  116
111  58
106  53
149  107
178  122
114  76
131  71
119  89
182  130
134  104
125  116
95  60
109  102
110  109
130  89
120  91
94  70
162  105
186  113
108  87
110  96
120  110
122  113
161  105
173  105
147  85
131  93
130  109
164  104
134  89
91  64
127  67
136  74
183  113
133  122
167  111
123  104
116  82
138  77
171  109
146  85
127  72
119  64
137  95
114  89
131  95
124  79
136  86
92  67
142  84
128  90
175  112
120  68
108  104
115  69
172  108
108  55
174  119
132  76
99  83
123  115
145  113
143  98
141  89
168  114
98  48
113  81
95  46
131  84
97  68
156  95
167  101
119  67
127  112
128  78
133  83
134  72
151  112
162  116
139  83
117  66
97  69
111  79
133  106
166  100
147  88
130  71
123  113
135  104
99  70
162  112
116  83
185  113
180  116
124  80
123  98
117  137
101  88
127  121
130  115
128  89
124  139
129  84
136  99
130  77
123  100
138  87
123  109
121  71
159  107
136  116
113  67
104  83
155  111
169  110
121  77
163  95
121  98
128  136
179  117
117  75
120  117
100  55
95  54
134  123
107  96
110  140
167  106
166  108
128  99
122  111
149  85
91  51
135  87
129  117
130  131
136  94
129  83
136  117
148  101
126  82
142  77
121  92
141  90
179  121
150  114
112  105
140  115
105  99
129  119
99  64
124  73
145  94
127  100
151  103
168  113
191  122
97  83
98  58
127  134
112  64
175  109
143  87
159  112
101  81
90  50
132  109
136  115
130  92
133  107
102  70
135  84
138  86
149  89
86  56
104  64
148  108
94  66
175  121
167  105
117  70
92  51
139  79
127  132
133  119
137  119
139  101
140  85
159  94
111  139
91  65
127  75
122  109
130  124
122  80
127  82
168  116
121  72
134  80
125  72
140  87
103  93
107  73
98  46
142  98
140  89
122  95
154  114
118  98
139  90
100  88
119  81
101  53
174  110
117  106
147  101
148  85
160  100
117  113
127  137
95  51
129  115
145  101
136  93
132  101
130  94
97  45
176  106
123  92
171  111
190  121
115  84
181  128
98  62
119  138
115  82
169  102
94  49
92  78
115  70
134  87
155  87
125  103
121  82
102  89
130  93
160  108
106  92
186  119
104  66
111  90
165  109
114  63
123  66
154  96
134  120
127  81
126  94
146  104
107  68
124  106
148  104
139  81
124  84
130  120
139  104
159  114
189  135
143  97
125  91
147  105
144  96
104  78
107  62
145  105
130  86
180  115
140  102
139  98
130  102
93  60
122  65
139  102
149  103
121  94
122  71
121  113
107  87
184  111
131  124
103  57
82  57
139  93
149  88
90  52
148  94
98  79
109  77
134  107
103  67
183  112
122  74
193  140
145  96
141  103
173  113
132  98
125  74
129  69
131  75
150  104
129  102
170  108
117  98
135  119
115  72
133  70
108  70
124  114
178  109
96  78
133  118
99  61
126  83
163  105
124  71
111  107
130  78
109  95
136  118
180  109
146  102
160  104
121  95
127  104
131  117
159  117
168  105
177  122
133  84
126  99
104  90
146  111
116  74
122  100
150  106
138  99
133  124
186  134
132  117
147  96
193  138
128  101
124  77
151  111
118  114
125  88
185  112
82  53
145  89
146  107
143  80
104  58
143  89
116  67
113  103
182  123
112  139
144  111
137  78
126  74
150  98
126  97
172  112
93  69
87  48
142  78
96  79
142  89
112  74
92  47
165  112
178  111
183  133
141  78
122  108
123  118
129  106
128  85
117  81
132  103
108  98
114  102
125  111
135  78
113  101
161  101
139  115
167  115
94  48
168  112
122  85
170  105
189  120
133  77
127  80
176  116
129  127
134  121
131  81
123  105
120  71
138  140
123  107
133  81
132  86
129  78
126  119
106  96
173  110
119  92
127  90
150  97
111  67
142  108
138  94
124  103
153  100
133  100
133  78
100  68
167  102
114  95
108  103
169  113
164  109
146  87
176  123
130  76
123  138
166  111
137  102
105  64
132  84
175  118
96  84
120  99
93  68
134  99
148  99
98  51
160  116
140  78
112  140
170  117
146  98
103  51
84  54
165  108
108  107
141  86
133  103
114  72
163  111
156  108
124  117
191  123
179  128
182  111
132  112
128  71
114  66
191  136
149  109
191  117
155  94
132  125
96  49
158  96
143  79
140  76
117  115
96  56
155  90
116  69
107  59
133  97
141  88
143  110
131  118
115  73
149  101
150  92
152  87
120  80
91  54
124  118
173  115
123  93
129  88
102  93
129  140
128  73
148  97
130  97
128  113
131  78
169  119
138  85
124  96
134  110
142  94
97  58
150  109
135  137
118  80
150  100
137  99
179  122
138  101
109  139
133  138
93  71
124  101
100  79
104  72
157  109
123  78
126  118
187  134
130  79
111  86
92  57
125  93
131  96
130  70
121  116
113  94
142  100
111  55
132  75
132  69
152  88
152  89
116  94
123  95
127  102
134  88
114  70
136  81
145  83
84  56
137  100
168  107
142  99
127  69
161  97
160  99
122  76
99  85
121  66
159  111
130  121
138  118
110  105
93  65
138  90
126  117
153  106
128  80
112  111
115  104
131  74
115  85
89  55
136  102
129  76
129  99
139  76
179  124
100  66
171  114
137  93
121  103
189  122
129  74
141  111
159  103
124  94
134  84
123  117
116  140
116  76
126  113
131  92
141  85
174  115
130  110
138  91
137  115
132  100
113  110
186  135
93  49
140  93
101  75
119  115
117  89
138  88
138  83
135  94
100  46
152  111
136  91
101  46
132  105
157  91
188  133
124  64
174  113
114  99
137  84
105  75
132  88
178  118
152  96
120  114
133  113
138  116
149  111
87  51
169  116
142  103
176  107
93  70
150  113
107  81
118  73
177  118
92  76
161  99
111  71
137  77
164  102
187  133
132  87
178  114
158  98
155  95
105  97
141  102
106  102
120  90
142  106
116  80
94  77
145  81
141  105
142  91
87  54
177  123
165  105
174  105
187  114
137  106
98  81
126  135
111  77
111  60
103  79
132  79
118  90
156  102
128  86
128  104
173  121
127  91
137  107
130  72
111  109
130  114
114  75
138  105
112  97
97  44
127  87
114  138
132  82
109  93
126  120
162  108
117  77
162  117
108  84
142  90
104  49
160  112
158  99
115  96
96  70
163  112
106  88
155  107
194  124
150  87
129  87
158  106
175  116
120  79
161  111
145  93
166  105
168  103
108  62
104  73
155  104
117  139
132  91
102  94
143  82
129  96
168  106
131  127
145  102
162  95
143  90
129  79
143  88
121  93
136  80
175  122
170  112
165  113
95  80
113  139
124  67
101  80
147  104
120  109
135  81
95  83
92  68
159  93
108  97
143  84
139  82
138  112
146  106
177  124
103  86
102  57
103  64
112  59
111  101
99  69
147  87
127  76
122  94
106  68
132  73
106  84
136  89
158  97
100  69
163  103
145  95
125  71
140  79
104  47
141  96
100  78
163  108
127  133
102  60
126  116
155  93
132  74
116  103
169  107
140  105
191  116
118  109
145  99
143  94
127  68
184  133
155  98
93  47
111  82
132  123
169  105
122  75
167  110
169  106
176  115
180  114
101  76
135  77
157  102
109  54
142  95
122  99
105  49
120  105
115  63
138  84
181  130
167  113
119  117
162  115
118  110
105  74
120  101
164  117
119  72
172  118
120  139
137  80
145  108
133  116
121  85
92  53
99  86
178  108
169  111
108  64
140  111
132  115
164  98
109  104
103  50
95  62
107  63
109  72
99  46
116  77
136  87
116  70
180  110
100  84
133  72
128  92
110  58
125  80
131  128
134  96
142  88
147  102
117  63
102  79
144  94
181  124
105  66
175  114
128  84
93  61
121  69
85  51
138  81
123  72
86  53
89  57
120  78
120  95
106  63
139  117
136  82
147  103
138  75
143  83
178  116
163  99
148  90
95  69
90  71
117  84
150  95
129  80
159  104
123  82
136  96
131  97
142  79
149  104
128  133
138  98
134  100
141  94
134  97
131  88
123  94
164  106
118  100
107  99
139  97
97  81
160  96
130  83
127  139
124  70
190  134
122  98
126  93
129  82
129  77
138  79
163  118
135  93
191  137
120  75
97  53
149  87
186  112
173  108
101  47
113  78
109  65
107  49
129  105
97  73
124  120
146  83
130  125
130  95
186  120
189  121
173  112
99  81
88  50
181  131
99  50
179  119
133  86
109  97
133  74
188  136
140  100
156  114
137  101
180  129
122  117
128  76
162  101
131  87
95  59
100  81
137  83
106  98
100  48
122  87
102  66
121  81
138  96
136  119
127  79
105  81
147  113
137  91
135  96
144  97
160  109
181  123
91  48
149  108
107  75
151  88
144  98
132  124
121  106
113  85
139  84
97  65
175  111
113  112
99  48
131  100
133  87
155  88
154  90
179  129
124  119
156  92
164  111
134  94
134  102
149  96
147  92
116  139
104  71
138  139
135  110
114  103
91  50
134  71
124  78
167  119
119  87
123  97
95  49
181  110
115  77
126  103
144  82
132  85
126  90
