1148
158  123
144  122
148  110
152  108
140  115
117  129
126  99
105  119
98  111
152  128
126  126
145  107
120  90
146  115
151  135
140  117
126  93
167  111
96  98
126  121
124  94
100  122
115  126
155  118
138  133
160  135
122  118
137  99
136  117
113  94
114  116
172  121
127  131
131  128
108  114
143  128
121  124
95  105
115  104
178  115
143  131
159  111
112  97
129  117
138  116
122  94
109  84
93  98
123  97
150  109
121  125
128  133
111  100
92  103
146  124
157  134
126  134
149  132
195  119
113  85
155  126
142  112
124  115
134  110
124  128
133  118
116  117
120  141
104  123
124  108
132  100
94  111
120  123
93  114
100  101
107  81
109  117
148  113
111  107
125  97
149  111
142  140
95  106
103  117
137  100
130  128
98  102
159  132
119  127
102  109
83  79
141  133
104  114
122  113
120  110
104  110
126  128
123  109
164  121
151  133
124  96
129  140
151  120
167  113
117  96
146  128
150  113
95  95
163  112
188  117
105  107
116  124
101  104
149  124
144  117
107  87
99  96
122  141
130  133
124  131
150  128
165  112
99  85
142  108
105  81
124  118
137  103
126  125
121  132
117  115
162  121
107  106
99  107
136  99
121  93
125  122
99  102
97  111
139  115
100  118
116  112
101  143
101  102
122  105
116  132
122  117
153  128
165  113
163  138
105  113
129  127
136  115
159  133
122  95
127  130
114  99
111  124
139  148
171  114
98  91
113  115
101  81
85  81
144  139
93  107
97  81
128  108
161  110
91  86
152  117
151  132
175  114
157  131
119  120
99  110
151  123
145  134
99  98
137  166
127  100
155  120
97  104
135  119
145  136
140  111
119  118
131  121
149  133
151  111
130  115
146  107
126  131
106  107
123  105
131  124
133  101
176  116
151  119
137  124
94  116
108  84
95  103
127  132
134  104
137  168
94  106
94  86
110  111
99  78
127  116
102  145
134  105
123  121
124  122
130  131
101  98
92  114
115  143
91  83
131  106
140  102
127  124
127  102
103  109
109  97
108  120
132  109
94  84
105  112
115  142
140  118
100  100
90  83
166  111
141  139
184  115
180  115
107  122
102  107
126  94
201  120
98  115
135  124
157  137
135  102
193  120
134  157
96  93
116  127
175  116
122  100
154  128
134  165
125  124
150  120
139  152
144  127
94  113
105  123
124  106
160  123
131  110
102  111
96  115
151  110
130  111
106  143
103  124
150  126
156  114
123  94
140  120
108  125
186  120
149  108
109  104
134  121
94  102
108  117
97  119
162  116
119  122
132  105
96  79
142  103
130  122
92  107
160  112
114  108
133  136
136  151
163  121
142  129
144  134
158  121
146  120
94  114
121  107
108  126
147  130
98  85
151  129
170  117
134  166
134  99
120  122
145  105
140  114
112  124
111  109
164  116
102  94
120  129
110  144
150  118
123  115
135  111
150  114
129  102
126  117
163  117
93  96
124  121
100  147
94  104
100  104
98  95
131  109
98  103
136  122
95  115
142  142
99  101
132  131
120  101
134  116
114  122
140  148
97  97
114  130
127  121
93  103
97  107
131  100
111  90
120  114
96  116
99  105
132  125
110  96
144  126
138  163
93  105
100  109
150  117
164  115
107  99
105  116
133  163
124  130
111  142
185  121
175  117
108  127
145  132
129  115
128  134
178  117
115  85
125  99
97  103
129  95
108  100
107  125
109  86
106  114
121  98
111  127
123  131
96  87
114  89
108  96
153  129
155  137
109  93
168  116
127  98
109  113
128  127
128  101
138  166
197  120
143  110
109  121
104  100
134  97
198  119
153  133
141  120
145  125
122  98
167  140
145  131
95  100
106  121
113  112
126  107
105  99
144  111
113  103
128  110
93  109
112  85
148  131
132  101
96  81
201  122
121  103
137  122
148  122
106  95
161  121
119  88
109  124
149  109
155  136
112  120
155  134
122  112
134  107
134  102
145  124
134  106
194  120
143  126
177  118
168  113
95  111
140  127
127  96
111  105
108  104
133  119
179  117
131  119
138  105
149  135
118  110
127  129
128  107
105  146
107  116
120  117
168  112
122  115
153  123
146  130
111  106
106  105
107  120
97  94
101  119
138  132
117  118
173  115
158  135
121  122
103  110
135  168
136  158
161  118
123  113
109  102
130  120
102  105
121  123
137  154
122  128
113  113
95  107
142  139
124  120
163  120
142  116
137  115
180  117
133  97
126  101
92  112
114  121
190  121
97  98
123  100
101  122
83  78
154  136
135  104
111  86
154  122
116  125
104  90
137  101
114  141
117  130
99  113
109  120
163  140
127  133
169  113
112  111
149  128
97  102
144  118
167  115
162  123
108  107
104  121
117  98
164  117
119  129
98  108
106  84
118  104
131  96
123  98
141  103
130  125
118  122
141  102
166  115
158  138
110  124
196  120
88  82
118  129
165  115
191  118
152  110
180  116
101  146
157  109
103  111
112  114
161  111
138  99
128  131
126  97
106  119
116  103
165  123
96  108
95  112
104  83
96  119
164  112
175  121
97  88
133  113
91  82
117  122
134  123
95  83
146  111
102  82
128  104
94  112
129  134
174  119
118  123
130  119
135  103
114  103
102  100
102  79
132  103
122  124
133  115
92  84
128  141
193  119
118  109
120  121
129  122
149  127
141  144
99  119
153  134
98  106
120  127
139  127
119  115
93  108
192  118
138  118
107  113
141  131
120  109
118  126
99  81
124  114
119  125
153  107
120  119
100  117
141  118
176  115
97  106
106  96
121  113
124  119
128  123
129  136
94  105
120  107
187  122
115  119
140  147
178  119
132  112
116  120
87  80
98  119
100  79
121  111
149  117
82  78
145  129
148  108
140  122
122  123
152  127
108  112
108  87
145  108
135  110
126  113
129  105
125  116
92  95
125  131
113  101
160  134
127  101
105  105
101  101
124  101
142  117
102  143
164  111
141  121
122  126
94  107
147  132
98  118
144  137
118  100
108  118
97  115
103  113
162  111
101  114
101  79
111  101
149  107
104  120
147  119
103  86
106  98
189  119
95  84
102  93
143  121
104  118
138  106
154  133
105  108
121  140
117  106
107  117
133  122
123  124
155  111
84  80
123  118
143  122
121  94
110  105
126  98
127  134
131  118
115  122
107  96
118  127
148  115
127  117
129  96
100  99
120  105
142  138
138  150
138  125
100  78
99  109
136  118
153  122
121  115
148  117
101  123
124  103
143  140
123  117
128  126
130  124
108  116
192  120
135  166
178  118
143  118
110  114
141  122
127  139
99  83
189  120
104  115
100  111
127  140
101  88
95  108
122  133
138  117
110  125
134  133
101  80
106  104
92  79
130  134
156  108
149  118
95  113
103  106
126  103
100  81
172  118
163  118
148  134
191  117
152  123
136  119
151  112
189  118
125  111
158  137
121  116
101  105
156  132
124  141
190  118
138  101
132  123
105  111
96  111
142  121
121  91
166  139
104  116
127  123
119  92
118  114
120  106
155  121
101  115
111  123
136  112
162  117
101  108
126  119
132  161
140  100
133  138
141  129
96  80
101  106
151  127
124  112
121  99
195  122
146  122
122  99
98  98
111  117
110  119
144  133
156  109
114  118
134  119
117  131
124  117
118  118
136  163
98  89
162  115
189  122
157  125
107  107
163  111
124  125
191  121
182  115
175  118
154  135
111  82
113  99
100  107
113  130
136  116
121  109
103  98
104  111
118  90
103  107
120  95
123  93
196  118
179  116
152  111
127  104
132  160
144  131
92  110
135  161
122  108
101  117
105  144
131  122
133  106
91  85
98  109
103  97
96  84
103  145
155  131
130  97
126  133
130  102
126  124
138  112
106  118
112  113
132  115
156  136
169  119
193  121
191  122
93  100
125  103
156  135
114  104
110  120
115  96
143  127
126  115
139  117
133  132
96  88
147  124
138  121
183  120
140  119
141  127
139  133
118  125
156  119
127  112
106  111
133  107
103  93
146  127
114  102
122  109
140  144
98  116
158  115
124  134
145  122
134  125
89  83
196  122
105  97
138  110
150  116
133  135
138  122
132  117
122  140
133  133
123  126
93  101
131  97
155  117
130  95
200  120
192  121
105  143
97  118
154  114
139  147
133  103
152  126
92  78
105  118
96  97
130  114
137  102
86  81
157  133
123  101
136  159
109  95
123  104
140  105
104  101
139  100
100  97
97  82
145  113
139  104
146  126
142  127
137  107
108  98
149  136
182  118
137  106
134  132
137  121
123  95
123  107
114  142
135  162
130  110
110  109
134  109
120  126
92  111
159  131
116  115
144  121
142  120
115  118
101  112
94  100
151  131
122  111
126  118
97  83
135  165
107  115
93  86
140  101
121  106
101  95
159  114
139  102
134  120
113  129
169  116
123  92
101  116
133  129
94  95
94  115
126  120
97  112
189  121
129  106
147  114
141  105
189  116
126  129
128  113
159  112
147  115
113  89
131  127
131  117
161  122
160  116
130  96
117  107
116  94
140  131
108  103
94  94
174  115
108  97
167  119
124  129
161  113
113  114
120  99
136  153
108  109
139  126
155  133
178  116
96  117
124  132
134  131
130  98
138  165
98  81
162  119
134  127
166  138
142  106
133  100
119  123
100  112
100  102
146  125
99  86
98  79
108  111
98  105
102  96
98  113
117  113
104  106
128  94
168  114
132  163
142  125
132  98
110  112
134  100
102  89
173  121
128  99
134  118
119  89
147  121
95  102
125  93
113  110
116  128
119  128
131  95
92  106
126  116
147  113
102  103
99  106
160  109
118  107
121  95
112  105
121  92
99  116
186  119
102  84
126  100
104  113
105  88
93  113
106  88
132  124
95  119
140  132
103  103
99  146
97  109
179  119
118  97
99  108
118  98
162  112
201  123
134  164
119  117
137  119
100  92
129  120
136  102
93  95
90  79
154  132
121  120
100  108
187  116
102  112
99  104
130  121
117  89
139  101
104  143
98  107
132  130
104  122
106  102
100  84
147  131
142  124
103  79
94  92
125  121
119  130
109  126
129  119
133  124
120  140
146  106
106  122
95  80
159  135
103  118
152  133
93  102
100  98
146  134
107  121
162  137
159  117
99  100
120  91
125  141
96  78
130  109
149  121
165  120
119  133
98  101
143  103
141  111
123  141
100  88
134  111
133  116
150  133
157  136
102  85
130  123
174  113
162  110
142  133
129  99
106  92
112  125
114  95
