896
98  91
110  114
147  119
127  132
117  115
124  119
119  133
101  124
159  114
126  101
146  115
95  111
179  116
116  117
137  121
128  126
108  104
135  103
101  101
85  96
133  138
136  115
118  125
154  114
196  118
96  87
149  111
117  106
153  122
132  112
120  105
97  112
111  106
164  125
152  123
96  108
111  105
124  120
169  116
113  114
130  119
154  128
122  115
158  115
132  130
118  122
133  122
93  95
194  120
133  106
103  97
126  107
119  161
153  129
155  111
102  94
126  119
119  127
124  134
121  125
134  123
124  103
120  162
123  109
114  122
120  121
121  122
107  99
138  125
101  104
145  108
124  154
132  103
140  127
112  111
131  154
129  160
151  119
130  110
146  127
97  111
137  119
178  116
127  123
133  129
130  122
147  113
122  111
99  86
115  104
121  106
97  88
112  97
113  110
119  117
106  105
102  100
117  129
142  112
108  126
139  115
133  115
150  117
101  108
134  119
183  120
132  145
158  121
109  126
119  123
130  133
120  107
135  110
191  121
137  115
97  103
121  124
140  114
109  104
141  120
130  102
163  117
107  96
112  105
155  120
176  116
117  130
91  93
178  122
97  97
128  161
161  113
147  124
179  121
126  126
154  122
185  121
180  116
136  122
165  115
200  120
100  117
90  94
131  119
152  110
107  106
110  119
108  111
106  95
138  133
126  121
131  150
99  107
128  108
149  127
126  117
124  149
130  111
126  129
149  118
139  133
95  95
123  124
103  106
126  131
108  114
110  125
118  107
100  104
142  116
171  114
122  108
148  122
91  95
113  132
174  115
143  118
131  106
147  131
140  131
99  102
175  123
189  122
167  115
126  148
128  113
164  117
187  122
143  122
106  88
102  85
138  106
126  135
96  98
110  112
124  130
107  113
99  110
111  124
143  127
143  110
125  116
124  131
106  111
166  123
99  98
104  123
107  87
128  123
162  115
126  143
151  111
133  113
129  106
120  122
160  116
94  92
126  113
200  118
112  113
167  113
104  120
145  132
180  114
169  119
109  117
128  107
159  125
114  104
159  112
145  124
87  95
107  107
109  102
107  115
124  125
192  120
145  131
141  127
103  107
119  128
123  121
131  118
113  113
101  112
192  121
120  123
182  118
108  120
106  92
113  99
134  107
109  121
140  117
129  105
118  109
156  114
132  147
150  114
133  107
109  113
136  119
123  107
114  103
113  129
98  118
97  109
104  116
98  119
101  116
129  127
155  118
125  122
101  115
163  121
99  104
133  148
120  110
143  126
103  117
96  117
106  102
147  115
175  116
138  110
190  121
99  100
126  165
125  155
159  127
149  121
168  116
122  118
102  89
146  128
102  111
120  114
147  130
98  107
140  122
105  113
95  103
124  151
118  110
131  158
130  134
118  114
130  109
127  130
161  122
116  112
108  127
93  98
138  116
141  131
138  122
138  117
103  125
128  133
141  118
98  89
109  93
98  106
150  118
126  124
181  114
139  126
122  162
131  124
104  121
105  112
172  118
180  115
103  109
108  109
134  105
130  155
145  125
102  96
131  121
127  133
93  96
105  108
134  106
109  86
127  139
102  125
125  124
197  120
98  101
105  99
101  102
96  93
116  125
95  113
111  109
123  158
118  100
141  122
123  100
118  104
124  135
121  109
103  124
124  132
120  119
115  126
126  103
104  100
97  106
116  127
95  107
116  128
108  98
114  116
103  118
189  119
127  101
135  124
135  104
97  94
116  133
120  117
111  90
132  123
107  120
134  131
144  118
121  99
108  128
179  117
152  117
161  118
105  97
105  111
132  117
130  123
127  134
122  133
98  115
98  102
178  119
101  123
151  123
172  121
111  127
111  123
98  98
96  88
88  97
130  121
178  117
142  125
138  121
129  159
99  101
126  125
99  116
95  105
133  141
111  117
115  118
131  122
114  121
136  116
137  124
162  123
92  95
196  120
96  97
192  118
126  118
83  98
129  122
108  117
112  114
102  103
104  114
116  132
123  105
141  129
82  97
114  108
104  113
144  122
101  95
124  115
150  120
127  116
106  119
126  120
127  121
167  119
151  110
100  97
139  127
134  104
153  128
121  107
163  126
99  109
136  118
113  101
109  120
165  120
121  103
122  112
95  102
97  115
106  114
130  114
121  132
108  112
124  106
130  115
100  118
104  115
133  103
103  113
193  119
165  124
105  105
153  123
117  98
106  104
160  123
168  124
152  111
143  131
134  133
119  115
175  122
144  131
105  88
151  127
89  94
158  123
100  109
107  117
100  108
150  128
151  120
108  100
124  121
151  129
97  118
121  115
141  111
122  113
122  117
142  124
108  87
166  115
173  122
131  127
123  118
108  116
116  103
150  113
100  112
98  116
107  121
87  97
100  92
163  124
175  114
148  115
103  111
126  133
91  94
157  125
127  143
99  106
98  113
106  96
142  129
123  113
145  129
151  112
95  108
127  112
178  115
110  120
98  108
118  126
172  122
117  131
129  102
116  124
138  118
97  119
120  129
191  118
146  124
99  105
98  111
123  156
91  92
120  109
131  128
162  117
134  111
132  124
134  109
128  131
97  98
147  114
176  115
124  128
134  116
134  110
140  120
123  104
110  109
132  105
152  126
164  115
122  109
121  123
189  120
133  133
96  115
121  160
179  122
145  122
143  121
94  95
119  125
122  126
102  112
123  115
132  109
129  117
130  120
149  117
133  132
155  121
123  157
136  117
165  113
103  93
119  120
146  126
100  88
98  109
126  134
128  134
152  128
140  115
174  119
120  99
166  124
124  118
142  108
193  120
101  119
193  121
115  119
190  118
112  124
127  145
134  127
168  114
164  121
136  112
142  117
101  98
95  106
125  121
110  96
112  120
146  130
110  124
118  129
135  119
123  126
133  147
148  117
101  106
137  122
98  95
144  111
141  121
186  119
189  121
134  121
105  118
116  163
127  117
102  84
127  124
97  104
109  95
104  90
134  118
110  111
114  118
109  97
124  129
117  118
108  125
99  119
148  110
170  117
104  111
134  132
108  97
123  117
109  124
125  103
97  107
102  107
159  117
105  116
127  104
110  105
127  164
124  122
134  125
163  118
178  114
112  125
123  131
104  122
162  126
118  118
117  122
128  127
143  128
165  123
132  125
146  122
161  121
127  131
99  113
145  113
100  122
120  127
162  112
104  106
127  138
124  108
103  98
127  102
105  127
122  100
125  166
114  102
104  110
116  115
144  126
162  116
96  111
142  121
113  115
156  119
132  141
141  133
134  120
133  119
126  116
115  122
101  88
163  120
177  118
107  122
147  121
105  119
121  111
125  150
138  105
97  102
144  117
129  119
117  113
140  118
128  101
198  119
146  125
100  100
102  93
162  119
140  111
176  123
113  164
108  103
87  96
99  85
128  163
139  117
120  126
108  107
182  114
121  116
106  121
104  101
119  130
135  111
131  117
100  98
122  161
138  112
120  101
127  140
100  107
98  85
149  128
164  116
106  98
132  115
119  122
178  118
113  103
149  124
119  118
103  103
131  155
144  127
133  142
128  104
128  110
175  121
99  108
98  105
127  129
111  101
100  111
129  115
173  113
121  113
95  112
137  107
105  107
103  86
122  124
95  100
131  110
155  126
129  120
173  121
108  96
160  112
102  105
94  94
104  118
121  120
174  113
106  118
108  118
146  111
186  120
118  123
130  125
150  126
189  118
124  117
112  131
168  113
114  130
138  132
101  122
106  107
96  116
150  116
99  96
124  101
83  96
162  121
113  112
120  106
107  125
119  129
173  115
111  107
114  99
175  117
195  119
122  128
130  124
100  101
102  109
124  152
118  127
100  99
137  106
101  117
107  116
116  120
126  128
124  157
152  127
175  118
140  132
131  109
115  164
120  161
123  101
148  113
132  131
101  105
122  105
133  116
98  103
100  84
101  114
105  123
169  113
179  119
142  120
177  122
100  102
140  119
155  117
126  142
117  107
130  128
130  131
122  123
124  112
180  117
124  114
144  121
103  110
125  131
142  133
128  141
113  130
133  124
133  118
106  122
125  111
111  100
126  115
129  134
142  127
146  120
