970
142  116
141  96
176  102
118  107
160  100
126  113
145  95
142  108
131  110
178  106
135  102
166  149
161  111
129  156
176  97
173  153
176  101
142  101
173  152
168  107
106  95
171  109
113  103
188  106
128  104
123  104
189  112
133  115
98  91
181  101
130  96
142  125
106  96
171  126
169  150
164  151
135  94
151  119
185  113
134  111
155  98
139  147
137  119
149  97
118  98
156  119
123  105
118  97
167  119
147  105
178  111
149  133
123  101
119  92
155  120
141  149
140  144
159  104
127  155
142  98
150  126
137  122
178  97
124  106
114  95
150  106
178  116
185  97
132  100
149  136
108  97
129  99
158  106
149  124
121  98
90  83
183  96
177  118
163  118
169  125
105  88
145  108
139  115
152  111
122  95
156  102
140  122
129  106
163  120
130  97
144  101
148  117
92  84
114  103
178  112
147  104
141  103
122  105
150  118
131  154
130  98
175  153
89  91
176  151
136  151
108  96
179  99
89  83
187  105
147  121
179  142
80  91
158  121
129  96
165  112
126  107
134  94
186  94
187  114
158  96
184  109
175  143
128  99
171  114
159  111
180  112
166  100
162  101
174  119
164  117
121  91
175  108
175  117
149  121
117  106
136  119
172  133
147  115
180  116
120  106
168  113
164  104
144  118
162  117
150  116
139  97
96  88
138  101
190  90
106  88
124  103
150  104
166  123
185  93
132  117
181  112
146  126
155  107
172  149
136  102
141  118
172  131
176  107
141  121
91  93
134  104
126  94
120  110
126  103
180  117
149  135
148  104
150  120
87  92
180  101
168  116
140  115
160  99
143  140
133  152
190  87
178  109
109  93
152  98
116  103
128  101
139  101
145  107
154  96
137  115
136  122
153  107
148  122
166  111
165  108
131  100
179  117
163  108
133  119
149  101
103  86
121  92
175  101
133  113
170  149
123  107
168  110
174  110
91  85
129  95
166  106
190  108
163  107
140  97
88  87
178  102
97  94
182  104
159  125
151  123
126  99
126  156
171  111
138  121
171  149
132  105
132  98
174  99
173  105
176  145
135  150
175  116
143  110
160  112
175  148
114  102
167  113
189  108
132  109
173  110
134  109
167  107
150  128
121  103
149  109
178  107
179  107
187  89
146  102
182  111
124  108
88  82
149  108
146  122
163  121
178  108
134  100
162  102
183  100
174  146
150  109
157  109
136  149
167  110
162  121
178  148
89  94
128  113
122  99
167  101
142  140
159  112
146  98
179  98
147  132
134  152
153  100
187  110
122  109
131  96
138  106
144  126
177  105
142  103
103  93
123  97
181  108
186  113
102  93
87  89
165  150
138  94
104  90
122  113
183  94
134  116
117  96
166  105
128  94
184  110
189  96
169  113
185  91
130  94
123  98
126  97
140  114
135  111
184  91
100  92
152  117
164  112
91  86
185  94
142  142
161  97
167  150
138  117
154  114
175  140
124  112
162  116
191  107
175  139
90  94
147  101
139  102
161  118
129  117
176  140
159  117
162  112
167  105
162  99
134  96
160  104
102  96
184  98
183  93
137  100
190  88
175  109
184  102
183  110
125  97
186  97
153  106
166  104
121  106
138  118
148  134
180  110
121  94
98  95
127  104
163  117
130  119
91  88
151  127
145  101
169  119
175  144
173  108
133  154
136  96
148  99
147  131
175  114
142  99
165  101
144  94
163  99
181  96
111  100
146  107
179  104
138  110
172  135
142  95
141  122
150  97
186  112
176  149
144  97
173  132
189  111
137  99
125  116
165  109
170  104
164  110
149  96
143  122
113  99
184  93
171  132
173  115
140  101
181  105
164  109
188  94
177  143
146  106
153  122
149  104
165  120
176  150
159  114
145  96
100  84
132  101
140  95
133  107
130  111
120  95
147  114
176  108
176  115
152  96
105  97
177  96
187  111
132  115
160  108
156  104
184  105
165  105
183  112
175  118
142  117
147  130
173  137
159  103
169  149
140  98
186  110
149  118
184  111
106  98
169  116
148  101
146  120
171  101
134  119
153  98
127  117
138  99
135  104
141  111
126  93
181  107
171  100
126  100
187  91
171  99
115  104
188  95
138  98
169  105
145  113
101  88
165  113
169  111
163  98
155  117
154  122
181  114
180  115
77  93
148  131
178  118
144  98
175  111
129  153
175  152
146  115
125  111
138  116
150  117
168  124
134  99
155  104
172  105
180  98
148  115
131  95
143  118
170  100
173  109
95  83
129  115
162  105
96  87
131  109
182  107
170  99
87  87
172  155
156  114
123  93
165  123
121  111
141  102
187  88
99  86
159  97
94  84
188  98
168  106
167  111
161  113
188  89
150  95
147  96
146  97
164  102
156  95
91  92
153  103
150  100
131  97
163  112
159  107
137  121
146  125
162  115
127  98
181  110
107  99
145  105
174  105
102  89
126  115
152  108
162  111
135  119
120  105
184  115
145  124
180  114
168  105
171  150
137  101
155  94
184  103
158  115
164  111
188  90
186  96
107  96
179  110
93  86
123  100
129  105
136  115
162  108
110  96
167  106
114  89
169  107
120  91
161  121
171  107
147  94
90  85
134  102
147  119
133  103
153  99
118  90
149  103
139  117
171  127
138  112
161  105
187  109
102  94
150  113
186  107
136  147
127  100
170  108
126  116
141  144
170  111
170  105
140  102
185  98
135  110
122  108
180  97
188  105
145  102
153  101
186  108
148  136
97  83
183  101
151  120
182  98
121  109
172  154
123  95
183  98
148  138
121  107
131  118
178  117
153  123
182  114
148  96
103  97
190  106
174  134
171  110
163  150
163  105
148  95
129  102
88  90
95  95
166  115
120  109
151  103
145  125
136  150
162  110
138  96
156  109
130  102
182  108
145  129
143  126
160  96
140  117
174  143
149  132
134  97
183  92
111  90
130  114
100  88
165  115
148  113
161  122
118  104
174  112
98  89
133  100
136  99
130  95
175  141
176  141
128  107
133  106
186  114
156  108
184  114
142  100
161  110
162  123
140  100
137  148
127  116
131  117
76  91
146  124
142  112
85  91
186  105
161  101
182  103
148  108
136  94
185  112
190  109
164  107
128  108
150  114
150  105
109  95
173  113
171  154
142  106
189  93
130  115
112  97
134  118
77  92
130  110
170  112
138  150
135  96
150  98
189  87
141  120
175  151
142  120
187  95
162  119
187  94
146  111
116  94
148  100
155  121
183  104
121  95
190  107
122  112
174  140
152  123
78  91
99  96
121  99
125  156
149  138
185  103
172  107
94  94
174  101
101  95
157  125
123  94
189  107
128  153
127  112
138  146
162  106
134  121
170  110
146  128
151  111
188  97
183  106
143  97
137  147
174  113
97  82
138  122
133  151
182  97
167  102
108  100
140  111
91  82
175  112
146  136
84  87
169  102
155  118
160  123
143  121
149  127
181  111
179  96
168  103
182  105
145  122
108  87
183  113
149  137
143  98
124  114
148  137
113  89
179  113
125  99
135  103
146  104
148  110
185  106
144  96
148  94
128  110
95  84
164  121
108  98
145  99
158  123
139  100
174  144
136  117
144  121
91  83
163  111
161  99
123  92
113  94
180  108
172  108
137  102
157  103
160  116
122  100
134  110
106  92
164  116
125  103
166  108
140  120
190  94
144  111
131  106
134  150
157  102
177  149
147  113
180  109
149  106
137  103
147  103
140  105
158  98
153  104
137  107
151  112
133  97
134  120
178  114
120  101
174  115
169  106
125  93
128  154
126  98
172  112
121  93
176  116
117  107
140  119
142  94
124  101
132  151
177  144
111  101
173  106
149  117
178  146
152  103
86  87
185  92
102  85
155  111
115  96
96  84
143  94
127  96
183  95
178  147
176  144
133  116
125  155
147  124
124  115
172  118
133  101
172  153
164  98
190  95
98  85
136  112
164  115
145  94
181  113
99  85
114  104
133  118
120  107
132  103
177  97
148  97
127  152
114  99
107  87
130  109
158  97
144  122
140  118
185  108
136  118
94  92
160  109
181  95
162  98
127  102
149  111
144  127
90  87
163  103
158  99
113  101
142  121
124  96
170  117
130  153
170  129
169  99
162  96
122  98
171  102
123  113
137  106
151  110
155  95
180  104
122  94
152  126
144  117
138  105
143  103
167  115
142  124
94  86
85  87
84  92
134  105
173  112
186  90
127  101
179  116
169  110
164  106
137  95
134  106
123  109
141  105
179  108
149  128
117  98
132  112
122  111
97  88
118  100
182  95
136  116
186  100
91  94
176  106
182  115
168  114
183  111
144  139
139  104
179  106
147  138
109  97
131  119
147  102
186  92
152  110
168  112
88  89
146  130
149  107
126  101
140  151
146  127
141  94
173  154
181  100
124  94
178  115
174  100
96  93
178  100
184  94
170  127
120  99
134  107
139  98
