1130
113  114
158  142
98  81
123  164
151  140
108  70
109  102
102  89
133  119
128  107
141  96
122  124
130  119
155  107
120  110
143  90
121  167
134  104
123  115
122  118
134  107
99  78
118  90
141  102
132  112
144  121
119  122
127  164
100  66
120  105
131  119
116  74
124  106
138  91
118  166
115  118
157  131
114  72
143  89
105  81
104  90
133  106
125  82
154  122
130  86
143  91
118  97
122  74
132  82
137  91
138  155
161  128
147  103
119  89
132  105
126  126
113  101
127  91
136  118
122  99
122  105
111  67
159  131
107  99
120  99
135  94
145  96
145  124
128  126
122  80
117  75
132  98
147  130
121  92
133  84
142  108
103  86
126  97
114  104
142  89
132  124
132  86
155  131
131  118
138  122
148  95
141  121
108  65
149  109
103  93
125  81
146  111
142  88
132  141
130  102
159  140
112  74
127  104
111  71
145  132
126  162
126  84
118  107
123  158
99  86
143  122
108  97
136  87
122  100
125  166
126  165
134  123
128  99
129  119
120  101
127  123
101  81
122  78
159  130
152  123
122  109
125  88
128  161
132  91
131  121
142  98
99  81
140  98
126  157
103  63
134  109
125  164
149  111
128  101
152  128
129  83
131  100
150  133
160  135
102  71
135  135
138  135
135  111
138  87
136  94
153  129
126  103
118  118
126  125
148  110
131  88
95  59
145  101
130  120
124  114
139  156
134  119
156  135
139  147
150  106
123  104
152  108
113  113
163  138
133  103
114  102
139  104
121  125
124  122
123  82
113  78
116  112
151  137
121  93
117  165
139  102
129  115
95  56
106  84
130  124
108  100
125  93
119  125
132  123
142  120
136  119
127  96
140  135
105  65
116  94
152  126
120  122
129  88
159  133
150  137
144  117
136  115
104  83
113  103
126  98
150  104
147  113
127  98
135  83
119  92
98  66
100  60
133  100
144  118
101  88
141  92
124  77
131  92
124  90
121  81
128  157
138  106
146  130
144  96
122  86
127  129
89  55
154  133
107  68
138  112
138  150
118  110
123  94
138  90
116  69
114  116
148  108
129  87
127  80
124  130
162  137
146  136
109  71
121  85
124  128
110  63
151  111
129  81
106  75
154  128
147  104
134  125
149  133
148  101
139  153
157  134
153  107
126  82
121  116
100  69
137  95
115  73
155  126
100  81
95  62
111  82
116  82
137  119
134  131
153  133
153  123
113  110
155  121
129  106
134  132
114  95
150  113
100  79
110  66
154  114
122  76
130  134
140  127
123  101
115  77
105  66
146  120
142  121
135  89
143  121
106  92
129  127
129  95
148  134
122  111
145  108
130  145
130  111
133  88
149  118
129  149
114  99
132  84
112  68
132  101
148  122
138  88
156  132
134  120
149  121
141  88
145  102
107  73
118  98
140  144
145  95
119  167
125  80
126  93
121  122
108  103
124  118
134  89
133  93
135  110
99  83
141  129
134  100
146  125
138  117
119  72
157  136
138  98
117  81
150  109
129  156
139  101
137  102
122  165
91  54
147  94
133  133
127  112
128  110
117  106
127  160
121  111
122  117
159  132
111  90
126  156
126  119
132  115
122  98
151  120
131  117
131  127
130  128
155  117
119  115
149  96
134  133
160  131
140  122
151  133
114  103
85  51
139  148
142  127
107  62
123  93
102  96
121  113
107  63
144  97
108  98
139  115
97  68
89  56
111  109
160  134
143  94
152  133
137  121
120  78
138  96
140  101
153  100
141  94
127  101
115  70
116  70
131  106
131  84
108  84
147  101
138  139
119  88
92  57
137  106
130  96
150  128
146  98
122  168
140  120
140  118
148  138
112  114
141  127
112  113
121  107
140  119
144  101
122  128
124  125
113  81
104  66
135  93
142  106
106  104
140  100
109  65
147  124
142  101
138  156
87  54
158  138
156  136
152  111
101  76
104  71
153  106
133  86
122  112
149  137
103  98
134  99
148  117
147  138
130  98
145  131
138  85
103  67
124  112
151  112
158  128
155  136
150  120
149  103
121  115
98  79
121  103
127  130
135  87
118  73
150  126
102  65
138  118
126  107
115  82
100  84
130  109
130  94
134  136
112  64
125  91
151  123
149  136
123  97
127  162
149  128
97  59
131  122
124  94
127  79
123  109
128  84
128  86
136  117
125  97
124  103
152  127
144  126
138  99
129  105
101  70
130  122
141  111
100  88
116  76
153  122
114  66
123  118
109  77
119  118
120  119
148  96
135  119
158  115
137  99
144  122
115  96
146  128
138  132
143  103
121  79
122  95
155  120
143  128
140  155
111  100
121  95
106  88
150  95
135  104
97  69
135  103
102  79
141  89
117  118
106  63
136  116
134  96
145  134
110  109
85  54
135  102
128  113
129  117
139  140
104  78
121  120
131  128
147  119
110  70
122  113
134  102
121  77
112  80
116  83
150  116
117  70
118  114
145  129
126  121
123  92
120  91
119  87
119  165
147  115
108  87
124  79
117  84
126  131
142  129
105  64
148  113
148  131
117  122
142  125
98  62
120  106
101  80
127  124
120  85
128  134
126  115
131  81
105  97
163  140
134  106
126  99
128  131
124  96
132  109
103  64
146  126
133  122
114  108
103  76
129  134
131  162
154  138
150  118
99  65
120  109
106  95
133  129
120  79
132  88
127  82
140  89
130  97
120  90
107  106
122  166
109  84
136  134
139  100
109  95
140  93
139  93
136  86
104  72
159  127
121  94
107  75
126  79
100  92
106  98
142  116
148  137
146  97
135  96
153  104
124  167
149  101
99  77
130  125
145  113
144  111
126  116
145  93
128  89
118  123
139  97
119  79
120  123
123  157
128  85
113  94
110  68
100  68
130  93
149  138
130  110
121  99
132  145
108  107
103  97
136  89
105  74
141  131
138  105
102  76
131  95
137  122
119  117
109  104
121  82
146  107
117  113
99  70
115  69
155  111
124  168
126  100
140  136
136  153
141  118
112  111
99  61
151  135
102  84
101  64
125  111
139  98
126  158
127  81
148  136
133  97
111  107
134  142
146  122
98  63
129  82
156  114
98  89
162  129
105  99
154  136
96  65
113  115
132  103
117  98
128  94
111  65
138  116
105  75
139  143
158  121
101  68
137  84
124  121
120  114
148  94
133  115
140  132
137  154
104  73
97  58
125  99
119  123
140  138
146  104
125  77
148  99
130  123
123  98
123  95
111  105
140  114
138  110
94  66
118  100
146  134
127  132
141  122
127  117
135  90
140  87
105  88
150  98
116  77
124  78
151  119
133  113
134  88
141  86
105  60
114  84
128  90
148  97
133  83
135  124
124  84
128  123
130  143
140  115
114  76
118  109
112  70
132  100
101  79
126  129
123  78
126  90
140  111
133  132
130  115
122  115
102  66
142  99
99  64
113  99
150  114
116  103
136  112
130  142
98  58
137  134
157  137
137  100
141  103
138  101
103  79
134  83
132  125
118  104
131  87
142  95
145  89
109  72
133  87
112  85
133  124
140  105
120  121
111  77
127  121
142  124
123  107
155  140
156  119
130  87
127  116
109  97
128  153
126  94
122  75
149  104
108  62
110  105
145  125
127  100
149  97
145  94
131  124
132  85
145  107
125  167
129  153
134  97
142  100
95  69
155  133
126  83
143  98
98  85
122  158
121  124
114  75
120  82
124  120
136  102
151  132
115  85
117  96
141  139
156  109
115  119
112  67
159  135
144  94
130  92
86  53
127  133
131  97
128  92
107  96
130  131
149  135
123  105
121  91
126  120
127  161
115  81
150  105
125  122
139  138
146  127
87  51
111  79
151  127
149  132
131  85
123  80
151  129
124  158
117  107
114  70
157  133
99  71
145  122
123  121
144  134
126  124
121  98
126  113
149  124
107  87
110  111
102  94
123  126
159  125
136  93
137  115
134  105
130  83
157  139
127  90
126  101
120  107
156  108
125  103
152  110
124  101
115  72
102  93
116  80
141  120
93  60
100  78
154  132
149  127
145  136
133  142
129  84
126  128
108  96
133  107
138  121
96  56
136  99
134  111
139  126
133  101
130  164
128  104
137  124
128  154
140  102
138  125
151  110
101  75
122  81
120  117
147  114
123  124
142  112
125  121
147  96
138  94
139  117
137  93
139  133
117  77
124  129
130  121
147  102
146  106
143  126
144  131
141  133
143  88
124  119
146  124
124  108
115  104
121  109
133  118
142  91
157  125
93  61
159  128
139  152
150  100
123  89
132  117
128  108
127  87
131  109
134  90
129  99
131  93
111  86
137  107
107  81
142  90
122  108
113  89
147  121
148  115
136  96
111  106
136  91
138  146
143  97
152  103
147  105
120  75
111  101
132  131
129  122
153  101
154  135
147  131
149  108
133  135
102  60
121  123
131  110
143  131
106  102
123  113
137  101
117  115
102  70
140  97
134  118
129  96
130  95
151  131
141  90
136  88
132  130
120  71
119  81
139  89
138  133
116  120
127  84
155  118
133  141
108  64
149  117
123  100
138  86
142  117
156  138
149  106
112  97
116  117
126  159
115  74
138  137
134  84
130  89
149  107
145  99
142  133
132  87
108  104
125  124
131  91
143  110
148  100
155  134
115  84
153  103
97  65
128  160
140  131
127  155
125  131
113  85
129  120
153  134
133  136
151  103
112  82
122  85
140  95
122  94
112  105
145  105
100  59
125  116
143  118
128  133
119  120
134  116
124  157
147  132
144  133
146  115
128  80
129  102
140  141
153  138
106  96
122  123
102  82
95  60
143  93
124  115
142  94
158  135
99  85
125  163
155  137
158  123
104  64
116  115
132  90
124  117
120  95
140  117
161  131
150  97
109  93
139  90
146  102
128  127
109  86
128  163
126  117
113  112
134  94
134  110
158  137
122  87
133  90
130  133
102  85
134  121
110  96
142  87
128  158
99  69
124  169
114  89
139  127
152  117
137  103
134  87
122  126
134  82
150  117
153  128
143  127
144  98
130  114
144  127
131  96
120  80
123  117
133  116
148  104
157  138
147  92
136  122
130  149
134  127
126  118
127  131
143  87
117  89
126  160
141  105
151  139
118  80
134  135
124  80
142  103
112  66
138  140
121  106
118  122
135  84
106  68
113  67
127  102
160  140
138  142
