759
138  156
143  97
92  57
97  53
104  64
108  64
103  93
168  124
131  97
153  103
131  95
139  133
158  144
133  101
144  97
151  132
159  104
134  123
164  107
124  118
106  63
134  120
167  115
169  110
107  59
141  96
147  104
156  155
140  138
155  136
109  93
126  97
130  170
140  122
163  107
138  106
162  119
120  101
154  122
124  114
153  170
137  103
150  97
148  108
110  105
107  87
133  118
118  109
166  111
133  115
126  98
149  127
106  68
139  152
162  111
128  101
106  96
115  104
121  94
179  121
89  57
124  103
140  100
124  101
149  103
127  98
142  117
156  149
130  119
131  119
112  105
151  170
165  115
157  109
144  111
136  117
111  105
107  73
133  97
121  113
150  105
139  127
126  113
148  100
156  104
158  150
128  94
130  98
163  117
156  150
142  99
161  110
111  101
124  96
140  148
137  124
117  113
103  97
130  114
152  111
122  117
118  98
156  154
137  121
108  100
124  115
131  100
146  115
140  102
150  104
133  116
87  57
102  85
130  111
108  97
151  112
147  103
133  169
161  170
106  56
155  121
149  124
165  112
117  96
158  170
164  106
104  66
160  109
158  142
142  116
105  81
105  65
160  108
133  122
178  122
158  115
157  138
129  119
144  122
134  100
157  156
134  110
162  110
134  94
156  109
137  122
121  107
136  96
145  102
123  104
157  170
120  110
106  95
136  118
158  151
116  103
117  106
138  155
131  122
132  100
151  110
164  110
140  135
175  122
158  106
135  168
156  102
165  120
146  106
114  102
138  110
101  81
137  102
122  95
121  98
144  98
140  97
139  101
158  121
147  96
141  146
124  108
164  115
161  111
122  94
158  161
115  96
139  140
173  121
113  101
149  121
152  117
125  116
100  55
100  60
159  169
132  112
127  117
161  121
142  98
149  104
98  58
126  118
154  170
129  105
138  96
113  103
145  124
131  110
141  120
159  112
173  115
165  123
156  138
125  171
134  107
175  123
114  104
102  82
170  111
118  104
141  144
141  121
134  119
138  122
106  84
147  105
120  106
134  121
151  111
139  102
144  96
123  113
116  112
120  99
154  135
132  98
140  136
157  165
155  137
158  169
121  103
164  116
175  121
164  104
98  62
129  115
135  94
162  116
131  96
137  101
135  96
139  93
123  101
175  118
153  133
142  120
141  118
150  117
163  105
175  117
134  99
168  116
165  113
135  103
159  111
146  111
97  58
133  103
163  111
153  98
123  115
155  107
159  107
105  64
106  92
123  94
134  105
126  103
141  103
108  98
114  108
122  100
164  117
130  110
161  118
138  99
145  99
139  97
122  99
176  123
163  108
145  105
150  114
114  99
161  122
140  141
134  106
156  157
121  99
126  101
130  97
137  154
166  123
104  58
110  96
103  76
136  102
123  105
133  119
161  113
140  120
111  107
158  156
140  115
177  124
139  100
123  93
126  93
172  122
143  118
136  119
147  114
104  72
149  107
107  63
145  122
107  75
135  93
145  95
130  115
177  122
142  95
123  98
155  104
113  110
122  105
142  112
102  93
152  108
139  104
146  122
162  112
157  151
151  129
151  103
125  103
120  107
95  54
163  120
162  115
144  101
157  145
177  123
127  116
160  112
147  102
158  166
137  106
136  94
156  156
128  110
153  104
107  99
151  120
163  121
103  86
145  107
124  117
167  111
105  66
170  110
157  148
97  59
140  147
155  169
138  117
143  103
136  112
154  169
123  118
158  171
146  102
173  122
155  117
152  133
137  95
130  120
135  104
160  116
151  131
121  111
150  106
149  111
139  126
103  57
145  108
149  96
104  78
146  107
179  128
163  112
124  94
104  73
139  117
126  117
136  171
148  101
145  101
168  113
109  104
138  98
133  113
120  117
138  150
104  83
174  119
149  128
129  120
133  93
132  105
123  100
122  111
131  121
130  121
136  122
148  117
100  59
160  104
113  99
105  74
128  108
148  122
167  107
144  117
150  113
146  104
179  124
123  107
153  100
166  115
142  94
126  119
162  106
143  121
156  114
124  112
134  97
127  101
104  71
109  102
157  102
169  116
104  90
135  111
179  129
172  118
158  158
164  121
157  171
128  92
137  100
164  109
158  152
106  98
134  116
146  120
105  75
121  115
136  93
120  109
148  110
93  60
139  138
145  96
129  102
122  112
120  95
103  63
132  101
172  121
140  127
103  79
109  71
141  102
141  139
138  118
152  98
164  112
153  99
108  104
102  60
121  109
150  109
149  101
146  98
148  97
148  104
140  119
133  106
135  110
135  165
140  131
142  121
148  113
143  110
125  111
149  97
103  64
134  118
156  119
139  147
150  128
126  115
140  93
169  113
144  118
140  111
163  118
128  104
138  125
125  99
126  94
140  98
179  122
134  111
159  117
147  101
155  170
140  118
157  139
157  103
139  153
127  100
121  106
170  117
150  116
127  112
140  114
96  56
139  148
140  101
125  97
121  95
132  169
155  111
117  107
155  120
139  98
108  103
142  100
105  58
137  99
120  114
154  168
122  109
146  97
123  117
108  65
143  94
122  108
160  168
147  124
130  94
147  115
122  113
156  108
118  110
165  108
117  98
95  56
118  107
135  119
153  122
140  117
142  106
122  118
133  107
130  102
159  114
153  134
137  115
137  93
132  117
174  127
150  100
162  108
138  112
134  102
99  61
150  98
162  121
123  97
133  100
130  171
147  121
132  115
142  108
162  117
105  88
107  62
108  70
138  121
135  171
83  59
175  127
156  170
127  96
153  101
141  94
135  166
121  93
164  111
169  119
134  96
128  107
148  99
156  167
131  93
142  103
153  107
118  97
130  95
157  146
167  113
143  98
140  144
174  115
137  107
144  94
141  111
135  102
158  154
125  93
139  115
135  169
108  96
136  163
127  104
138  101
100  53
126  116
111  100
134  109
95  60
119  115
168  112
157  154
157  167
122  115
130  109
152  171
138  105
118  100
138  116
151  119
147  119
154  114
102  89
131  92
106  88
102  84
141  122
109  95
134  104
171  114
141  105
162  105
139  143
145  113
167  119
98  55
140  105
165  105
126  100
136  99
150  118
128  99
129  117
146  124
130  93
159  103
101  53
138  94
118  114
172  124
105  60
132  109
123  109
123  95
122  98
127  102
133  172
147  113
102  79
165  109
129  99
144  121
148  115
105  99
126  99
129  106
153  106
150  126
111  106
120  105
112  97
166  108
169  111
149  109
149  117
130  92
148  96
136  116
168  110
158  165
170  112
129  96
152  110
105  97
140  95
102  94
142  101
137  119
149  108
163  103
126  107
95  59
131  106
155  118
106  75
107  96
102  57
130  96
132  103
149  106
121  116
136  115
114  103
157  149
131  118
131  109
107  68
140  151
152  103
168  114
157  150
167  110
131  117
150  120
149  118
109  97
154  136
129  95
140  132
161  105
143  122
124  106
128  113
