1289
127  116
125  103
77  136
82  143
134  135
155  75
113  134
149  76
140  77
134  84
124  120
140  95
103  125
143  83
135  104
89  139
85  143
156  87
127  91
155  88
94  123
145  83
150  137
146  78
156  66
95  137
149  138
161  72
94  135
139  97
123  98
130  109
130  95
110  119
133  107
121  99
151  84
146  81
113  113
121  120
71  130
139  77
143  86
103  134
86  126
148  134
63  139
143  88
159  68
120  119
151  139
92  128
156  82
122  112
121  116
78  132
147  87
130  123
128  110
140  101
142  88
145  73
141  81
87  123
109  131
124  119
64  138
147  144
66  142
140  127
82  127
107  113
107  121
61  138
136  86
62  154
104  122
138  132
114  130
144  134
118  122
162  59
141  105
110  133
89  136
123  115
118  107
147  101
106  119
131  110
150  92
119  127
151  78
148  78
140  85
138  142
86  128
105  116
140  141
88  122
93  140
142  72
160  55
149  85
124  106
126  126
69  132
97  140
139  104
123  97
146  144
128  86
147  83
141  96
99  129
102  133
114  118
158  57
142  100
85  134
155  87
133  90
139  90
138  87
154  66
77  128
126  117
119  117
135  78
154  62
161  67
147  96
144  71
132  112
118  118
165  62
136  82
111  109
138  91
120  101
104  137
163  63
163  68
133  136
142  85
142  106
131  124
139  102
145  72
133  78
67  146
120  127
152  96
98  129
103  113
152  85
93  137
88  132
149  87
90  120
131  117
152  82
120  107
84  138
67  134
105  119
101  117
153  138
153  84
150  87
131  87
89  123
137  106
108  120
133  116
129  106
72  142
142  94
106  139
95  119
140  89
151  58
149  133
148  71
113  101
121  123
68  148
74  135
97  121
128  90
150  97
135  90
124  94
140  87
66  136
144  77
83  132
69  138
111  124
138  96
82  140
122  115
116  103
119  128
117  130
96  128
151  59
108  103
108  125
151  88
58  147
59  144
117  131
137  103
161  62
80  127
140  136
159  56
161  63
141  133
108  117
74  134
135  81
132  90
168  60
134  131
136  112
71  151
93  123
122  109
101  114
126  125
143  70
132  98
111  101
107  115
143  80
162  60
123  117
148  69
137  107
152  68
128  101
132  109
67  145
128  107
119  125
150  71
122  123
97  123
125  124
92  120
132  85
120  114
72  140
114  116
137  99
146  145
117  115
135  119
140  131
87  122
139  76
71  136
144  75
160  78
89  127
111  106
114  134
110  109
148  94
119  120
148  138
123  124
139  101
65  156
156  61
142  78
142  84
121  109
132  79
131  97
123  121
145  74
154  70
65  150
132  125
129  105
168  53
142  98
100  117
132  84
83  126
140  147
115  122
106  111
130  122
145  81
142  89
169  64
143  94
148  79
61  139
86  142
137  78
71  148
142  79
138  94
160  75
161  61
120  106
76  135
113  112
109  104
114  102
123  105
132  124
73  131
111  100
85  128
129  96
126  121
138  77
136  94
140  76
143  81
137  124
92  122
142  139
122  117
126  101
108  114
110  132
144  82
137  91
164  61
111  107
164  64
136  134
123  109
151  60
141  86
108  128
137  80
98  122
93  128
147  92
116  112
99  124
135  124
127  96
140  75
82  123
110  125
79  142
146  73
140  97
81  124
60  144
118  109
78  140
114  122
119  129
133  88
123  104
155  82
147  69
96  124
164  70
124  101
152  88
126  107
148  100
64  141
104  113
122  100
115  118
155  78
123  101
157  60
122  124
133  84
152  89
141  78
89  120
133  124
152  87
129  127
135  102
137  77
145  89
112  120
133  93
130  111
147  103
106  121
133  119
139  143
136  91
133  118
132  130
139  82
114  104
121  106
126  99
134  133
130  89
133  87
104  114
99  119
120  105
78  136
140  148
107  116
158  59
134  83
127  117
166  62
86  145
147  94
142  140
136  88
78  138
100  137
81  139
154  90
143  77
136  141
138  81
153  75
141  146
113  132
118  114
72  135
142  99
138  83
161  64
142  129
79  148
99  131
132  115
150  95
151  141
134  89
101  122
117  122
116  117
145  102
109  120
149  84
166  65
137  137
138  76
130  97
107  106
128  113
160  63
91  122
100  142
118  129
69  143
134  110
117  107
143  84
126  103
157  59
121  103
103  140
120  110
140  71
141  79
113  114
89  133
147  85
135  136
134  88
134  132
113  115
101  123
121  111
55  148
134  99
164  62
76  145
105  129
144  88
119  123
127  90
91  123
76  141
118  104
136  137
132  87
139  138
142  87
151  140
126  116
142  144
136  78
64  137
135  83
94  118
107  125
130  119
72  152
128  104
121  107
155  83
119  115
125  122
127  100
85  132
159  55
131  92
69  131
148  97
146  68
118  110
70  133
134  139
126  124
146  142
125  93
96  134
68  146
106  130
136  102
131  119
131  100
149  89
151  68
156  79
126  119
66  152
62  143
102  129
151  81
125  121
139  72
167  61
138  85
133  86
134  80
148  74
148  141
147  80
124  115
128  123
145  93
134  97
141  73
71  139
164  55
146  87
142  95
128  92
148  80
102  141
95  122
107  122
99  141
172  57
70  152
70  134
99  116
141  102
98  143
136  80
146  80
152  74
117  129
94  137
142  138
150  74
135  84
65  141
142  103
131  85
104  129
103  124
133  135
138  139
129  87
108  135
148  99
107  117
132  91
66  134
142  69
138  133
150  81
134  111
141  88
134  125
140  70
153  57
162  64
169  57
141  94
159  65
97  118
113  133
144  83
103  136
149  135
68  139
152  75
135  87
113  110
116  115
61  144
130  125
96  133
139  127
158  63
98  131
100  127
138  98
126  90
108  118
159  62
131  106
101  125
143  140
136  87
147  72
158  62
136  96
90  125
108  111
95  126
100  134
81  143
122  113
150  61
135  137
90  131
105  123
131  95
91  143
161  65
131  127
95  131
124  114
134  121
149  97
91  121
168  54
163  60
83  124
158  56
145  136
104  123
162  53
133  129
96  142
150  72
132  88
137  102
140  138
71  137
98  142
120  121
148  85
90  141
101  140
141  139
135  135
133  101
131  81
156  73
65  143
94  129
101  116
135  96
163  52
161  54
144  94
79  131
105  136
148  101
79  145
94  130
63  144
128  126
122  111
141  90
133  133
134  106
83  130
127  124
135  89
56  147
146  72
140  78
146  98
133  122
159  66
162  61
148  90
136  89
142  142
149  73
69  133
84  123
137  93
77  145
88  119
77  135
77  138
158  65
111  127
131  88
111  117
155  80
166  69
144  133
138  99
138  101
128  127
133  103
93  124
138  140
160  66
73  135
155  67
153  83
101  115
143  69
88  141
97  119
116  127
137  134
148  137
165  65
150  80
110  137
100  118
142  91
137  95
121  125
123  118
130  96
156  67
159  67
93  119
143  97
92  118
141  89
140  135
148  73
157  70
142  133
83  135
125  97
108  116
73  152
123  113
145  141
83  128
130  114
106  122
60  149
166  61
124  96
124  122
135  94
126  100
147  75
121  113
153  81
97  129
98  133
133  115
138  110
137  100
136  75
114  121
94  122
105  112
69  148
142  77
138  112
147  77
123  100
116  125
132  105
133  132
65  155
134  136
148  139
60  147
134  82
163  64
122  118
108  109
131  121
82  142
132  103
131  93
116  120
94  120
130  94
134  109
123  126
68  142
165  63
145  75
156  75
129  117
152  60
138  79
87  130
136  76
86  130
70  141
114  99
155  76
125  111
144  131
122  126
143  131
139  80
65  151
105  113
131  128
153  78
104  118
134  100
138  137
100  136
82  124
122  105
163  51
104  121
93  125
130  92
134  120
162  55
67  140
133  81
116  124
126  98
167  62
98  140
82  144
90  119
153  68
108  100
127  101
98  139
84  122
104  115
105  137
117  118
83  144
134  123
78  125
149  137
80  134
88  140
142  101
167  54
142  80
92  119
110  105
106  114
143  144
156  81
140  144
108  126
104  136
151  82
127  102
167  55
110  111
132  86
108  107
120  122
156  60
146  136
130  102
118  123
151  137
147  138
143  93
79  143
132  131
80  145
89  138
107  107
113  103
138  82
144  98
121  98
125  99
151  65
112  113
124  125
148  96
135  77
153  58
144  139
77  143
124  117
160  59
146  69
110  120
144  78
103  118
146  85
140  102
147  131
155  61
94  125
99  126
103  117
114  103
126  94
145  99
114  133
135  110
113  129
113  99
87  128
130  98
166  64
136  93
151  86
140  74
109  121
151  75
139  98
133  100
154  71
61  146
117  106
99  139
128  99
166  60
134  104
155  66
128  108
142  70
166  63
124  121
106  102
138  90
121  122
138  135
132  101
104  120
131  84
158  73
136  122
127  98
119  130
138  105
124  103
112  131
141  85
94  119
136  81
162  72
130  87
149  96
121  115
147  88
139  84
72  133
157  63
137  84
158  60
126  113
145  101
138  106
160  61
129  102
157  80
115  126
114  108
81  134
120  109
109  113
153  70
131  96
80  125
146  143
143  103
132  82
145  95
143  82
142  108
134  119
84  137
129  119
76  129
139  133
146  102
74  147
149  142
87  136
100  122
148  136
64  149
161  75
141  131
141  127
59  157
159  69
124  112
129  120
139  79
139  100
129  99
130  124
169  61
95  120
130  128
140  93
130  120
67  149
154  63
139  126
92  144
154  68
165  66
147  132
144  101
133  83
109  124
140  100
141  144
107  120
136  99
139  81
139  74
126  120
82  131
143  90
149  71
73  130
130  121
122  108
67  148
142  90
98  118
133  97
133  80
155  74
63  154
74  143
143  128
90  130
134  94
136  79
115  104
136  136
167  66
81  125
159  61
74  140
121  124
134  127
145  146
111  123
99  125
131  122
148  95
131  118
127  104
85  144
115  119
160  69
124  108
63  147
140  132
153  73
118  127
118  125
109  126
139  89
145  94
143  98
138  88
128  89
141  71
146  71
164  67
151  74
162  56
145  67
146  134
151  57
131  91
161  55
130  115
139  147
96  120
108  104
126  115
159  75
132  123
138  125
82  137
145  132
144  137
156  76
66  144
102  130
58  151
143  91
127  121
105  127
158  61
145  131
130  86
90  144
112  111
141  129
122  98
66  143
120  126
120  117
81  123
163  59
169  58
134  87
108  127
86  144
101  124
91  145
122  99
149  69
60  138
112  133
90  136
137  83
134  96
124  118
118  126
129  122
68  138
93  126
143  89
92  133
135  111
144  97
129  115
170  57
72  138
103  135
112  114
154  57
80  140
145  78
109  102
143  71
150  98
135  103
129  88
157  76
162  70
113  130
148  75
139  83
148  64
141  103
150  140
130  93
145  84
106  118
134  102
76  128
87  124
160  56
68  136
137  101
146  83
138  86
77  140
159  71
110  114
123  107
134  90
127  123
126  97
133  106
145  66
129  95
160  57
98  119
161  56
165  56
153  76
156  80
147  102
130  110
61  149
126  93
120  99
116  128
98  134
139  140
109  117
102  125
161  60
169  60
69  140
98  116
159  60
112  105
131  109
134  107
99  140
139  93
110  124
132  100
127  112
132  81
80  147
140  79
140  105
145  105
103  133
105  118
143  79
112  124
83  122
110  112
93  118
116  132
72  147
119  118
85  141
163  58
158  75
96  117
71  133
140  98
144  96
64  144
94  131
141  92
155  77
111  105
144  76
101  119
134  105
112  125
71  140
110  135
117  113
104  116
170  63
138  84
147  139
133  113
96  119
126  118
70  131
125  116
108  112
154  138
149  88
75  144
87  137
143  87
145  134
128  94
145  96
120  123
87  144
135  93
150  84
148  86
56  148
138  75
96  116
149  136
143  68
94  124
65  136
154  80
148  81
146  97
146  86
119  122
132  117
