1280
181  114
88  82
137  119
116  112
121  98
130  121
117  81
130  123
122  71
184  115
152  117
164  106
126  98
130  114
131  93
179  122
189  108
112  67
120  107
126  93
201  118
147  96
162  111
178  115
141  88
145  122
139  163
126  120
149  88
142  125
177  118
117  96
119  67
149  128
162  116
121  79
116  83
164  111
180  117
146  150
131  91
144  158
146  144
152  110
142  127
135  87
125  103
189  111
138  101
132  163
138  163
136  91
168  110
155  126
130  70
113  110
151  132
165  105
104  72
129  77
131  95
159  97
120  80
130  71
168  106
128  90
161  128
114  89
167  119
135  96
145  134
111  90
109  102
162  117
161  110
128  85
144  98
114  102
114  104
147  166
134  90
131  92
153  122
147  102
134  89
127  87
135  166
156  114
154  128
165  101
140  89
108  96
131  100
137  99
140  163
160  108
115  69
124  117
125  91
122  111
140  119
150  118
119  115
127  72
162  129
121  103
137  115
154  122
153  98
159  103
126  107
123  89
148  115
114  108
115  74
162  115
119  88
169  107
131  109
194  115
143  98
151  110
145  132
142  124
124  62
143  97
127  67
129  122
120  109
129  99
134  123
167  115
114  63
117  113
141  90
124  118
130  109
126  113
118  104
149  121
132  87
125  111
134  166
127  75
158  115
143  128
114  103
150  97
134  99
153  103
162  106
133  129
186  112
112  68
111  107
128  80
165  108
149  101
110  66
156  95
147  139
142  165
162  95
126  97
161  97
164  107
145  150
140  127
125  116
179  110
120  71
178  107
130  111
124  114
92  79
145  156
124  71
117  77
123  98
187  114
169  105
130  97
109  97
145  89
166  124
143  110
121  66
135  94
162  123
132  105
163  111
110  96
138  118
130  125
112  105
156  108
149  103
138  112
132  125
124  103
160  112
123  105
163  99
119  87
121  115
132  88
113  94
122  76
145  153
121  95
182  118
191  112
162  108
120  117
131  127
198  117
113  112
175  112
113  78
178  112
146  115
119  79
189  118
99  78
132  86
146  162
186  119
116  82
149  89
133  119
129  87
130  79
192  118
138  90
160  96
115  63
134  104
124  122
142  116
135  104
167  111
164  126
163  108
166  97
132  115
122  86
108  65
179  119
137  103
138  87
159  94
149  108
128  107
169  99
128  101
122  117
136  93
140  114
125  93
146  158
109  72
141  165
169  113
136  99
188  106
134  88
169  110
146  147
142  120
127  69
145  136
131  124
140  100
161  122
144  154
152  123
178  106
177  122
155  121
120  95
144  97
151  127
132  101
133  93
135  89
173  113
164  102
140  115
187  116
147  130
126  103
181  112
111  82
133  84
132  124
165  126
164  115
134  111
171  110
187  105
129  79
184  111
127  112
170  117
127  84
143  89
123  72
113  89
136  118
142  121
147  151
109  71
168  103
191  110
125  99
115  72
116  76
176  116
165  123
126  101
143  90
122  115
140  95
122  70
151  120
148  94
109  65
184  114
179  106
122  108
117  84
134  120
140  105
150  95
166  100
136  122
125  72
112  74
140  93
153  107
149  111
200  118
123  107
118  109
159  127
131  117
119  81
168  107
120  114
190  118
130  93
136  112
157  102
122  80
133  100
134  109
162  119
146  102
126  90
121  99
163  121
120  78
114  75
149  133
176  108
141  162
128  71
146  156
138  110
144  121
96  79
116  69
121  81
125  88
121  106
139  89
196  115
180  115
111  100
115  73
121  85
144  133
132  91
153  128
155  94
96  78
141  127
168  116
146  134
117  70
158  121
107  75
124  120
124  119
166  106
118  118
150  128
183  111
167  107
191  113
124  115
125  71
131  84
148  101
127  80
132  165
159  93
136  117
190  107
153  99
145  124
147  149
178  117
118  73
113  62
149  109
169  119
126  119
163  112
133  116
141  131
180  108
146  130
128  99
113  85
159  112
128  92
128  113
143  163
176  106
141  94
167  127
137  124
111  86
138  105
172  107
142  87
149  96
168  112
107  73
168  113
142  90
182  105
196  118
168  114
148  141
118  100
121  71
149  124
174  110
186  114
131  122
122  99
156  104
176  107
146  124
104  73
112  66
125  74
133  118
162  98
146  122
156  109
134  165
117  75
117  63
122  81
117  98
112  70
145  107
147  132
123  92
133  101
130  77
173  108
173  122
134  105
140  102
145  131
182  104
144  163
111  67
111  101
122  105
148  134
160  109
114  66
118  110
147  103
145  113
178  119
185  106
133  124
174  115
202  118
128  73
193  114
130  89
150  109
134  116
138  88
131  118
120  61
166  123
143  88
193  116
135  102
173  106
138  121
140  87
147  144
121  82
121  72
145  93
133  106
130  102
145  102
166  125
176  102
178  122
144  165
128  86
100  78
166  105
157  109
148  104
130  87
184  109
144  118
111  71
178  108
127  96
148  90
139  102
138  99
190  109
126  117
117  115
147  115
124  94
158  98
113  99
158  123
128  110
162  112
185  113
137  91
127  102
116  94
123  104
116  115
138  125
118  114
181  110
122  112
120  79
116  103
185  108
197  115
179  104
134  100
138  85
198  110
163  103
112  82
161  121
142  99
130  120
128  94
160  116
118  107
184  110
133  86
140  122
173  105
118  90
161  118
160  99
145  146
136  119
143  103
154  114
132  85
133  115
119  118
118  69
133  122
126  124
130  72
128  70
147  164
167  105
132  117
164  125
121  93
127  124
163  127
145  95
158  96
171  102
125  124
122  109
141  92
164  104
142  117
118  80
170  100
144  117
155  104
120  75
116  70
129  102
119  117
123  100
136  89
122  100
124  101
169  111
171  100
147  124
123  94
144  134
189  112
174  119
175  114
121  69
126  125
175  109
137  166
152  103
150  106
157  103
126  84
124  67
123  82
132  98
112  85
130  92
131  110
130  95
148  96
176  115
192  109
144  164
131  97
148  113
114  99
130  98
133  163
159  111
163  124
173  109
141  103
170  110
174  105
125  122
121  77
115  84
151  129
112  111
170  99
120  105
180  110
183  106
140  131
173  121
191  118
172  122
148  100
95  80
172  108
156  92
162  126
190  106
124  106
127  98
120  82
169  125
147  146
147  131
121  113
148  131
127  81
143  164
123  115
120  101
161  101
150  114
121  109
145  96
143  91
111  106
127  100
152  126
189  116
160  123
127  90
116  74
148  117
120  68
144  162
146  104
123  113
182  107
145  162
191  107
140  101
129  80
187  111
102  76
140  132
151  119
129  106
145  166
163  118
103  76
172  124
179  113
148  110
175  123
137  121
149  118
142  91
136  94
134  106
179  108
152  128
129  88
175  108
132  103
116  80
163  105
146  128
146  126
109  95
171  107
132  112
120  99
179  117
125  97
128  89
155  111
180  114
179  116
190  111
145  125
133  103
117  66
149  135
148  166
114  95
144  131
141  129
151  133
126  74
113  81
144  122
140  111
131  87
135  165
130  128
122  85
129  82
175  116
155  93
115  70
141  121
119  64
101  75
149  127
116  67
131  85
159  104
144  94
141  102
164  117
130  115
141  96
129  69
121  116
118  98
113  103
105  75
164  112
126  118
162  101
178  114
147  92
114  76
141  89
159  117
150  126
139  90
106  75
145  158
146  98
152  96
144  155
174  112
124  84
139  101
121  111
146  127
153  129
134  96
139  165
161  113
180  112
161  111
130  78
158  128
185  112
142  100
131  88
158  106
147  94
117  106
145  163
190  115
165  113
194  117
153  106
128  84
96  80
149  117
136  88
127  68
131  121
141  120
188  117
125  77
141  105
130  122
191  109
173  112
121  94
181  107
147  113
145  99
179  121
144  161
126  99
141  111
162  110
129  73
137  101
166  104
122  78
124  64
98  79
138  91
133  97
187  110
129  78
193  115
135  124
172  105
148  137
105  74
124  78
129  84
139  117
125  76
197  113
127  76
170  108
153  104
134  127
108  70
151  103
129  96
144  101
120  85
122  75
155  98
129  76
131  162
181  113
129  83
146  164
123  101
130  86
129  115
125  82
181  111
140  117
128  76
183  113
139  100
183  104
121  92
146  143
125  121
167  102
126  100
164  121
134  102
164  109
142  112
135  103
131  119
133  83
153  123
142  94
152  111
122  113
131  81
165  112
165  120
155  95
117  107
171  114
122  95
147  152
162  99
163  120
132  109
141  122
164  98
150  117
173  115
175  121
113  67
115  96
127  74
161  105
146  107
178  116
146  106
122  118
190  108
166  115
165  109
134  121
148  164
143  94
179  107
121  91
176  123
147  138
138  166
163  98
165  115
124  73
158  97
137  107
124  112
117  67
191  117
120  110
141  86
140  120
160  100
146  142
146  160
140  118
153  100
166  108
114  72
189  107
174  113
117  118
130  110
127  79
134  84
143  122
110  70
128  78
126  115
135  93
139  126
127  101
130  96
137  102
123  109
184  105
108  87
167  106
163  107
142  108
126  83
138  165
120  91
137  100
150  120
136  87
134  110
143  121
147  88
129  74
171  109
138  122
111  109
133  107
162  102
159  125
137  106
134  125
131  128
99  77
180  116
141  166
120  90
144  137
170  105
182  111
162  105
112  97
146  154
145  101
172  118
175  111
175  117
136  102
151  111
148  95
147  119
139  97
146  163
111  105
132  100
163  117
138  96
137  122
154  96
148  97
181  105
142  106
121  107
134  118
149  132
144  111
150  116
138  86
201  117
135  161
177  105
146  165
135  162
151  112
142  88
127  121
135  110
126  121
124  121
150  98
128  127
142  129
132  123
165  124
142  103
123  95
123  118
124  90
127  117
134  119
120  121
175  122
122  98
128  126
157  125
123  117
163  126
123  78
147  121
148  99
151  123
130  76
182  115
144  126
131  106
124  96
109  93
155  117
135  90
145  105
136  116
171  111
119  92
124  79
150  113
170  112
132  84
170  104
152  108
122  94
139  98
118  97
129  117
155  118
129  127
178  118
123  93
146  120
115  85
115  104
171  101
123  97
145  108
168  124
142  95
121  120
149  107
110  68
183  110
150  100
123  66
145  151
126  94
146  97
186  113
130  74
172  121
191  116
136  115
156  102
175  118
127  91
122  65
124  70
146  111
123  121
159  128
138  94
186  105
182  108
146  125
168  105
134  87
139  104
127  104
131  96
147  114
127  82
135  111
152  133
159  107
138  98
133  88
128  77
129  105
169  106
169  102
114  84
148  122
187  109
150  133
151  131
128  104
134  107
146  145
115  82
126  79
161  99
178  109
170  111
125  81
130  124
143  131
138  106
109  86
115  77
130  94
134  164
166  111
130  119
183  112
167  110
153  101
112  64
117  89
138  116
146  136
129  81
126  116
173  110
139  115
169  116
148  165
155  107
129  119
133  90
120  106
120  119
145  94
123  80
143  87
140  97
136  96
186  108
101  76
147  147
148  108
139  93
89  83
135  84
149  106
132  90
124  80
149  97
160  104
143  93
142  89
133  87
162  121
125  80
136  86
180  104
139  127
129  95
136  163
145  147
144  88
85  84
122  74
181  108
116  77
144  96
148  136
143  118
180  109
134  94
119  72
127  116
122  87
145  141
150  104
128  123
150  105
140  98
147  104
133  113
178  111
167  101
90  83
138  117
164  116
172  112
142  101
150  92
186  107
127  123
143  127
124  108
129  68
147  101
152  127
113  101
149  104
128  108
182  114
119  89
137  95
164  110
124  77
91  82
158  99
137  93
143  126
115  81
126  82
111  65
155  120
162  96
130  83
135  119
152  98
142  98
198  109
114  70
141  118
159  114
167  113
144  127
145  129
147  105
156  119
134  97
186  110
129  120
