983
130  96
133  78
140  114
129  73
134  94
90  71
150  71
96  78
134  84
114  99
135  90
121  92
127  68
112  85
125  91
64  67
152  74
135  83
102  76
126  79
145  108
84  80
138  87
109  71
78  76
141  90
117  96
130  92
125  77
135  62
148  79
101  75
115  74
88  64
131  95
145  67
142  67
89  76
92  68
156  81
137  119
151  82
132  63
134  72
62  66
66  65
126  83
61  62
63  62
147  72
87  89
126  97
146  107
124  84
101  68
165  81
132  88
70  60
100  78
141  71
136  86
105  97
67  66
100  68
123  98
128  89
131  81
71  65
116  74
144  111
145  105
127  81
147  75
74  72
143  70
82  68
153  76
100  88
120  80
94  84
128  99
125  80
58  62
116  82
114  66
60  66
132  69
91  85
142  89
153  75
117  66
125  97
115  77
146  104
149  71
141  118
141  111
128  94
106  95
130  72
100  59
86  67
143  83
111  82
153  84
156  82
135  84
152  82
99  64
68  69
117  77
71  70
74  61
142  70
137  71
130  74
158  82
112  64
149  76
68  64
143  77
68  59
153  81
108  87
62  67
131  87
130  71
166  83
141  69
143  79
123  89
86  70
116  76
78  64
102  60
82  74
95  84
90  65
126  82
90  83
123  100
80  77
126  74
85  87
61  68
118  98
73  67
90  85
91  82
134  80
101  88
103  76
129  62
150  80
102  70
153  83
143  68
98  85
70  68
158  88
152  108
91  92
137  84
125  72
133  83
117  98
139  82
106  68
122  59
157  87
134  97
99  61
115  96
139  93
144  75
148  78
142  88
143  110
120  82
129  69
109  72
136  75
150  72
133  73
146  72
128  76
149  106
132  87
135  70
132  85
142  79
64  66
156  80
65  65
119  81
115  63
131  85
161  79
160  81
88  87
101  64
131  66
111  67
132  79
111  77
90  77
95  80
94  66
150  81
62  69
149  109
132  66
131  96
74  58
102  84
138  83
133  77
117  67
138  81
106  63
135  78
155  77
67  69
107  87
106  75
68  71
60  67
136  115
114  76
115  73
142  100
70  62
115  84
62  68
96  75
140  65
109  77
129  96
113  67
141  78
135  89
73  73
149  84
132  81
140  77
114  95
131  97
70  66
64  58
66  62
72  62
136  69
132  75
137  72
139  74
64  60
133  62
67  65
124  80
79  78
124  67
130  95
103  64
75  70
93  77
135  66
137  80
96  81
96  88
85  70
137  68
119  64
131  91
76  74
146  73
77  61
61  64
127  76
104  58
145  83
59  62
110  70
86  74
107  62
123  94
125  74
138  84
139  117
139  77
124  62
119  79
151  81
140  76
71  72
133  93
134  90
105  66
96  84
60  68
102  93
150  84
115  85
78  79
115  70
149  85
104  90
118  100
110  66
118  80
138  112
139  89
151  78
73  75
128  92
100  60
140  100
73  64
95  60
129  77
142  85
135  64
138  75
120  68
119  89
91  65
92  84
119  60
94  92
97  83
141  96
124  64
134  83
140  70
115  69
81  69
98  91
115  82
112  57
117  81
122  98
90  62
127  80
143  103
148  108
123  92
86  72
139  72
122  80
129  84
127  67
120  85
140  69
97  82
121  81
66  66
140  87
125  76
120  101
150  109
114  84
135  96
128  86
140  71
130  70
102  89
121  71
129  78
121  85
142  99
118  90
142  77
140  98
145  78
122  100
95  83
119  88
98  58
95  69
140  79
127  98
148  73
143  66
98  66
133  70
126  94
64  64
100  69
99  77
98  62
99  81
122  81
156  76
146  83
131  71
128  90
113  99
105  74
71  62
146  81
141  85
143  71
99  78
93  69
129  68
139  81
120  91
124  73
80  80
122  87
160  78
123  66
136  89
144  83
103  63
130  83
121  66
142  101
78  63
137  83
97  81
130  77
99  69
141  89
116  83
132  73
74  75
128  64
129  88
109  84
78  81
146  106
143  81
98  95
126  84
157  80
138  85
127  96
108  96
129  63
129  74
147  104
124  77
102  94
91  69
101  70
111  86
130  89
96  65
113  81
144  76
104  66
101  80
148  104
130  94
139  76
109  59
140  97
129  87
89  72
108  65
151  74
93  61
123  78
94  94
146  78
141  79
136  82
85  84
141  86
92  78
120  75
132  74
114  75
110  63
121  99
136  87
84  64
98  63
129  83
93  70
133  80
65  64
108  62
109  95
68  68
114  63
137  93
123  93
104  71
127  79
130  79
103  67
103  79
128  78
122  86
128  77
126  100
123  82
120  95
135  81
93  86
85  67
66  57
133  81
131  78
82  81
108  64
121  95
138  94
145  72
113  89
106  84
131  84
105  81
109  58
128  80
58  65
135  73
140  85
155  87
87  80
64  68
158  83
148  74
129  76
136  74
145  107
107  68
91  83
105  65
122  65
148  80
159  80
161  83
145  81
133  72
147  80
132  76
113  78
124  60
138  77
131  64
137  77
141  102
77  75
100  92
127  90
151  110
74  67
131  79
105  88
152  110
159  85
142  80
97  68
88  89
84  81
136  88
141  92
117  70
138  69
106  96
118  69
102  66
133  76
120  99
142  66
140  74
133  68
71  66
118  97
110  68
95  72
89  83
97  88
139  97
103  93
111  79
144  78
128  73
104  72
143  84
147  83
105  75
149  104
127  74
149  108
92  79
113  85
85  76
121  79
102  71
114  89
136  78
122  74
112  74
147  77
112  80
138  68
155  82
64  65
74  62
135  69
96  87
130  78
85  81
67  63
138  72
92  67
79  74
133  69
141  94
121  77
122  71
134  75
124  78
132  91
138  121
134  69
156  87
116  94
140  78
120  90
110  58
99  71
129  61
125  99
132  90
151  75
139  90
122  99
136  93
115  81
112  67
125  81
126  60
116  67
88  90
79  67
91  64
148  71
116  69
132  84
152  111
155  76
87  65
142  69
131  93
144  77
61  69
90  72
75  80
133  86
136  79
93  65
125  82
119  67
142  94
94  70
139  84
83  79
116  80
154  80
141  81
132  65
117  63
140  118
136  80
78  84
89  91
155  83
119  87
107  63
128  85
65  67
127  82
127  87
88  82
135  77
122  75
163  83
155  80
123  95
100  84
102  96
133  87
110  96
117  84
142  72
144  82
122  94
64  59
134  96
83  73
138  91
138  96
150  74
165  82
156  79
138  88
108  98
122  95
131  74
146  69
139  80
97  73
119  92
136  81
126  98
93  71
121  82
129  81
155  88
83  74
135  68
69  67
134  89
91  88
59  67
109  93
90  76
139  83
128  70
111  71
140  117
149  73
116  77
134  82
142  103
89  77
135  87
61  66
146  71
163  84
129  95
89  65
99  70
134  73
134  88
135  93
127  75
91  86
126  99
132  82
99  86
107  59
124  71
111  65
142  87
62  58
129  80
108  84
147  105
120  61
151  111
150  104
81  65
94  86
126  90
136  96
107  81
114  70
135  94
101  81
114  72
138  90
140  95
137  91
137  95
130  97
107  96
118  59
123  80
84  87
75  75
111  60
109  86
133  90
97  65
71  64
133  88
135  71
74  60
97  75
126  93
130  93
141  73
138  118
122  78
121  69
121  91
112  66
159  87
153  78
115  72
108  97
82  78
99  85
142  78
137  78
116  70
148  75
102  85
69  64
140  101
72  73
98  89
121  59
108  70
64  63
84  68
130  98
109  65
136  94
127  91
97  94
124  96
60  70
134  71
102  82
152  85
135  72
137  121
140  75
117  89
133  64
97  59
105  60
139  79
57  68
134  63
100  81
135  75
90  79
133  74
130  86
101  95
96  70
127  100
124  70
83  78
152  75
96  80
83  75
143  80
101  79
142  84
121  94
111  90
75  63
131  92
77  71
95  62
96  73
64  62
133  84
94  77
120  78
69  66
144  71
155  78
134  87
104  78
91  74
164  79
132  86
119  72
104  64
104  73
112  70
125  71
80  81
131  77
98  79
139  98
71  60
145  75
129  79
140  115
161  84
120  71
120  79
106  92
148  81
77  68
113  62
105  64
163  82
124  90
146  80
140  111
93  68
64  70
123  72
117  75
75  68
99  65
121  72
58  69
106  88
145  73
136  68
76  64
129  82
105  58
127  69
118  73
112  82
138  79
127  62
100  66
158  87
102  65
128  84
141  88
124  94
130  87
102  79
122  70
131  76
90  87
103  86
131  75
87  87
109  97
135  65
96  79
75  74
143  69
86  81
124  79
72  65
127  84
104  83
99  83
140  89
76  72
83  76
136  70
112  68
107  73
128  71
136  91
151  84
81  83
98  81
96  93
89  71
116  58
101  76
125  93
88  66
122  85
123  97
122  76
142  90
61  60
143  82
112  97
112  59
137  67
125  88
82  66
121  93
126  63
138  82
136  76
138  86
76  81
130  76
138  76
145  74
92  76
64  61
121  98
113  94
86  87
131  88
111  58
97  69
127  72
107  75
100  79
