1387
130  143
121  125
118  98
75  123
149  76
102  109
128  78
103  136
66  142
161  64
142  100
154  68
56  162
94  104
152  82
145  66
58  157
79  143
120  129
98  122
131  81
98  131
90  99
103  109
147  87
128  76
94  125
133  141
77  136
159  68
122  115
123  141
130  142
127  133
61  166
87  124
61  153
122  118
132  86
118  126
71  127
102  129
136  143
128  110
127  137
111  107
148  71
56  160
77  143
133  76
120  107
155  66
144  71
138  98
133  87
64  163
122  98
118  97
93  105
121  115
171  67
79  142
114  104
137  91
82  140
113  103
116  112
154  70
76  145
99  139
126  99
139  100
109  104
94  135
133  107
118  109
135  94
111  101
135  96
93  128
133  142
163  64
58  158
108  127
156  61
98  140
138  84
109  121
153  84
126  100
128  86
99  107
102  112
74  127
86  145
126  117
108  100
87  120
126  120
104  113
126  94
139  80
146  68
127  84
99  110
121  137
125  111
71  148
127  90
94  131
133  81
128  90
150  81
129  140
94  118
66  156
93  103
99  125
101  122
151  74
127  91
123  142
126  119
128  77
63  157
122  109
85  141
94  130
69  138
128  131
120  91
138  105
124  135
132  90
111  117
71  137
167  70
144  88
130  74
68  138
63  155
158  75
83  128
108  112
137  80
112  113
129  78
159  61
117  129
122  113
115  96
128  85
114  130
114  103
66  165
88  132
101  117
108  109
135  104
124  134
98  115
127  139
61  158
132  141
69  133
118  127
110  112
117  113
126  115
148  78
123  113
165  66
137  103
142  99
153  76
123  92
83  148
112  105
143  82
59  167
60  170
71  140
134  97
124  121
159  75
78  136
130  86
155  74
135  78
108  118
110  105
131  92
99  105
130  76
119  130
72  147
135  72
65  169
105  108
89  147
96  120
87  130
124  77
97  102
126  135
126  113
125  93
79  154
83  132
151  84
116  124
132  101
108  135
108  128
144  75
133  74
94  116
146  72
87  144
119  127
138  83
145  93
59  163
108  103
124  117
103  133
155  67
110  132
146  78
130  78
135  102
70  162
143  87
84  148
76  128
145  83
140  69
150  72
167  72
125  91
142  95
122  86
102  130
137  100
125  77
92  118
119  117
98  102
141  71
116  120
119  89
142  79
136  78
121  107
130  131
131  74
95  131
160  63
133  93
126  98
163  63
141  81
127  143
133  138
87  147
139  90
128  135
132  100
122  111
169  67
145  72
88  147
121  111
111  109
123  101
136  94
114  118
123  97
101  105
138  90
82  144
119  125
151  75
123  115
143  93
78  154
129  81
110  135
97  123
129  74
117  96
134  89
108  107
120  117
69  148
145  81
151  82
124  90
123  89
127  112
113  99
80  147
136  141
93  101
83  150
136  80
123  109
136  82
60  166
127  101
67  161
56  170
122  95
152  74
155  76
108  116
155  61
108  114
154  66
93  123
97  129
141  92
130  92
82  137
127  129
100  118
135  93
76  129
62  165
124  94
149  73
131  84
140  87
73  152
125  97
120  106
160  66
118  122
138  81
94  122
133  136
98  107
82  124
133  106
130  98
159  67
87  123
126  79
128  133
129  77
98  105
129  88
98  111
127  80
129  106
133  103
142  94
144  78
96  128
164  70
130  109
125  81
123  100
73  135
163  59
138  91
160  78
78  140
138  96
91  145
74  156
68  139
124  125
141  102
120  99
97  106
159  62
105  112
76  141
149  87
109  124
123  93
89  120
70  152
147  92
76  123
113  129
98  103
167  62
119  118
132  91
121  124
134  84
146  86
129  83
103  134
97  111
88  122
94  123
60  149
123  82
119  133
90  136
147  69
130  89
139  74
85  134
76  135
71  139
138  87
81  143
83  130
147  77
158  61
134  90
90  131
82  148
100  112
99  124
101  112
66  143
91  121
94  137
93  140
124  144
127  146
70  157
118  100
136  86
71  128
141  94
143  71
137  84
119  129
155  77
120  126
86  126
154  62
134  144
130  110
133  88
138  79
137  107
138  69
106  102
63  140
102  133
124  103
89  139
130  79
130  102
137  99
139  104
139  82
86  144
118  118
93  100
99  109
128  80
98  143
113  113
130  94
138  77
78  125
97  118
122  99
83  121
94  115
134  105
100  109
143  98
108  120
58  151
77  135
123  98
80  127
95  108
93  118
121  94
161  72
71  133
81  134
126  97
122  128
124  106
143  84
152  85
121  135
95  120
155  80
78  138
105  136
153  78
66  136
105  123
58  164
121  91
98  116
121  113
101  106
69  131
59  168
127  145
166  69
160  69
60  167
104  120
87  136
127  75
134  83
130  145
131  88
112  97
74  123
130  77
98  133
125  80
123  104
124  129
131  87
122  100
116  115
90  119
131  77
146  85
136  93
69  143
132  103
140  76
159  65
62  169
99  131
134  106
145  94
107  117
101  115
124  119
167  66
137  77
104  116
92  122
139  89
162  64
127  79
117  130
117  106
81  139
93  125
110  114
69  140
145  95
87  122
117  131
117  107
91  100
95  137
103  117
135  77
129  134
127  82
137  101
95  144
126  116
79  122
136  96
126  82
95  107
82  149
122  112
62  163
135  103
139  81
139  101
121  123
124  128
129  115
169  70
134  107
64  149
137  71
113  110
89  133
96  119
73  131
121  103
148  64
99  106
73  153
150  63
134  71
118  114
68  146
130  115
143  97
113  115
88  140
63  160
99  116
74  147
125  82
80  122
72  140
134  88
142  78
130  97
127  130
121  132
128  145
124  80
109  131
129  73
145  78
75  151
108  125
125  76
67  165
133  73
80  140
82  131
105  137
136  99
57  167
100  107
82  127
142  70
89  127
166  62
129  96
120  110
148  80
156  80
135  89
124  112
134  102
95  100
110  120
152  75
140  71
118  110
97  109
134  139
137  102
143  80
70  134
145  73
136  89
151  65
121  109
146  71
81  125
137  95
72  138
144  96
130  95
117  98
132  84
146  87
101  114
122  133
153  83
110  111
142  72
84  122
124  122
123  117
123  80
129  105
134  73
128  134
108  111
140  95
160  75
135  110
124  96
70  163
150  80
107  120
130  114
151  78
148  81
128  104
120  123
105  111
102  105
133  100
141  90
98  113
121  92
56  165
134  104
124  118
164  64
81  123
172  66
129  76
104  137
125  103
114  122
134  75
138  101
114  116
63  144
99  102
94  105
131  95
95  126
116  127
86  128
126  101
80  134
67  167
141  85
140  85
65  166
146  73
138  82
128  107
67  148
161  67
134  136
138  94
94  129
166  64
94  124
70  141
123  121
103  113
108  126
127  102
128  99
123  131
131  96
125  131
119  123
121  93
130  133
159  60
141  96
156  75
123  107
155  75
95  103
95  122
158  60
138  88
79  131
91  123
120  121
141  69
131  75
124  115
124  101
106  121
100  137
126  84
94  120
107  107
85  132
123  138
70  128
106  114
89  136
121  116
112  125
74  157
100  117
131  100
132  74
138  75
94  119
131  79
120  122
131  91
98  101
143  89
96  116
94  100
124  79
94  107
128  89
116  125
126  133
128  84
104  111
86  130
110  133
107  116
164  73
120  114
146  81
136  88
149  69
106  130
124  139
137  106
74  134
81  124
102  103
100  134
97  140
100  127
157  70
140  79
128  101
123  126
98  118
131  110
96  134
142  84
141  88
144  94
134  94
103  118
127  140
137  83
111  100
98  129
157  76
158  65
143  68
126  129
142  88
140  98
142  69
132  85
146  83
86  142
121  136
98  139
82  143
158  62
142  90
68  142
96  115
100  122
77  126
120  119
97  112
138  72
61  146
82  142
144  82
132  112
120  127
133  101
85  143
149  88
134  109
134  80
116  128
123  118
144  83
136  76
132  76
70  131
141  79
143  69
109  126
80  145
66  167
130  134
97  119
98  106
140  93
141  89
74  135
161  61
122  105
88  141
91  122
134  72
129  102
149  71
113  130
147  83
135  73
162  60
84  138
120  105
135  81
139  83
150  71
102  107
118  125
74  140
156  66
105  127
127  87
121  98
113  101
66  164
58  165
116  94
131  78
124  78
153  81
75  127
97  103
100  136
94  102
111  106
158  63
128  108
132  98
90  144
104  114
101  108
67  149
154  71
93  137
116  117
67  145
98  142
68  148
119  120
159  69
73  154
143  81
108  104
126  131
122  94
72  152
64  144
129  87
130  93
153  73
132  109
65  141
98  119
92  128
124  132
137  72
132  75
99  113
127  134
128  141
124  131
129  80
136  74
145  75
135  143
96  144
98  134
105  105
165  71
136  79
142  77
96  117
129  136
99  129
80  125
153  68
109  113
90  120
111  123
105  107
149  84
142  101
62  150
170  68
138  99
106  111
65  150
93  107
143  94
125  141
106  119
107  125
68  136
161  75
64  155
93  126
142  91
55  162
139  93
111  124
137  78
101  119
168  62
92  133
83  126
153  75
89  138
110  125
70  133
133  86
126  93
91  143
151  86
129  79
62  154
98  109
127  81
139  76
59  158
65  155
132  79
124  120
133  90
110  109
145  67
82  123
129  142
83  144
133  80
105  113
106  104
106  105
145  84
105  116
131  85
101  125
140  89
140  70
133  83
90  130
119  92
161  63
112  131
134  96
106  118
139  72
115  126
122  117
130  87
140  77
67  146
146  69
140  74
143  86
138  106
115  118
145  89
139  84
124  130
157  63
161  62
112  114
126  143
156  73
112  111
96  124
143  70
97  121
122  80
72  133
152  68
100  111
118  129
122  85
131  109
96  108
110  124
95  119
126  134
120  90
166  65
159  71
114  102
71  160
124  84
83  122
127  116
148  69
140  75
119  88
140  102
129  99
60  160
122  108
135  111
162  61
132  88
138  85
146  80
64  141
134  110
156  79
134  87
96  133
141  73
93  102
103  135
60  150
58  149
72  125
134  142
84  151
99  108
126  90
66  152
133  84
126  142
92  144
142  89
85  147
117  122
90  125
151  68
61  144
119  115
153  70
136  87
145  74
121  120
118  104
147  75
148  75
133  77
118  107
134  82
71  130
103  124
136  75
127  74
106  122
104  121
148  90
103  110
142  80
73  159
127  100
65  151
143  83
109  117
127  76
107  106
142  85
132  87
142  87
127  132
122  124
83  124
94  106
95  102
115  104
154  63
65  171
131  97
140  101
90  141
156  76
129  95
122  123
131  117
132  81
126  128
124  141
148  85
115  119
108  117
136  102
96  142
117  115
103  125
126  118
93  119
133  97
132  82
77  145
143  77
124  108
91  99
120  101
95  115
139  79
169  62
147  80
107  113
104  123
165  65
60  147
140  78
148  86
151  81
107  115
85  128
133  72
61  149
162  70
163  58
127  104
65  153
99  119
72  135
71  151
110  119
139  102
79  148
165  62
135  137
144  77
166  71
147  88
65  161
127  96
140  97
143  66
136  81
144  76
99  140
148  74
71  154
69  157
135  83
65  158
119  128
75  144
134  100
128  136
164  62
141  86
121  85
121  95
76  127
128  113
124  114
158  73
135  84
101  123
105  118
139  97
65  164
104  106
78  132
71  136
99  126
121  122
130  83
67  162
63  147
115  122
129  84
100  108
160  61
142  98
102  111
162  72
64  138
149  85
129  117
113  112
100  104
57  156
87  128
103  107
135  75
116  103
73  130
125  88
84  137
86  147
136  91
123  95
167  71
127  131
140  100
104  122
156  67
145  96
101  124
127  98
79  145
125  116
155  78
121  106
107  121
164  67
147  85
101  104
112  124
122  87
109  102
134  111
114  121
161  65
159  66
104  129
112  120
111  105
122  81
89  123
144  97
147  72
67  140
98  108
122  126
85  144
123  94
128  94
143  79
114  108
137  93
107  122
97  115
136  70
104  118
120  109
105  129
131  93
129  82
87  137
104  136
135  90
143  88
64  156
69  132
135  71
102  125
127  117
92  120
130  111
96  111
141  78
150  74
126  107
119  122
103  106
132  73
133  78
61  151
135  70
148  79
106  107
150  84
109  120
95  106
83  135
143  91
65  143
161  60
154  80
148  73
113  114
172  67
138  76
139  98
125  99
77  140
139  77
163  68
117  118
66  144
93  124
104  115
132  145
80  152
126  83
97  107
65  156
99  104
123  105
65  165
131  76
92  119
84  123
162  59
120  95
77  138
127  138
126  103
118  123
74  143
111  127
121  99
77  128
103  111
105  119
97  104
101  116
95  105
104  110
132  105
72  142
128  92
120  135
114  99
130  96
140  105
63  154
135  87
143  90
138  86
134  99
101  140
131  106
59  157
