1130
192  141
117  139
193  148
122  87
164  117
135  90
198  149
146  124
118  114
122  117
197  150
92  79
113  81
140  131
123  89
137  102
133  122
188  133
121  107
151  111
187  140
144  126
100  81
127  90
189  141
146  104
146  126
126  100
132  130
195  140
166  124
148  104
146  97
120  105
163  126
128  107
184  133
206  146
134  105
133  119
173  127
124  117
178  122
192  143
134  120
164  109
122  99
205  153
111  101
194  134
106  88
162  115
119  115
133  132
166  115
166  123
147  102
122  76
134  90
130  110
132  117
125  121
129  95
121  82
111  71
138  101
200  141
181  131
121  99
121  115
133  113
188  146
140  97
128  123
129  96
117  75
126  125
161  122
119  72
134  97
94  77
189  143
198  152
122  111
128  133
142  100
113  103
134  87
175  132
100  78
143  91
134  107
165  115
138  132
127  96
129  105
164  121
129  84
122  71
179  124
175  123
156  119
200  151
144  94
120  99
148  110
112  80
118  100
122  98
192  147
135  94
198  153
135  124
129  82
175  122
133  142
156  108
161  121
131  87
141  120
126  124
151  119
113  78
133  90
194  139
137  101
160  109
185  137
152  117
115  85
149  104
108  70
144  117
120  71
193  134
134  109
178  133
183  138
182  139
137  122
118  109
120  78
126  97
153  107
129  117
134  100
207  146
154  114
121  106
188  131
111  77
92  78
144  97
124  114
146  127
140  101
132  115
142  112
136  102
150  104
116  70
137  121
149  111
114  70
130  122
150  100
115  72
135  104
193  149
205  146
142  116
192  133
111  107
163  107
112  74
121  91
127  101
159  114
137  119
139  98
123  97
126  121
152  108
173  132
148  94
131  121
125  97
180  139
162  119
145  93
194  149
138  116
197  139
126  119
146  106
177  133
119  67
171  126
197  140
102  82
195  151
135  93
152  103
195  141
99  81
151  112
124  96
116  80
149  127
126  103
124  60
130  93
142  94
124  122
112  82
117  96
128  99
188  137
124  90
196  144
111  82
129  99
193  138
134  84
100  79
202  139
136  122
116  74
155  126
206  145
184  137
144  118
138  94
107  68
147  124
181  139
133  101
202  141
148  95
198  151
146  98
122  112
188  136
167  113
186  135
130  97
121  69
139  104
129  122
141  102
123  109
109  97
145  124
134  89
136  96
133  103
130  114
129  120
122  81
120  90
120  117
120  110
164  110
135  119
179  129
148  115
152  123
131  85
187  133
109  86
150  109
147  96
205  152
162  126
123  118
115  142
142  120
182  140
206  152
119  118
122  86
134  106
132  145
138  91
138  98
143  128
123  121
120  95
201  144
130  120
137  91
182  141
128  94
140  120
160  116
161  113
131  110
136  116
149  96
208  149
166  125
118  80
129  83
136  99
159  125
122  100
113  110
127  91
115  69
133  97
137  124
124  120
120  68
134  110
192  146
120  85
132  131
167  111
181  135
190  134
107  73
114  103
113  99
143  97
121  85
143  93
116  77
119  79
123  82
186  128
116  94
126  99
125  99
123  100
123  115
117  70
124  135
101  80
142  101
143  98
176  123
165  120
179  130
126  60
147  113
132  98
138  121
136  93
114  72
112  105
188  142
126  115
132  112
150  128
110  96
202  149
142  91
201  153
125  124
140  118
136  119
152  111
187  139
145  99
122  95
205  142
142  90
156  109
139  101
124  80
130  128
107  75
130  89
198  141
157  103
207  152
140  132
144  98
98  79
134  96
133  86
199  146
146  107
148  97
101  81
182  130
115  84
140  115
126  116
145  105
121  95
145  122
130  92
135  103
190  142
206  147
120  114
130  83
167  115
131  84
116  69
141  111
168  113
130  115
141  89
134  102
127  87
102  76
126  135
185  133
126  83
115  81
140  89
104  83
133  106
127  102
126  101
140  114
174  131
127  112
163  124
137  106
148  122
150  120
174  128
121  137
165  124
166  111
133  100
187  134
142  98
196  143
128  86
165  109
128  90
187  143
130  98
201  149
168  116
138  96
113  89
142  103
153  106
158  123
152  128
120  79
194  143
136  117
116  83
127  81
131  128
147  114
142  129
189  147
159  117
144  111
126  84
146  130
181  128
118  118
132  125
142  108
114  99
136  89
139  117
174  130
168  112
142  106
114  108
117  107
190  136
127  117
121  98
145  101
111  79
138  106
138  99
129  127
109  84
144  121
198  142
131  93
199  135
203  144
120  75
134  88
122  115
107  87
179  134
140  95
146  120
141  92
117  77
205  141
122  123
103  76
137  103
122  113
127  84
158  121
134  99
146  111
118  69
117  98
158  106
112  66
122  70
159  111
119  138
117  63
169  116
202  142
162  123
150  106
114  76
120  91
156  104
137  107
144  122
109  72
183  133
136  136
195  142
124  84
124  64
168  129
121  81
111  67
179  128
106  84
126  82
170  129
117  67
136  88
133  115
186  140
126  93
124  78
115  82
134  146
148  108
124  77
194  145
139  89
128  89
142  127
195  134
123  124
142  124
119  117
174  127
182  134
108  96
128  126
148  96
128  104
138  125
123  113
150  117
132  91
125  80
136  112
134  139
124  119
140  102
138  117
135  102
143  110
116  112
193  136
193  147
172  118
203  143
143  90
170  117
110  105
132  109
151  110
121  77
199  153
118  110
140  111
149  97
163  117
204  141
105  74
137  100
186  138
124  101
204  154
163  111
134  104
146  125
151  103
127  100
177  124
130  102
106  75
128  127
121  94
153  103
165  113
128  84
147  94
123  72
193  140
136  91
114  95
142  121
113  101
197  151
155  121
123  107
130  131
121  122
143  121
136  94
123  117
149  106
126  90
135  137
130  109
172  131
143  122
127  116
196  150
167  128
147  121
117  106
172  124
106  68
157  125
125  91
169  119
143  127
153  104
192  145
135  89
155  107
141  118
125  76
121  72
124  79
173  129
152  127
132  88
124  94
121  109
133  87
136  87
112  70
124  115
114  84
152  126
134  125
177  122
113  94
196  135
130  111
137  93
120  107
124  112
143  118
111  100
111  90
137  95
133  84
190  130
115  144
148  117
139  102
138  133
146  122
191  137
138  88
123  78
126  117
201  143
123  101
189  142
163  121
119  120
180  138
138  87
200  146
111  86
117  81
115  96
139  90
123  105
126  120
128  85
149  118
114  102
167  119
131  119
206  150
205  147
117  66
185  141
116  103
135  110
162  111
134  94
131  95
161  110
105  75
127  121
95  80
138  90
127  98
175  121
115  143
161  111
104  73
114  142
108  84
164  112
155  111
135  146
182  126
184  140
126  118
150  97
133  107
147  115
157  109
117  89
156  102
153  100
163  118
201  147
114  104
134  142
163  112
148  113
141  105
108  97
194  142
171  132
118  73
121  120
197  142
101  76
149  124
139  127
151  127
192  149
118  98
156  114
186  143
159  127
187  145
141  121
124  121
175  127
98  81
122  78
181  132
139  126
136  118
153  101
115  73
141  129
128  108
126  134
121  139
117  113
155  117
131  118
125  111
144  96
102  79
189  146
96  80
121  103
140  100
143  126
207  150
120  101
120  138
130  121
130  119
150  126
143  103
168  124
150  105
135  96
153  99
141  90
128  110
134  144
110  68
124  73
201  141
131  109
134  111
145  102
192  134
148  100
162  121
131  91
99  77
132  86
120  106
126  98
141  96
115  74
124  62
101  75
200  138
135  111
124  106
181  137
122  75
140  117
131  127
109  95
120  121
121  66
154  122
102  71
131  100
133  118
134  121
127  123
133  93
101  79
111  106
132  123
165  126
109  71
199  148
130  94
127  82
195  143
141  127
119  81
197  136
123  93
138  112
146  115
160  108
147  119
121  79
162  117
180  129
143  94
132  87
127  134
119  92
160  123
145  125
187  142
115  70
120  82
129  102
130  86
149  107
113  85
145  108
199  141
181  127
174  119
129  87
164  111
191  144
197  152
112  67
168  128
115  104
130  96
139  93
173  122
167  127
123  66
119  87
140  119
119  89
139  97
148  101
109  93
117  115
186  139
150  116
119  64
137  99
172  121
131  117
155  120
116  67
103  79
180  136
147  105
129  119
149  117
151  123
104  71
159  104
120  80
114  66
182  133
142  125
120  119
149  108
132  85
150  98
96  78
147  92
152  110
148  99
123  104
122  118
191  132
123  92
121  116
122  105
172  122
185  136
154  128
122  74
140  122
147  101
145  107
99  78
165  123
153  122
125  103
177  129
104  78
145  94
123  94
122  108
113  67
128  113
195  135
108  98
171  127
134  116
135  143
158  115
132  124
109  77
130  124
133  129
177  123
159  112
164  115
127  124
153  98
144  127
175  134
145  95
198  143
138  122
133  116
195  144
125  116
128  92
104  72
149  101
131  97
139  115
132  103
129  106
134  118
130  125
126  113
131  88
181  126
198  147
150  113
131  122
140  127
149  109
136  137
107  81
190  147
133  88
132  100
207  148
96  79
125  93
168  114
122  85
142  95
138  105
169  125
140  98
122  109
130  123
164  125
197  144
110  66
124  103
118  97
193  143
134  127
164  116
157  102
121  93
199  152
114  89
169  113
155  118
191  136
129  88
164  126
124  108
132  105
105  81
161  118
121  92
144  101
134  119
141  103
108  87
138  110
147  103
142  99
195  145
140  93
142  117
162  116
112  85
155  104
186  134
118  107
112  68
162  112
125  77
122  80
136  115
181  134
162  110
146  102
199  147
125  81
115  77
190  140
141  94
90  79
196  148
139  100
122  65
116  82
128  101
170  132
119  88
151  120
153  123
131  124
149  121
133  124
121  113
121  71
141  122
134  123
133  83
122  94
195  150
162  108
123  95
120  139
149  128
112  97
123  80
147  104
121  111
131  106
130  87
185  142
200  147
132  90
173  121
114  75
125  122
163  108
146  128
149  103
153  128
183  141
200  145
136  86
163  120
170  127
131  92
118  90
116  76
125  82
137  115
165  112
120  109
184  142
132  84
118  104
141  131
132  101
152  98
135  87
127  104
109  102
110  70
177  130
190  144
126  107
124  118
145  129
138  118
150  118
129  115
181  130
150  114
159  107
181  124
145  113
131  96
160  112
145  96
125  88
203  140
203  146
117  84
111  105
123  98
189  135
130  95
126  94
140  105
203  152
