1524
99  141
126  128
167  161
130  95
149  108
119  133
121  113
122  128
135  96
158  89
185  87
151  120
126  119
115  126
158  154
147  130
171  110
148  100
147  92
153  107
175  93
106  119
103  111
156  109
150  109
117  107
146  122
105  105
159  112
159  85
131  91
153  150
136  112
164  111
145  95
185  92
96  117
149  104
132  124
160  89
168  84
181  88
126  113
104  115
112  136
162  112
158  98
161  160
167  157
103  133
187  91
171  98
138  99
154  148
167  90
129  117
186  96
161  110
166  88
149  138
146  111
171  99
149  137
142  99
172  153
169  107
146  106
129  127
150  128
144  118
134  97
91  123
150  100
157  102
107  113
141  111
99  129
186  85
159  145
95  120
168  113
196  84
97  123
134  121
162  96
134  123
155  133
91  122
94  129
150  118
114  103
94  130
150  133
162  102
90  125
174  86
179  98
145  99
163  158
163  111
140  105
166  91
178  92
173  77
185  84
175  101
158  147
179  75
163  153
148  110
128  110
124  121
89  123
162  115
107  115
108  126
184  98
129  122
179  90
107  117
186  80
100  122
101  112
126  117
143  118
135  94
146  104
113  133
108  125
180  92
156  108
154  133
109  121
172  78
144  97
100  117
155  126
171  154
166  97
146  97
142  120
168  112
168  106
186  88
183  92
138  110
180  91
176  88
128  108
85  132
191  80
168  95
165  88
133  106
164  116
136  116
135  111
174  99
184  83
157  149
128  107
158  148
162  156
142  106
168  153
110  132
189  83
126  133
172  94
114  122
99  131
112  125
189  78
161  113
196  87
151  143
170  100
157  109
142  94
155  98
126  120
120  123
167  113
151  129
163  82
116  115
165  93
157  131
159  147
149  111
174  89
133  116
101  119
130  102
140  115
173  97
107  125
177  88
163  142
162  159
163  140
119  128
124  129
123  124
110  109
123  109
108  109
175  86
192  90
148  117
99  124
158  96
134  109
127  116
164  152
158  115
140  97
169  83
153  98
195  89
103  110
118  123
142  125
110  135
123  117
157  80
143  127
163  159
155  136
109  117
192  83
189  87
149  136
148  113
158  150
138  122
141  96
167  92
152  96
161  88
165  113
120  129
148  95
177  80
166  106
133  113
164  151
173  91
148  122
193  93
185  80
157  133
148  99
143  122
171  109
166  105
138  121
120  114
124  122
103  113
181  78
127  102
150  92
164  143
171  83
158  99
150  137
168  97
94  135
125  131
190  88
170  99
162  166
167  101
184  79
176  84
158  87
106  121
180  83
173  105
128  131
144  122
188  90
114  118
161  111
148  101
102  125
130  121
185  83
163  78
155  144
103  136
151  135
151  141
123  131
183  98
123  121
152  126
176  83
136  122
118  129
137  124
100  112
139  98
175  96
159  130
101  122
92  128
92  120
186  92
164  98
162  142
108  103
120  127
158  156
181  83
158  88
145  94
153  100
150  87
171  90
149  106
139  104
151  127
178  88
181  95
177  90
180  78
181  75
183  93
146  126
131  95
98  118
187  95
157  134
111  107
153  138
132  130
138  106
160  112
135  119
132  109
156  132
159  117
130  94
111  124
180  77
99  126
148  138
162  116
153  106
108  117
96  124
182  74
111  117
159  132
190  84
122  109
159  103
130  131
136  118
140  117
164  153
113  110
171  80
147  124
134  118
184  94
153  122
93  124
149  127
135  110
163  99
147  121
148  115
136  102
197  84
93  126
150  117
174  80
176  101
191  84
85  141
163  150
192  84
112  120
178  84
143  121
183  90
161  79
169  86
162  147
159  156
179  87
114  108
155  104
160  134
101  117
182  98
145  125
152  145
137  95
185  94
166  152
143  94
165  89
156  135
137  119
183  83
154  149
156  102
101  124
123  126
174  94
181  87
145  96
167  94
142  108
151  139
183  80
130  119
146  98
153  129
118  127
137  102
157  145
142  100
174  76
159  135
172  108
123  105
97  118
112  124
98  113
167  105
90  136
168  159
179  99
89  127
150  105
191  85
157  148
165  108
179  96
160  88
154  136
183  88
145  101
149  132
127  129
173  88
125  103
162  151
104  110
99  119
174  95
174  84
170  110
153  128
155  137
158  138
189  93
139  117
186  79
113  130
158  144
116  128
164  106
160  151
160  99
157  103
141  122
188  95
147  87
104  113
110  125
122  123
122  118
105  127
178  77
105  108
108  116
178  86
148  86
155  93
155  121
114  133
111  106
149  135
171  107
167  110
171  86
98  111
126  121
99  140
144  126
156  104
106  107
173  80
146  128
105  137
159  150
112  113
118  110
123  113
144  111
114  121
154  144
88  140
141  118
168  155
162  99
127  130
155  107
179  89
126  124
147  119
190  90
131  110
197  83
148  104
105  129
164  78
152  88
159  97
94  119
131  121
157  146
184  84
188  83
121  103
120  106
180  76
155  82
134  106
159  131
134  100
164  112
142  112
124  120
106  130
149  121
165  112
112  114
124  118
153  123
162  106
94  122
137  122
178  83
133  129
104  123
155  80
147  96
175  83
129  105
166  93
132  115
177  89
123  107
103  109
152  108
147  113
156  95
110  124
152  110
185  98
188  85
124  112
87  130
194  82
134  131
91  143
162  161
185  93
121  109
169  95
157  138
164  86
154  90
107  106
168  110
166  108
130  98
147  138
151  137
176  97
145  102
117  122
134  94
144  131
164  107
108  112
172  155
131  118
102  112
172  91
160  81
98  140
155  94
119  125
160  152
182  79
169  102
96  120
168  148
184  88
165  155
127  131
159  155
160  109
131  128
177  95
159  149
116  117
160  116
121  132
94  120
146  115
167  106
148  137
104  137
179  92
117  115
162  137
197  82
115  122
111  127
138  98
150  140
151  140
160  135
138  125
119  127
175  84
170  111
134  110
186  94
155  95
146  125
159  140
139  115
156  80
150  126
103  134
151  131
95  119
97  115
194  85
100  127
147  114
181  76
124  130
127  101
189  82
151  86
100  137
97  121
119  120
174  96
98  131
125  116
151  103
166  83
157  137
164  93
185  91
193  80
104  121
164  144
138  112
114  104
94  125
113  112
125  111
104  129
169  105
160  141
137  107
170  149
133  103
169  113
102  130
131  122
154  128
162  117
105  113
119  115
173  76
94  118
145  124
130  125
149  89
162  86
161  101
113  113
132  101
172  93
163  95
89  139
172  82
94  137
117  130
161  105
154  135
151  88
163  103
122  117
164  163
147  102
130  122
150  116
142  121
191  93
94  131
114  116
138  118
165  154
153  103
134  116
95  122
190  80
192  81
145  131
160  149
161  151
177  91
107  120
173  93
160  100
154  114
158  91
147  139
132  91
120  126
103  125
182  89
138  96
163  117
154  145
120  122
106  114
160  143
111  109
113  103
163  85
170  159
133  107
95  126
117  118
162  110
140  102
161  153
168  158
99  116
131  106
110  105
93  128
160  78
140  95
156  149
150  120
99  110
169  150
185  86
102  129
180  85
94  124
124  119
140  120
145  129
123  115
152  127
165  156
133  93
153  134
139  97
139  101
178  97
118  107
189  86
122  113
130  128
185  97
159  159
103  117
130  109
115  119
129  102
89  138
188  94
105  107
185  89
176  93
168  89
178  94
189  79
180  97
120  110
155  131
168  105
181  92
181  96
161  99
187  89
116  120
182  90
167  155
131  117
91  121
113  129
117  129
145  89
142  127
135  102
109  104
132  103
171  100
157  87
134  107
170  88
174  87
121  124
146  107
143  98
127  123
104  122
146  130
105  111
175  94
146  120
141  103
149  88
133  101
102  109
159  91
121  111
104  116
121  122
141  105
169  88
158  151
165  150
147  115
140  98
130  115
194  88
166  160
149  118
158  106
152  103
122  105
169  149
127  133
170  105
163  83
127  117
89  136
162  160
108  120
145  107
155  111
177  92
125  121
170  81
162  108
102  133
132  100
118  122
181  86
96  142
184  91
173  78
198  83
131  127
151  112
93  125
169  89
151  123
142  95
164  158
123  104
178  100
143  103
138  116
142  101
157  151
167  111
92  133
143  126
133  97
166  111
137  121
140  122
126  116
124  103
160  160
90  131
154  147
162  154
172  95
170  92
151  110
152  82
119  129
98  139
140  118
109  124
128  104
108  127
128  127
131  109
147  88
99  113
127  112
160  108
161  91
142  117
120  105
156  87
183  75
169  110
158  135
182  97
136  94
151  84
163  87
150  104
167  158
148  97
148  94
118  104
113  132
118  114
155  150
122  108
132  125
124  114
96  134
182  82
146  136
147  104
124  128
145  108
157  139
128  123
130  92
166  158
144  98
121  116
118  118
95  131
112  131
85  134
104  118
152  87
121  107
156  79
147  105
170  104
105  119
105  118
109  120
176  81
156  81
100  136
159  104
179  76
176  77
169  106
171  153
156  119
179  94
167  160
162  85
155  87
171  91
124  125
116  124
134  104
145  122
151  111
165  81
179  85
194  87
131  100
148  136
112  133
106  105
142  124
164  110
129  115
190  94
94  123
174  93
171  96
154  151
159  87
163  112
117  113
130  123
153  104
164  109
163  108
167  107
187  84
98  115
108  107
156  138
137  106
115  118
98  133
145  113
133  124
163  94
116  133
141  94
163  144
150  97
166  149
130  93
147  132
141  121
98  134
108  104
155  120
109  131
160  154
166  89
151  132
166  100
90  141
103  135
183  96
159  160
162  87
162  101
175  81
163  138
110  137
171  102
194  91
182  84
155  140
108  135
124  106
106  104
161  144
180  88
87  144
96  128
132  98
83  135
160  162
153  84
167  78
98  122
136  117
179  88
142  103
147  131
154  132
157  150
98  129
117  106
162  89
158  128
175  87
152  111
162  98
148  139
130  97
130  110
110  120
152  142
87  124
148  108
155  90
88  141
167  148
154  138
124  115
172  154
190  91
148  131
102  111
137  103
148  90
168  83
159  80
169  93
181  81
150  113
116  112
122  112
138  101
184  86
196  83
169  147
134  111
139  102
118  109
173  83
150  98
140  111
155  117
105  112
130  111
162  153
110  112
108  128
149  103
149  97
104  120
136  119
146  127
174  100
153  101
99  139
149  101
131  92
180  90
149  87
127  124
128  133
166  157
167  102
131  97
152  98
170  79
104  136
172  105
101  140
163  105
174  85
152  89
122  126
113  115
126  131
122  115
186  97
116  132
140  119
132  123
187  83
164  79
121  106
97  119
119  118
147  94
164  104
149  133
169  111
170  89
155  134
144  94
129  119
161  97
167  88
101  116
101  125
137  99
143  110
123  118
173  158
147  103
162  105
190  86
182  77
182  95
115  104
150  95
159  94
165  78
190  85
144  127
177  78
134  102
182  92
161  146
116  127
134  96
125  122
169  99
146  102
156  114
142  98
182  86
170  85
133  122
153  143
117  131
140  100
185  85
189  80
121  115
164  102
158  97
124  132
120  119
162  158
119  122
169  151
110  111
137  115
105  116
144  96
138  105
130  120
157  136
158  137
159  157
152  117
173  90
196  89
188  80
107  121
112  105
149  117
188  81
120  109
130  124
126  126
93  118
104  114
104  111
156  150
162  145
116  125
86  130
107  116
187  88
177  93
177  82
121  123
162  155
166  104
128  126
178  91
147  101
124  108
114  130
101  114
194  90
107  122
139  127
136  99
89  133
171  101
101  123
156  155
149  107
152  143
167  85
130  96
134  127
87  137
135  93
146  134
159  151
108  114
134  105
161  83
135  104
93  137
164  162
169  160
122  111
100  118
183  95
149  128
163  163
163  152
184  93
197  89
144  117
176  102
96  116
88  132
129  106
163  107
96  133
143  93
159  153
157  154
154  80
165  159
182  76
168  147
165  109
180  87
192  80
166  79
186  87
136  96
92  122
134  99
93  123
145  105
126  125
158  142
189  81
124  131
135  124
177  85
164  91
160  104
109  126
133  100
170  156
151  119
142  116
184  82
156  82
162  95
195  92
157  91
156  136
131  124
175  80
84  137
183  94
111  105
144  101
143  97
168  103
111  123
168  91
121  125
154  146
163  84
134  119
138  117
93  119
140  127
172  88
164  115
158  83
190  87
127  132
161  84
152  123
134  120
141  102
176  91
153  83
155  83
177  79
136  93
132  112
140  114
191  78
93  140
159  111
158  82
160  156
141  120
132  117
167  159
151  142
101  115
126  107
107  107
128  101
97  140
87  128
155  118
162  111
98  116
113  114
97  129
174  90
165  142
131  96
105  136
132  90
120  117
134  125
145  93
133  115
126  118
90  130
131  93
171  88
154  96
126  115
153  99
122  133
159  148
158  158
186  90
165  143
96  115
150  114
139  100
165  105
133  119
163  88
118  125
172  107
159  90
108  118
156  154
100  111
166  154
163  157
167  150
146  124
178  93
165  101
129  120
160  153
127  104
183  87
156  92
163  90
99  125
103  118
187  94
136  115
109  113
91  145
155  149
141  127
158  149
126  103
152  128
150  106
96  119
98  119
144  121
119  117
119  130
160  96
167  91
173  81
153  133
143  128
145  132
149  124
153  81
168  154
92  144
149  109
170  80
163  98
124  117
182  91
118  126
127  121
108  111
120  121
167  79
174  101
126  101
126  129
171  81
168  107
173  82
158  152
168  94
155  88
105  123
133  118
160  91
182  88
137  101
173  106
110  114
120  107
125  124
112  111
139  126
100  134
122  124
116  103
153  148
168  160
170  108
135  103
152  85
188  89
110  119
106  118
165  82
161  93
159  133
132  105
92  119
151  133
180  98
177  96
170  86
119  123
177  97
161  152
162  90
130  114
106  111
163  154
161  89
148  134
160  140
103  124
159  114
121  120
159  93
149  96
87  136
95  137
194  86
137  100
152  133
162  78
174  92
132  131
128  113
174  91
110  133
140  101
148  96
159  107
131  119
106  122
