1380
99  101
173  122
149  127
169  134
94  77
147  115
97  103
133  138
161  128
196  132
149  101
120  122
106  92
114  102
114  116
174  127
138  112
193  143
123  126
145  122
155  120
104  90
189  127
84  81
192  143
119  120
177  122
145  107
149  124
136  112
134  119
99  69
188  127
103  93
194  132
155  118
145  105
149  132
101  64
106  122
156  119
162  121
92  111
131  122
152  117
82  81
97  73
104  83
162  112
116  125
134  136
160  112
145  136
136  175
93  125
161  122
110  135
120  119
177  139
186  138
119  115
139  101
95  111
97  107
139  138
170  127
174  140
126  134
169  136
104  122
130  120
139  98
127  132
121  136
97  104
100  100
121  98
135  137
89  118
107  107
140  102
100  108
133  119
107  75
90  119
94  111
142  120
150  116
135  119
153  104
103  134
119  128
142  108
190  140
97  123
163  132
143  110
129  127
103  86
120  123
95  113
149  135
155  121
133  103
156  132
144  122
164  125
134  125
91  108
194  133
89  123
132  100
117  122
100  136
136  143
95  102
172  136
131  100
142  112
162  117
176  141
165  126
134  106
137  124
107  117
125  131
130  98
140  111
118  110
130  143
182  130
167  119
165  136
160  123
111  77
101  122
128  136
91  64
162  123
97  121
130  102
106  118
103  64
188  126
131  118
144  134
130  115
92  107
134  107
178  122
100  134
95  122
173  127
142  138
179  128
110  112
120  101
98  129
123  107
134  150
152  127
92  68
108  135
134  133
161  110
145  113
144  101
114  122
165  134
137  121
95  105
95  103
187  127
104  64
163  127
137  99
117  107
154  135
87  89
181  131
147  138
105  119
134  123
98  98
129  120
148  137
177  129
100  102
124  134
90  72
147  121
128  127
122  99
89  120
109  77
100  109
126  124
130  149
128  107
93  71
139  133
132  124
103  67
92  118
138  118
121  132
109  71
141  131
167  128
119  122
174  131
155  134
172  131
174  134
146  111
98  122
159  112
129  117
149  136
162  116
111  127
190  136
102  65
118  129
106  84
130  122
92  120
108  70
118  98
121  116
89  71
134  176
153  103
176  137
142  124
190  130
150  105
116  112
91  116
114  121
107  73
138  105
159  131
151  112
186  125
137  107
122  109
125  111
123  115
122  108
102  129
115  119
109  84
127  124
141  105
90  110
134  164
140  138
103  136
120  114
126  131
126  99
179  139
139  127
152  110
149  133
137  115
128  134
146  125
117  106
88  82
123  105
157  136
192  141
146  104
102  66
140  127
146  122
179  129
190  142
86  74
181  124
100  101
165  131
130  125
94  120
170  117
94  107
95  115
195  130
120  99
142  121
140  135
187  142
139  104
90  71
131  124
117  135
127  139
91  122
90  116
142  142
87  96
181  137
154  128
136  176
93  119
112  133
105  64
149  108
134  120
163  120
102  70
114  108
93  113
182  126
113  134
100  97
120  110
109  126
146  106
133  149
104  121
108  125
99  109
153  128
124  125
137  103
108  114
135  143
109  121
123  117
104  78
125  122
93  70
132  175
128  99
94  124
121  109
124  103
147  114
138  139
122  124
161  113
117  115
199  133
110  124
96  111
132  115
122  117
151  110
110  133
175  136
106  114
146  128
197  136
143  126
96  73
99  102
91  114
122  111
186  140
149  138
135  104
138  137
118  136
123  121
150  109
166  134
149  107
135  174
92  78
116  133
92  128
96  70
156  109
150  114
195  134
142  129
126  107
94  106
155  107
97  115
168  124
98  115
173  137
133  141
179  134
128  110
146  115
123  101
126  135
127  100
96  108
132  109
103  118
133  163
123  113
133  135
112  131
121  123
150  104
135  103
130  134
138  125
107  120
88  119
107  121
138  98
93  77
193  132
117  130
93  114
108  117
113  99
103  97
121  137
126  98
150  120
151  135
127  134
140  100
130  119
111  82
105  113
100  122
147  103
91  74
134  146
123  124
106  107
140  131
152  108
88  90
125  124
108  116
91  123
197  133
192  134
190  144
101  105
93  65
139  102
201  135
138  117
130  124
117  113
190  128
121  124
133  169
112  124
136  99
142  127
163  118
126  120
158  135
188  131
141  118
108  84
117  134
172  135
124  131
94  114
159  107
157  134
127  130
181  123
163  112
92  110
134  139
145  134
98  116
155  126
176  139
108  107
133  136
132  151
187  139
146  126
95  120
132  163
164  112
192  133
134  165
95  112
122  128
137  137
101  123
110  119
131  128
100  69
137  174
148  113
134  166
140  120
152  103
126  101
159  111
156  135
94  104
121  106
153  129
181  127
121  103
99  64
185  136
108  118
149  103
165  115
113  101
148  138
137  100
121  122
152  111
140  122
135  124
160  109
133  142
106  121
136  102
148  134
104  115
111  124
124  112
175  139
127  116
85  91
150  128
130  109
129  136
165  130
102  94
146  102
141  120
117  118
159  133
101  106
109  131
126  121
92  67
131  110
148  139
124  114
151  123
189  135
130  110
166  115
122  105
148  100
151  127
113  129
99  110
148  104
135  176
111  79
119  136
98  105
121  107
191  136
107  113
175  132
137  119
96  65
170  137
158  106
105  74
102  100
104  72
128  101
140  105
111  105
108  104
90  76
116  124
140  119
176  123
172  133
115  122
145  101
142  133
128  131
91  121
95  131
101  95
132  160
118  123
163  124
189  142
93  68
172  121
91  65
120  127
190  134
98  111
127  121
109  86
123  98
172  137
195  145
134  131
121  135
116  132
166  123
135  135
165  133
100  98
141  102
138  116
165  132
196  133
129  119
165  113
136  122
184  133
131  150
142  140
118  114
132  112
103  63
93  69
173  132
148  108
144  111
102  96
160  134
107  68
127  140
133  172
93  128
116  115
134  118
158  121
128  141
92  112
124  106
117  98
162  129
97  119
99  106
148  101
97  102
136  117
191  144
148  115
101  68
134  100
166  111
92  76
158  123
120  126
113  130
114  103
188  137
122  118
181  128
147  124
131  106
91  115
167  130
159  125
152  126
191  128
175  140
127  102
123  131
95  106
117  131
131  127
124  128
140  98
130  133
104  73
182  133
127  123
89  72
129  106
136  119
162  115
193  134
180  138
93  108
112  114
168  116
109  120
92  117
139  126
156  108
98  131
151  111
169  125
166  125
120  106
94  70
85  87
148  131
140  132
143  103
132  105
95  69
114  134
134  135
193  131
107  125
130  111
114  133
144  118
123  104
106  96
154  133
98  62
159  130
108  128
149  118
128  104
138  106
97  129
132  98
99  71
124  101
145  129
99  61
175  121
132  147
129  140
135  102
119  118
138  142
124  117
111  107
163  135
157  131
103  133
104  100
149  104
93  123
164  121
97  109
181  134
91  113
181  130
141  129
121  113
118  107
106  119
161  131
119  117
94  129
138  133
105  127
118  125
103  98
133  152
161  111
121  120
113  110
147  104
158  128
112  113
153  123
134  109
133  118
154  132
170  129
104  129
94  119
165  124
115  126
140  101
141  111
100  68
124  135
182  134
110  70
134  111
94  118
179  122
171  127
139  140
133  106
123  109
138  135
192  145
189  143
110  109
91  110
98  103
142  98
110  132
139  143
145  132
141  121
124  118
150  126
155  131
126  103
188  142
148  117
167  134
140  117
174  119
90  125
127  133
89  83
143  128
121  99
97  112
140  136
149  109
130  128
150  106
186  139
167  127
124  129
151  120
118  100
178  133
145  124
119  127
151  133
147  132
141  139
105  65
114  118
180  129
120  107
98  113
115  104
125  103
131  121
86  81
133  132
90  117
125  121
162  110
124  132
100  127
181  139
185  133
169  119
104  123
160  131
126  113
124  130
200  133
138  121
102  133
98  134
106  88
155  111
147  105
108  87
153  134
90  83
90  79
99  107
168  129
144  117
165  120
157  109
101  104
194  142
87  95
126  117
136  134
149  111
163  117
96  119
88  122
194  143
164  126
177  123
120  129
117  129
85  76
120  121
143  140
175  123
119  133
138  132
134  142
185  137
151  131
164  116
116  127
173  129
114  104
116  120
143  127
110  120
181  135
103  135
99  131
145  102
154  136
122  113
104  114
134  157
134  99
184  137
105  88
143  118
99  105
132  141
100  66
110  125
154  122
151  103
104  116
109  104
139  117
99  96
124  122
152  123
133  107
113  113
118  126
140  141
126  126
174  130
186  128
134  102
184  140
141  133
171  134
170  132
133  154
101  125
132  101
142  106
179  130
187  134
84  80
131  109
140  114
161  121
106  63
168  128
157  133
174  128
132  130
150  118
127  137
135  111
159  117
104  66
129  99
96  133
136  115
187  140
95  119
149  117
153  107
110  111
141  103
99  126
163  126
195  135
102  125
95  126
99  65
97  118
176  140
87  92
94  131
145  108
123  138
120  109
156  136
147  113
108  120
100  107
123  100
183  133
172  118
102  130
128  123
118  104
168  114
143  121
98  102
150  117
177  142
155  104
97  106
147  130
106  75
116  103
141  122
106  130
88  94
130  121
144  121
100  104
164  130
100  99
102  71
113  103
134  121
145  99
99  100
122  98
104  113
140  118
98  108
179  124
90  120
164  115
95  72
95  107
146  107
112  105
105  136
180  139
118  122
167  115
119  130
129  142
127  138
132  117
127  129
106  111
93  126
133  113
84  87
126  125
151  132
108  112
105  97
172  124
162  119
159  127
99  108
109  117
113  112
129  105
163  121
98  133
137  122
127  98
122  100
87  87
133  129
126  115
96  116
95  62
92  115
124  120
147  131
144  139
138  122
134  110
112  125
129  122
137  134
97  68
150  133
159  135
96  128
181  126
165  123
108  111
132  145
105  66
143  122
130  131
148  136
134  104
98  63
145  125
98  109
115  118
171  126
177  137
150  137
142  100
105  75
108  126
96  117
108  109
94  123
93  105
177  130
92  119
163  111
111  123
119  125
155  133
87  80
147  119
111  106
167  113
171  132
191  130
126  128
99  125
185  141
145  131
134  144
142  101
136  136
182  139
149  121
138  110
121  111
191  132
134  152
101  102
151  119
186  135
132  103
144  137
101  124
98  101
105  123
96  115
175  127
142  125
118  109
175  122
105  81
92  79
151  129
142  116
120  117
144  127
89  76
132  131
113  133
180  136
101  70
110  105
124  108
130  145
130  142
112  111
94  105
133  100
104  136
106  68
133  147
133  101
194  134
139  100
104  71
109  113
194  145
110  114
109  72
149  128
111  109
133  133
133  148
161  118
169  116
149  137
133  116
167  131
86  87
134  127
90  77
89  77
112  120
159  132
98  107
155  117
142  139
113  115
132  123
167  133
127  112
107  122
142  117
147  101
135  110
135  136
94  125
171  138
123  118
140  115
146  127
136  137
97  69
125  99
105  112
103  117
104  118
183  125
171  133
160  135
96  75
137  102
95  108
177  140
191  137
124  115
128  135
143  131
181  132
93  118
128  133
138  101
105  129
94  115
175  134
188  136
102  93
138  140
124  121
118  118
157  137
166  124
103  125
164  117
116  128
150  113
171  135
107  81
99  98
122  126
118  127
162  111
124  119
127  104
133  122
137  101
166  136
130  114
144  131
111  101
149  106
97  111
85  84
125  116
127  131
173  121
172  122
126  116
101  101
155  137
196  135
141  127
128  113
119  129
104  120
129  115
113  132
88  117
134  116
101  108
93  107
91  69
147  139
122  133
97  65
99  104
96  124
147  102
119  123
99  129
136  141
162  126
139  115
152  133
97  75
105  111
190  129
189  141
128  108
191  129
186  134
164  111
101  98
135  171
134  105
168  134
98  66
160  116
120  105
153  106
104  111
132  125
130  123
94  113
122  115
114  130
156  114
146  130
128  126
164  132
94  112
193  136
177  124
154  114
107  116
113  114
177  133
94  116
131  117
120  135
94  130
183  138
137  106
108  103
146  136
105  116
127  143
153  133
126  118
187  133
85  81
103  124
92  122
129  134
159  114
107  115
136  118
136  116
155  136
131  119
151  137
92  114
199  135
116  117
158  115
146  124
165  112
109  124
153  122
188  128
106  95
148  110
99  70
138  99
133  124
148  122
108  127
146  134
94  66
98  106
160  108
94  122
133  115
152  128
146  120
88  89
186  127
99  124
142  103
122  112
114  99
88  87
107  87
121  125
142  99
134  132
107  106
126  133
96  120
93  124
188  133
96  134
157  125
121  115
133  151
126  100
105  118
93  109
127  101
143  98
92  116
159  128
111  117
129  102
126  129
144  126
127  117
132  161
126  119
144  133
122  123
