804
134  139
185  142
132  131
128  145
162  142
157  138
142  140
158  137
131  122
181  132
169  143
85  134
192  145
124  152
90  141
108  146
124  132
124  154
118  148
183  143
101  146
107  147
105  136
171  142
84  137
149  132
149  138
183  133
188  133
184  133
149  137
92  144
128  154
149  135
125  131
138  150
110  150
112  147
134  133
155  133
134  150
141  146
189  146
111  145
105  144
112  139
191  144
180  141
129  120
115  150
100  136
119  128
140  136
133  136
161  131
146  147
105  127
126  143
148  143
82  142
112  131
172  137
120  159
128  127
121  135
167  140
141  139
177  140
179  134
137  134
134  123
127  129
128  141
119  144
140  144
133  129
115  151
103  136
136  149
163  135
189  141
148  146
115  142
154  128
147  138
127  146
133  148
147  130
122  143
154  145
122  141
116  137
118  144
129  149
157  131
188  131
175  140
103  135
94  131
167  130
121  132
117  135
162  145
148  136
189  147
119  159
171  141
145  146
133  122
185  133
124  145
114  130
177  139
151  135
108  145
132  141
192  133
182  140
187  146
151  141
126  125
136  137
170  140
147  132
103  149
143  148
123  154
98  143
195  130
120  139
169  136
129  122
113  139
193  143
192  134
174  143
125  156
175  134
118  136
134  136
127  148
91  145
135  137
165  136
110  147
148  141
122  150
190  142
120  141
114  134
87  137
98  134
188  146
129  140
135  150
90  144
120  160
163  138
109  138
94  135
104  136
181  131
100  137
146  130
155  136
190  136
152  142
137  145
77  140
159  130
96  134
133  141
182  133
77  138
132  125
123  126
125  141
126  131
166  136
82  144
133  147
161  144
190  140
130  121
112  146
177  133
117  144
90  136
188  136
89  133
124  146
102  133
143  144
194  143
180  138
95  131
165  130
135  136
83  132
132  151
175  139
130  125
103  140
121  151
131  128
154  133
115  143
157  136
168  142
127  134
134  132
157  139
167  134
126  134
142  129
158  138
194  132
194  145
136  146
191  130
186  139
140  141
136  147
130  133
127  140
115  144
123  142
127  130
187  133
148  131
164  130
187  139
132  123
95  137
130  134
103  134
108  138
99  131
119  129
131  121
129  136
96  144
108  139
89  138
117  151
154  144
186  140
126  126
130  124
137  147
127  137
127  147
81  143
98  131
148  139
119  137
81  139
124  158
177  142
127  145
185  144
151  140
123  131
123  148
149  142
159  131
106  143
173  141
155  137
124  134
148  137
112  140
117  147
181  137
157  133
99  129
146  142
164  144
111  146
160  134
124  129
133  124
140  127
142  138
107  146
104  137
82  140
147  144
181  142
128  131
151  129
121  136
186  135
191  132
115  126
119  145
126  124
168  138
172  135
151  143
122  140
113  130
192  147
151  147
130  149
149  136
169  142
126  156
156  136
127  132
175  141
77  135
154  136
116  133
121  139
130  145
127  151
120  151
141  144
128  126
110  132
105  129
120  146
140  147
109  126
122  153
110  135
186  134
129  134
136  143
132  130
134  142
95  144
111  139
85  132
133  142
115  149
163  142
117  139
155  134
153  133
108  135
171  134
146  143
98  142
193  131
190  147
159  135
190  144
102  143
105  137
187  143
138  135
123  158
126  142
160  143
136  134
166  141
192  143
133  132
142  133
87  130
142  139
187  145
175  143
78  140
154  132
129  142
119  136
116  148
159  145
140  132
114  138
124  149
122  133
82  143
128  153
122  146
144  133
122  158
114  141
129  153
157  146
126  135
180  144
128  133
92  133
143  128
85  141
165  143
120  138
151  137
135  135
121  137
108  126
145  147
125  150
83  135
124  128
126  129
145  136
144  137
96  146
146  134
138  132
117  134
130  155
131  154
189  142
96  128
113  132
158  144
153  138
187  142
134  125
127  139
102  129
128  135
100  134
116  132
106  130
176  140
108  140
120  129
151  132
130  131
152  145
189  135
179  142
156  132
126  157
157  137
182  143
157  145
181  139
142  142
176  139
150  147
123  141
131  150
76  135
97  146
178  133
119  133
132  147
130  143
143  131
117  129
113  150
80  140
159  133
100  147
187  134
144  127
174  134
132  145
196  144
94  146
120  145
113  129
78  136
84  138
109  139
124  141
112  136
86  142
145  134
86  144
159  128
165  134
82  137
114  142
121  160
102  130
88  140
134  131
139  140
150  145
119  143
141  131
138  137
86  145
123  153
147  139
111  142
133  151
145  131
165  132
120  127
155  144
159  132
113  133
134  135
116  150
94  130
184  140
135  146
123  149
116  127
138  139
97  129
130  128
110  137
146  136
153  134
124  151
121  159
94  137
93  140
164  132
143  140
90  131
183  138
146  145
119  155
87  144
83  144
160  141
136  136
154  135
171  138
127  152
117  130
115  148
148  147
192  146
152  128
157  134
134  146
156  135
165  131
193  148
168  139
145  129
135  143
135  124
190  130
130  120
133  135
182  139
115  146
195  145
104  143
171  135
122  128
130  122
105  148
139  133
110  148
132  124
165  142
126  133
113  134
80  134
96  148
108  128
121  156
155  131
150  137
149  148
116  140
133  138
173  137
172  133
194  133
99  146
126  158
99  144
186  143
123  138
137  137
124  139
93  137
154  138
105  146
163  144
141  127
133  149
183  141
182  134
185  136
151  142
160  131
141  133
169  134
79  142
139  147
133  152
108  127
128  123
123  157
186  138
99  139
154  146
180  143
110  140
160  140
181  134
94  129
149  133
112  133
140  148
123  156
90  130
142  144
114  151
195  144
152  133
105  141
139  138
188  137
103  133
116  128
77  136
89  139
138  133
166  139
182  144
141  129
158  135
127  124
87  136
193  132
143  127
86  130
190  134
140  138
110  133
182  141
188  142
97  140
117  131
177  137
118  156
167  131
172  136
140  135
140  131
85  143
88  141
196  148
148  134
121  144
110  144
139  148
102  141
99  141
124  131
128  136
186  146
144  134
109  131
158  128
120  140
127  123
179  139
91  143
117  136
98  140
166  134
150  133
126  148
137  148
130  123
114  133
127  131
181  135
98  144
150  140
121  140
120  135
144  139
158  142
193  134
136  150
180  136
98  129
149  128
142  127
134  127
89  147
134  152
155  140
173  142
125  155
119  152
138  140
96  145
136  151
100  142
147  131
176  137
114  149
118  127
151  131
151  139
153  143
165  133
129  156
146  144
134  144
187  140
127  138
171  133
118  147
88  132
151  133
118  129
103  145
141  149
163  140
167  133
122  155
85  144
185  141
124  157
99  140
118  126
105  143
147  147
111  127
148  138
144  131
101  143
160  135
162  129
170  132
98  133
118  155
147  146
102  145
146  128
168  134
133  133
138  146
180  139
128  134
172  140
130  153
124  144
82  131
148  148
99  149
124  135
153  129
170  137
176  141
98  139
164  143
145  141
127  155
121  157
117  137
189  143
119  146
156  138
122  126
159  140
162  137
166  138
127  133
184  137
96  133
136  141
106  139
119  130
78  138
139  143
124  130
135  148
127  143
181  145
173  140
138  142
104  129
175  136
81  134
126  128
96  142
131  124
131  127
152  143
119  138
101  140
97  147
184  142
130  142
116  139
163  132
119  127
145  132
174  140
129  127
166  144
153  128
177  143
150  144
120  126
89  136
122  149
193  147
185  137
139  127
150  128
