1288
130  125
167  119
168  138
146  122
167  140
140  117
142  124
147  132
137  107
115  81
120  99
117  115
173  121
130  102
134  97
165  136
147  102
167  150
172  133
124  106
172  121
150  109
169  119
147  103
157  109
145  102
149  121
128  113
148  110
138  132
195  186
138  94
138  125
137  134
153  128
167  160
149  127
121  99
172  149
151  119
177  143
165  112
172  118
152  111
160  112
126  118
131  128
163  117
106  92
156  114
175  144
209  168
113  94
159  153
179  159
164  132
164  117
143  110
105  97
129  122
136  96
143  98
128  85
149  108
120  114
166  139
151  110
132  125
168  155
212  169
111  109
132  87
146  102
122  87
149  104
148  141
177  154
133  115
133  132
132  100
165  126
123  95
152  123
191  168
171  153
126  124
165  133
132  105
101  88
128  99
127  121
139  97
163  135
155  144
144  122
150  137
116  115
169  143
137  122
154  122
134  110
153  122
118  109
147  130
130  123
154  133
104  72
125  82
172  153
121  107
140  101
121  111
173  153
126  97
129  106
114  108
133  101
138  99
145  141
129  120
134  121
134  104
204  166
119  120
127  131
148  134
107  81
152  128
178  152
147  114
138  133
163  126
160  131
167  159
167  161
177  151
203  169
199  166
159  112
172  155
139  102
111  106
138  105
166  115
147  121
162  142
160  135
122  80
168  134
129  127
144  98
99  85
169  113
160  154
113  99
116  80
162  123
161  113
137  99
156  119
154  128
173  132
162  155
130  111
130  95
136  136
127  98
131  109
158  148
155  131
173  122
134  99
150  105
100  84
178  155
118  98
176  151
174  148
128  86
174  131
108  103
160  123
123  93
145  131
135  111
129  99
138  121
152  143
171  141
148  136
145  101
182  165
164  153
132  98
141  122
127  116
118  118
130  87
185  166
157  145
172  122
123  94
128  84
148  131
110  105
160  151
197  166
207  166
122  99
175  141
150  120
123  97
144  133
156  136
173  158
139  126
125  99
126  100
182  148
131  110
159  133
142  116
183  168
124  114
162  153
168  113
128  123
134  119
104  73
131  119
137  124
123  107
130  119
127  132
166  158
144  101
164  158
100  79
169  136
142  120
115  85
146  111
134  94
142  106
158  138
128  127
130  93
160  140
194  160
158  149
127  112
158  137
165  132
164  152
161  151
102  93
126  125
133  129
127  84
172  131
132  112
189  179
170  127
105  81
128  94
152  127
177  144
136  93
107  75
140  122
125  97
176  144
168  112
122  111
149  138
105  99
182  152
127  96
197  176
185  161
144  127
104  78
113  101
119  79
195  175
161  131
96  79
175  140
122  118
123  101
130  122
158  154
143  103
153  134
145  129
134  109
131  92
149  132
143  121
131  127
137  100
123  113
116  77
186  176
157  149
123  109
162  111
162  117
145  107
204  167
157  137
113  110
180  149
160  116
99  81
155  134
126  113
150  144
134  106
121  113
162  159
157  138
170  163
159  132
169  160
141  118
167  115
125  122
147  101
139  115
127  117
116  82
169  134
159  131
146  106
175  160
123  117
122  112
149  128
116  103
163  158
128  107
157  136
157  134
108  87
194  161
155  136
148  138
138  106
135  110
103  79
181  156
115  84
163  124
157  139
159  150
145  99
121  79
151  132
137  103
137  95
151  141
176  149
112  97
171  127
170  159
106  98
158  158
141  133
146  134
162  158
166  152
192  182
165  155
133  118
151  142
180  152
158  152
123  82
134  127
133  90
150  133
195  181
168  160
120  85
162  154
169  125
166  154
173  129
172  135
202  174
180  147
181  165
114  76
103  86
132  117
175  158
195  167
168  153
115  104
199  165
96  80
130  109
142  101
131  87
133  133
150  126
179  151
127  124
133  106
114  75
128  90
120  101
142  117
118  107
145  105
136  117
133  103
127  102
135  137
111  86
171  149
126  120
126  116
111  107
111  82
173  149
162  147
193  174
188  160
166  123
99  78
192  175
103  93
123  92
172  146
199  164
168  142
182  161
147  124
138  135
171  162
140  105
190  176
134  100
193  177
118  104
125  88
161  110
152  133
150  114
116  112
173  127
164  151
137  102
181  154
178  162
146  136
134  133
123  89
159  130
140  95
136  137
189  176
126  126
126  94
158  151
146  107
162  151
122  108
133  122
154  135
150  117
185  159
163  132
175  148
195  187
189  175
193  159
171  126
162  137
163  111
126  131
131  95
140  127
120  82
130  133
165  131
163  150
138  117
196  161
138  122
166  157
182  149
120  106
141  121
174  127
130  98
165  115
142  103
173  152
120  91
146  125
149  124
139  127
150  118
167  127
125  103
163  154
163  118
143  127
166  141
165  134
111  101
182  158
125  93
171  142
190  168
132  101
173  150
177  142
164  116
154  136
113  78
157  150
109  93
165  143
140  120
141  102
133  107
138  96
152  126
140  100
108  97
165  156
120  110
133  93
189  168
151  112
131  96
154  144
117  84
171  150
136  119
131  97
134  135
135  93
146  120
156  109
134  120
174  157
168  114
162  116
159  149
154  114
122  117
169  142
128  101
134  90
112  85
130  94
114  84
122  98
155  117
130  89
128  133
176  141
168  158
136  134
170  140
158  142
138  116
129  105
132  131
171  134
159  127
108  98
158  135
117  113
170  146
170  132
143  131
195  184
150  116
134  102
158  115
166  160
98  85
164  130
182  163
96  78
193  176
162  112
153  138
166  134
120  107
145  134
161  122
176  140
129  96
149  137
163  152
175  152
112  80
133  97
137  115
124  120
193  160
170  129
117  107
98  79
163  159
172  154
187  178
185  173
154  146
136  122
173  141
174  140
148  139
144  137
132  91
150  128
164  125
121  120
159  111
143  126
129  102
140  97
130  120
114  89
122  95
123  121
166  144
169  149
145  124
138  137
209  169
175  132
170  162
165  154
127  104
143  118
148  117
167  131
126  121
102  79
125  121
130  115
184  160
187  170
176  152
134  131
120  80
137  121
151  129
138  118
117  81
131  117
164  126
156  108
126  115
149  107
144  118
120  90
126  83
120  109
159  128
114  95
134  132
180  159
126  84
123  100
126  129
138  110
132  103
127  87
175  143
139  100
173  140
118  90
142  99
162  119
96  81
129  95
165  124
128  108
140  131
113  85
135  102
137  101
177  153
111  105
197  173
124  108
152  110
180  154
169  116
104  100
135  119
121  115
119  89
127  130
164  111
165  142
159  151
141  131
148  143
107  73
147  115
130  114
128  134
174  130
153  106
121  103
140  132
122  115
186  161
159  145
159  114
101  81
209  166
111  77
101  79
148  108
102  85
105  74
156  135
144  97
117  106
179  152
142  98
207  168
149  111
142  133
144  111
121  116
146  124
165  123
141  111
132  90
165  150
117  89
166  138
122  81
195  178
184  164
130  110
173  155
132  115
155  137
151  135
157  125
134  116
171  132
196  172
131  106
135  136
157  131
106  84
155  133
168  128
122  94
131  91
140  135
158  121
186  169
187  157
126  99
149  103
123  105
171  154
130  128
171  146
183  153
142  125
114  99
140  102
159  140
178  147
130  96
131  100
114  102
97  82
168  159
163  121
112  74
162  115
148  122
140  114
178  146
162  126
97  81
160  143
161  153
160  156
141  120
161  146
131  93
146  115
147  105
192  167
203  165
151  143
145  125
170  117
123  118
108  104
139  104
141  96
147  119
100  81
133  113
181  148
156  132
111  79
139  98
131  124
166  149
119  92
160  153
151  139
121  94
131  121
115  82
114  104
145  136
148  113
106  95
168  129
157  148
122  123
168  139
144  134
159  125
156  149
147  113
134  136
133  138
122  100
134  105
149  106
164  115
178  156
124  84
191  163
166  111
189  169
116  94
144  131
176  150
142  127
106  88
121  81
160  152
155  121
149  135
151  123
174  146
117  96
140  119
184  154
171  138
126  98
163  144
130  124
142  112
209  171
136  112
170  144
121  92
140  118
107  96
113  89
142  138
193  168
106  75
195  170
154  147
156  138
146  142
188  174
126  101
143  97
198  167
140  136
187  163
121  82
171  135
141  127
144  117
109  97
193  183
193  179
140  115
167  134
167  158
169  147
124  103
124  115
127  123
159  117
149  133
122  113
130  121
141  105
159  156
135  135
102  76
101  80
125  124
124  112
126  103
105  75
154  138
157  146
115  77
133  135
126  90
104  71
173  142
168  148
158  128
122  86
146  127
134  96
134  118
185  156
173  154
134  107
136  118
101  76
120  117
113  103
151  127
188  172
153  133
196  169
137  93
115  96
163  127
157  133
191  176
146  104
162  145
186  156
171  133
119  87
109  104
170  149
121  85
159  155
135  104
103  76
123  124
149  118
153  107
127  90
183  165
119  118
174  128
155  140
185  157
167  111
123  98
136  116
188  166
114  103
108  96
193  172
125  91
161  118
124  101
103  97
128  126
127  100
112  82
104  83
163  153
165  113
152  117
148  104
168  147
195  166
139  133
178  157
176  145
170  145
188  158
180  150
126  128
188  176
188  161
164  110
124  122
179  160
129  87
180  148
183  152
142  129
111  90
101  75
155  118
177  149
120  119
148  115
162  121
184  153
130  131
187  161
158  123
145  122
124  117
154  145
138  112
134  125
132  88
191  184
160  141
99  77
159  148
138  101
132  130
122  105
173  145
142  121
172  140
185  158
120  95
176  160
206  168
134  111
131  122
163  112
102  82
188  162
132  109
102  94
184  168
135  124
126  119
149  142
161  111
126  107
133  100
143  122
172  137
162  156
179  153
122  85
205  167
197  178
195  171
183  155
108  84
168  146
111  100
151  140
98  81
149  117
160  149
133  116
197  163
153  123
121  98
149  109
107  99
164  121
121  93
146  128
164  143
109  102
142  100
128  89
159  157
151  133
162  129
170  156
149  136
102  89
99  83
119  115
154  132
151  137
130  92
140  111
183  151
138  98
118  110
135  103
159  147
169  151
166  124
157  151
157  154
178  148
188  168
174  144
125  116
162  110
136  94
140  98
126  117
118  80
110  96
126  93
181  147
109  77
192  183
128  104
124  94
128  92
166  136
192  178
106  96
147  104
147  139
172  124
104  90
146  130
124  96
116  76
161  128
159  159
120  79
118  97
131  88
150  113
168  124
165  130
173  151
169  150
120  105
134  123
161  152
196  175
167  148
163  142
124  121
159  135
161  121
185  152
100  88
127  91
112  105
124  118
129  134
151  111
137  119
136  99
163  138
121  95
132  123
185  154
135  96
130  134
180  153
155  120
172  144
192  173
155  111
125  111
193  175
167  133
153  129
147  131
143  128
175  155
123  115
99  86
209  167
118  100
164  144
141  103
189  158
122  109
197  167
131  118
139  101
189  162
179  146
145  108
166  125
133  119
145  113
204  165
168  154
177  156
187  162
167  128
136  115
193  169
175  151
174  149
128  131
132  124
148  137
163  157
155  126
165  120
117  77
187  169
127  129
163  140
145  132
150  140
165  159
173  137
178  154
167  157
201  167
136  102
195  185
129  117
121  106
102  84
141  129
118  114
170  137
188  181
107  87
121  109
133  136
117  98
161  144
130  97
146  126
144  126
108  100
163  120
147  138
105  88
168  116
113  81
109  84
121  91
116  83
119  117
119  88
175  153
129  115
152  142
129  88
153  143
119  81
137  106
167  155
158  147
160  134
150  104
186  155
174  143
172  136
129  119
135  94
109  95
164  112
158  150
110  109
169  145
133  124
130  86
180  161
124  119
151  120
124  90
144  139
167  113
109  86
167  130
195  183
172  151
150  106
134  139
198  162
158  144
123  104
128  110
142  108
139  117
127  101
189  163
152  108
133  88
151  131
100  78
144  121
197  177
