685
134  109
124  117
116  124
97  121
132  117
109  124
110  111
140  122
122  118
182  126
104  115
124  112
99  126
112  139
184  111
128  108
134  118
114  122
81  123
98  116
184  110
120  121
130  128
121  116
108  139
86  120
130  111
107  113
173  115
144  121
134  119
126  120
90  116
137  115
192  109
101  123
175  114
116  112
143  121
181  112
126  118
181  111
128  113
123  107
134  111
92  116
152  126
133  115
130  114
92  117
163  124
125  122
124  128
94  124
143  122
85  117
131  127
116  133
107  120
167  115
178  111
181  126
108  120
92  115
94  122
123  124
141  118
120  114
116  120
148  117
107  121
110  132
146  126
87  124
90  120
112  114
92  120
142  124
153  123
97  115
96  124
190  106
105  112
117  115
140  127
131  121
134  110
109  126
190  111
181  124
103  118
132  123
139  126
145  122
121  123
124  103
130  120
127  116
124  115
176  123
91  121
129  106
189  107
116  128
123  121
146  128
117  131
181  113
158  115
183  112
140  120
127  102
169  119
175  121
175  117
100  118
100  122
110  133
199  103
131  124
126  116
80  121
180  110
119  120
119  118
188  105
109  121
156  119
144  126
173  113
115  119
180  129
172  122
85  120
105  123
124  125
136  122
138  116
154  122
119  117
129  115
152  123
122  124
168  116
109  120
94  119
119  127
150  116
166  123
130  124
109  131
114  130
95  122
158  121
128  101
147  119
165  113
98  118
115  122
121  124
83  122
181  130
147  114
141  121
113  133
176  116
99  116
163  126
128  126
149  128
175  127
173  121
165  126
118  129
91  116
132  112
118  126
177  122
161  113
156  114
186  114
104  121
146  115
96  115
178  118
112  111
133  119
122  105
86  117
135  111
180  115
131  106
142  116
166  124
87  123
178  114
93  124
183  110
182  108
122  128
133  124
88  117
108  135
144  122
113  113
138  125
108  126
104  120
141  122
150  126
122  117
122  126
113  129
87  117
107  125
121  122
180  114
161  118
98  115
99  125
145  113
110  137
197  108
103  124
124  118
186  112
162  123
134  125
122  115
129  127
137  124
136  119
106  114
150  113
179  117
187  110
184  115
136  116
141  127
126  101
166  115
119  129
92  119
108  138
160  116
164  115
140  114
136  118
126  121
138  112
87  122
155  120
79  122
108  118
164  116
84  118
103  125
143  127
167  119
126  113
145  124
159  114
149  124
120  122
85  118
139  127
129  120
174  115
179  116
114  116
117  113
105  119
113  134
189  108
113  132
136  115
128  99
126  128
139  115
93  119
90  117
162  121
119  130
142  120
126  103
126  125
152  127
185  108
134  127
127  121
130  109
126  119
196  107
108  125
123  126
117  122
139  117
127  123
126  115
105  116
127  100
190  109
124  119
107  115
106  121
178  122
135  119
114  134
103  113
182  115
150  120
127  101
91  115
146  125
155  118
101  116
130  125
184  114
105  127
181  127
92  118
116  127
110  124
186  108
123  115
120  119
88  119
115  118
130  123
110  120
89  118
131  122
124  120
100  117
128  104
111  139
140  115
127  112
110  140
114  133
131  119
180  117
121  111
163  112
163  120
155  117
96  119
148  115
175  112
113  112
99  119
87  118
108  128
118  118
179  129
138  118
161  121
114  142
134  116
83  121
92  122
110  114
122  108
112  140
106  122
189  111
163  121
170  117
113  139
104  123
179  124
109  117
177  123
123  105
81  120
113  130
131  117
150  114
124  121
94  120
114  121
166  125
131  118
119  115
141  120
191  107
105  113
125  124
133  113
118  125
140  119
182  118
123  118
175  123
197  107
196  104
155  121
115  126
147  115
165  120
101  125
134  123
165  115
101  117
148  113
178  116
120  123
185  113
147  124
121  120
89  123
172  121
197  103
108  114
181  114
198  108
130  110
121  109
119  122
126  126
112  131
103  117
94  115
109  113
153  122
150  128
116  125
181  128
126  117
128  110
182  130
90  119
116  115
178  119
140  117
142  125
113  115
95  119
82  121
101  115
98  122
191  109
106  119
190  107
95  120
120  109
129  119
147  121
127  124
110  125
125  103
165  124
131  110
97  118
138  117
142  127
94  125
179  113
82  123
128  127
94  118
151  120
101  124
150  118
112  125
186  107
117  130
188  106
104  116
158  123
112  133
149  117
191  110
133  118
122  123
146  120
111  127
165  112
112  124
101  114
175  122
152  117
162  116
142  117
132  124
125  111
159  117
143  126
114  118
179  128
107  122
162  117
144  127
177  124
117  129
122  111
117  118
120  117
101  119
126  100
196  103
185  112
150  117
142  112
162  119
179  122
119  125
129  105
105  118
143  118
95  115
187  109
120  129
104  114
118  114
108  112
173  122
182  111
184  109
178  117
125  116
164  117
107  116
164  121
136  117
97  123
123  113
182  114
113  114
120  127
131  128
80  122
91  123
127  104
109  139
174  113
138  121
174  119
137  122
110  119
111  123
118  110
149  121
144  118
142  121
110  135
107  117
123  104
108  116
87  120
165  123
122  113
101  122
134  121
183  111
120  126
123  117
132  109
98  119
132  125
161  122
151  119
133  122
131  109
187  111
177  129
124  114
94  123
91  122
196  106
178  112
96  120
93  123
179  119
111  117
146  127
116  117
129  102
114  141
106  118
164  112
130  119
104  122
145  125
162  112
180  112
154  114
118  122
86  119
93  125
186  110
118  123
183  113
108  117
112  136
138  122
191  112
189  112
88  122
110  112
119  123
144  117
119  128
169  116
164  125
126  124
186  113
175  116
125  121
140  118
187  116
172  118
179  110
178  115
111  142
112  120
124  122
121  125
164  126
116  132
148  122
121  113
137  119
163  118
124  108
181  110
124  101
162  115
133  116
146  122
94  116
118  127
136  112
112  113
96  117
190  108
109  138
137  121
187  114
104  118
130  121
99  124
120  110
122  109
180  116
147  113
130  122
149  127
123  109
126  107
176  115
89  120
127  117
146  124
151  127
129  122
128  107
128  123
163  117
132  115
124  106
160  123
130  115
179  121
134  120
114  138
192  105
111  124
121  115
96  116
175  118
177  118
84  122
84  123
135  124
129  117
108  127
122  112
149  118
172  124
151  123
102  125
97  119
93  118
104  113
