742
194  91
147  96
158  98
150  98
141  94
132  90
94  95
190  103
114  104
202  85
129  115
147  103
89  91
130  96
130  93
127  116
132  123
128  94
156  92
138  86
106  102
181  101
163  98
130  87
159  104
147  92
194  87
163  94
153  101
123  89
191  93
135  103
130  95
129  119
190  91
139  102
150  104
195  89
150  97
128  101
94  94
122  108
120  110
164  93
188  103
110  96
183  96
116  94
132  84
155  104
185  97
192  105
123  98
141  88
118  98
158  91
202  89
144  97
90  94
182  98
145  99
123  117
120  107
128  104
175  96
122  95
100  99
125  97
101  95
130  124
125  122
99  100
189  108
174  99
176  101
139  104
135  84
142  98
183  90
195  94
102  89
165  93
190  88
188  90
160  104
129  95
179  94
130  98
132  124
116  103
160  99
147  101
133  97
130  115
126  119
129  122
188  102
100  97
124  90
100  102
190  87
143  90
156  95
134  97
171  96
191  109
134  102
152  103
102  96
165  101
134  94
131  118
179  98
123  93
105  88
175  101
103  93
131  128
124  103
161  101
104  101
124  96
127  112
168  97
93  98
88  90
164  102
172  94
127  121
87  96
142  101
126  98
134  82
190  96
185  92
148  94
182  104
132  98
114  89
190  106
158  99
146  104
162  102
123  101
136  81
159  103
107  96
158  97
138  101
130  125
125  103
103  97
161  97
142  89
138  85
107  99
99  98
129  127
118  109
147  104
132  101
161  99
112  97
182  95
183  93
122  117
171  98
137  103
186  94
127  104
191  107
137  84
138  105
190  111
148  104
126  120
124  121
174  95
186  105
180  97
118  104
140  87
142  103
186  92
189  99
113  103
131  88
108  100
131  85
88  94
124  94
138  96
146  102
95  95
144  94
177  96
137  99
142  100
125  121
143  94
134  106
98  89
123  109
130  119
134  84
148  101
136  87
140  102
193  93
135  83
133  101
169  95
117  89
130  92
190  99
146  98
91  92
139  84
119  117
139  97
153  99
123  121
171  102
158  96
130  86
91  99
117  107
201  89
197  89
123  97
94  92
155  93
108  98
118  90
181  95
187  109
131  84
185  106
126  128
190  94
125  91
145  102
85  91
128  89
188  89
123  115
117  106
123  92
93  95
121  98
135  90
132  91
120  101
147  94
138  98
84  92
131  92
136  89
96  97
148  97
143  93
100  88
118  107
131  93
135  93
136  94
98  102
121  99
141  96
87  89
156  104
162  99
97  98
148  96
127  102
98  95
109  102
149  96
185  94
114  102
141  105
121  106
122  99
97  97
169  102
146  97
174  100
139  82
145  93
93  100
162  101
96  93
106  95
187  103
126  93
183  95
98  101
133  86
194  88
118  97
106  98
123  100
182  91
194  93
138  87
120  91
109  97
142  94
187  91
88  89
121  91
121  92
140  100
149  97
160  100
139  80
106  88
134  87
115  96
101  98
121  103
96  98
190  109
134  96
121  93
122  105
192  109
98  98
170  99
134  88
169  99
132  86
163  95
131  121
127  124
137  100
130  120
122  111
140  97
150  95
109  95
135  89
133  103
125  99
142  95
128  92
155  94
133  93
105  99
174  94
113  101
131  91
187  89
142  99
139  81
185  103
138  81
126  100
120  99
156  102
91  94
117  98
127  117
134  90
97  102
182  97
137  106
122  94
187  105
134  100
126  124
118  110
123  107
129  102
128  108
129  96
188  98
111  90
194  90
101  101
176  97
104  100
174  101
115  104
126  118
129  105
114  95
143  89
124  119
140  98
187  95
185  98
140  105
133  87
124  112
177  95
132  103
149  101
125  116
184  98
144  96
145  95
135  96
111  101
148  100
139  90
100  101
108  96
142  90
126  113
184  91
136  102
122  98
185  93
185  91
113  89
181  96
188  104
172  95
132  85
157  103
138  99
133  100
136  80
138  94
134  99
166  100
189  93
130  123
124  114
180  98
131  87
187  94
159  91
132  87
145  105
131  119
151  103
206  87
137  95
126  94
139  83
118  100
123  94
124  120
137  101
132  105
124  115
130  97
100  98
135  102
136  96
129  120
140  95
168  95
128  90
121  115
136  86
131  100
192  90
94  100
134  83
126  125
126  117
196  89
120  95
191  110
139  101
105  97
95  100
138  82
87  92
190  107
100  92
128  99
194  94
204  85
122  112
140  101
184  102
166  97
182  103
137  83
178  97
104  90
139  93
120  106
127  91
102  100
153  103
186  107
111  100
126  103
150  100
145  101
191  98
131  124
121  116
134  104
184  105
157  91
98  91
169  93
84  94
109  93
130  128
103  98
138  91
129  87
155  98
180  101
126  97
188  95
181  92
125  88
189  96
137  80
197  90
127  123
155  95
123  105
183  92
159  97
92  95
128  110
153  100
128  113
171  100
136  93
182  92
188  105
126  115
121  111
125  93
99  101
128  107
127  96
186  96
171  101
148  90
147  102
190  90
152  96
157  102
159  94
122  115
192  97
126  90
162  95
131  95
121  109
133  90
108  103
114  99
119  115
145  94
136  99
188  97
123  118
164  98
141  92
160  96
121  107
127  90
174  96
113  99
130  114
93  96
138  84
141  103
128  123
127  100
133  83
162  98
186  97
154  96
136  82
122  109
141  102
87  95
144  98
186  100
166  93
143  91
119  89
205  89
137  93
145  96
130  89
190  104
163  99
188  94
135  81
173  97
149  103
142  91
126  121
153  106
179  96
129  117
128  127
89  94
178  100
139  89
123  113
144  101
139  98
114  103
188  100
102  93
121  95
120  90
139  100
140  89
175  94
143  98
120  105
99  96
122  118
184  93
187  88
133  88
106  96
206  86
183  98
148  95
152  98
130  121
101  102
138  106
124  117
122  100
129  99
188  106
171  99
129  88
120  109
132  88
130  102
167  102
124  101
179  99
183  100
162  96
191  103
196  93
150  92
124  106
108  97
189  107
138  83
190  108
134  89
183  101
102  94
126  99
99  102
161  93
125  124
185  89
128  126
132  100
130  122
149  104
186  90
141  90
123  95
181  100
191  97
167  101
194  86
101  88
122  113
126  126
119  92
188  99
91  93
123  104
130  94
148  99
189  101
133  84
96  88
140  85
195  92
120  114
187  102
106  92
126  107
188  101
131  96
97  88
153  104
127  98
119  88
190  95
124  108
91  95
170  100
178  94
168  94
132  125
127  101
120  117
196  87
125  111
113  94
183  104
121  94
124  118
100  100
135  104
135  87
153  98
131  97
124  122
131  127
137  102
177  97
184  94
184  103
126  101
140  93
138  90
167  94
183  94
136  88
131  117
135  94
136  91
126  116
137  91
97  94
141  89
131  122
143  103
134  105
138  88
143  97
117  96
159  93
121  113
