999
123  117
120  114
146  130
100  98
92  112
134  89
133  100
92  111
125  124
133  101
121  98
170  144
127  112
118  118
91  93
194  152
101  98
142  129
123  93
182  141
85  87
121  94
142  127
101  101
165  142
157  139
123  94
124  106
176  145
153  138
136  122
130  96
137  124
129  99
128  110
95  83
122  94
155  136
172  146
98  119
157  133
92  117
144  127
99  116
154  132
159  128
124  108
166  144
131  110
163  138
108  104
162  145
125  97
129  119
108  87
98  98
140  118
134  110
106  84
176  152
122  117
168  158
93  113
127  116
153  122
130  109
169  150
109  86
90  85
117  113
120  119
94  115
102  105
173  145
133  115
186  152
110  96
190  147
134  118
156  136
114  99
196  148
96  84
149  127
92  120
103  111
133  93
97  111
83  76
98  107
159  133
102  89
133  116
92  118
126  119
195  150
134  107
122  118
144  121
179  146
134  96
98  106
124  96
181  147
106  104
106  92
93  114
98  91
117  98
150  137
186  143
120  110
172  153
114  103
181  148
152  126
100  84
103  109
100  81
83  75
97  106
151  127
166  139
126  115
120  106
139  115
94  112
108  109
189  150
134  119
171  150
97  97
94  104
94  119
122  99
128  94
125  121
94  107
169  145
165  159
83  79
134  111
123  113
78  79
98  109
147  121
149  135
132  125
90  83
102  82
158  128
137  115
102  109
161  144
154  133
167  140
164  144
108  103
166  158
121  109
180  143
90  87
121  91
188  146
118  109
101  106
91  92
133  129
129  96
168  154
137  91
160  123
171  154
98  118
117  96
137  121
152  127
186  148
99  81
163  144
106  107
99  83
87  87
162  154
175  151
155  133
101  114
113  110
137  122
167  157
176  149
94  92
98  95
123  101
166  138
94  86
168  153
151  133
120  107
89  77
124  120
102  103
140  119
107  107
177  151
100  108
130  114
96  80
91  88
150  133
92  119
118  98
103  103
180  149
145  125
133  118
96  97
131  124
183  141
134  116
120  99
152  133
102  94
178  146
174  144
162  153
183  147
174  143
116  115
104  113
132  115
80  81
128  123
94  118
115  104
130  92
96  108
172  149
120  117
139  117
121  107
112  113
131  127
132  103
92  78
125  103
192  146
101  104
178  152
105  88
146  126
104  110
99  102
173  153
163  154
113  103
185  152
163  153
179  152
157  134
92  110
94  120
127  96
168  155
180  153
131  118
179  153
181  146
193  151
160  131
96  98
94  94
124  125
192  147
98  101
95  120
129  102
146  120
124  94
97  94
136  115
132  100
152  123
128  107
192  152
138  125
96  116
97  88
146  125
101  117
99  98
129  95
173  142
120  95
160  143
154  128
126  99
137  93
133  119
149  124
174  146
102  107
158  137
104  111
137  95
188  147
175  144
99  110
154  136
114  102
184  150
128  90
147  130
167  150
111  86
149  136
98  111
159  131
175  141
93  108
97  119
171  141
133  97
122  113
110  105
138  110
175  153
111  101
147  119
158  142
175  148
88  89
135  110
192  149
105  99
97  103
108  96
85  84
106  111
148  131
131  96
155  131
96  120
151  135
121  111
98  89
159  127
129  106
140  127
130  121
126  101
103  86
98  113
176  141
93  107
166  154
113  99
177  153
176  144
146  128
116  103
121  120
130  119
128  104
109  93
186  146
105  108
102  93
130  97
158  135
189  153
133  107
148  134
126  124
99  105
96  81
127  130
149  121
162  137
90  79
127  102
144  117
189  151
169  142
141  118
103  113
153  123
130  95
154  135
125  91
154  122
93  86
102  100
146  124
167  158
138  121
97  81
127  129
140  122
157  131
157  125
107  87
95  102
91  94
177  149
84  80
92  84
146  122
102  111
92  114
79  74
180  148
123  121
78  76
122  109
103  98
105  105
130  124
162  147
121  115
95  113
118  100
88  82
128  92
133  124
142  116
97  98
141  131
134  97
127  123
104  83
108  100
151  131
179  142
195  152
184  142
87  89
163  140
114  89
131  91
135  111
109  97
93  95
164  151
126  118
187  147
174  140
116  117
109  104
94  113
121  93
133  122
138  112
100  88
98  81
99  96
124  122
168  142
131  117
138  117
170  145
99  106
164  158
187  143
131  106
136  117
155  126
141  121
132  117
80  80
102  96
145  132
93  119
93  96
193  153
126  93
130  115
174  149
113  89
126  117
159  140
180  147
103  110
132  112
129  117
132  91
123  105
119  92
180  141
87  92
91  82
146  134
130  98
163  132
180  150
162  126
150  126
171  146
196  150
110  111
106  96
141  129
163  142
193  149
132  101
95  112
119  118
129  120
123  104
140  111
192  153
162  129
107  96
176  151
104  106
178  147
177  143
105  113
93  118
175  143
169  149
128  113
142  124
132  90
169  147
133  103
109  102
143  126
188  149
159  135
182  143
142  121
145  131
108  97
134  104
185  151
127  104
128  99
182  144
106  98
158  123
108  111
189  146
108  107
92  116
106  95
131  95
123  95
99  85
165  155
167  148
139  127
120  109
183  151
113  114
110  109
148  136
89  83
109  95
144  133
126  128
95  108
134  120
138  122
94  116
92  115
102  112
97  109
103  93
95  111
124  117
97  115
134  105
157  136
122  95
126  98
143  128
168  148
87  80
151  132
193  148
95  100
160  135
123  118
162  155
132  130
173  149
88  90
144  118
96  119
180  146
127  121
130  120
97  83
140  131
126  120
114  108
89  94
123  97
121  95
79  78
185  144
123  98
114  104
122  98
124  115
151  123
153  129
161  128
149  128
158  138
184  151
181  142
142  117
171  142
95  107
193  147
170  156
94  114
126  129
153  134
166  157
159  125
149  133
97  102
131  122
89  91
100  112
118  114
122  105
99  109
176  150
96  87
181  145
131  121
94  95
157  137
138  116
130  122
130  110
77  75
113  101
98  105
163  150
144  126
95  103
121  92
126  125
136  93
166  149
182  148
111  109
105  112
131  93
113  115
130  123
127  100
84  87
130  111
185  146
185  148
163  157
112  105
137  119
142  125
133  106
129  105
153  133
126  90
158  121
105  111
126  97
138  118
162  151
134  109
111  107
127  98
130  128
156  138
136  116
140  115
82  74
189  147
105  97
94  106
123  92
167  159
107  106
140  120
101  88
124  101
122  108
179  151
102  85
122  112
129  122
168  146
132  124
135  94
143  118
124  114
168  139
168  147
135  124
168  159
194  149
93  98
122  111
180  152
98  116
97  104
111  100
98  102
103  107
141  120
167  155
193  152
101  95
177  142
104  101
86  81
120  105
124  103
164  152
157  138
133  113
98  115
113  112
85  81
95  95
159  132
136  112
113  94
125  111
173  151
132  98
119  117
92  95
83  74
133  90
123  109
188  150
134  102
125  116
116  112
160  134
143  131
192  150
100  99
174  148
155  137
164  143
114  95
117  107
136  118
136  96
143  121
143  127
161  131
97  107
90  94
121  106
163  152
144  131
185  142
117  106
86  87
136  119
135  89
154  138
111  90
100  100
99  100
153  128
131  109
100  101
132  109
95  106
176  140
121  103
100  107
165  143
169  143
172  151
100  97
131  100
122  100
99  86
165  156
132  123
144  134
125  122
83  78
93  109
126  94
125  93
121  116
101  108
106  105
173  150
178  148
140  117
126  107
160  140
124  121
82  78
105  107
129  115
135  119
97  112
131  92
101  116
151  129
128  108
100  109
126  113
99  107
112  97
172  140
125  99
180  144
131  97
151  137
156  135
123  100
126  121
135  96
99  101
96  93
121  113
97  118
129  127
104  90
161  146
101  102
148  122
101  115
187  146
85  76
130  125
128  101
134  131
84  81
172  144
95  80
166  152
130  94
100  92
103  106
100  117
82  81
195  153
173  140
190  150
95  84
101  112
100  104
135  93
145  134
141  122
187  145
98  103
134  100
134  125
163  135
155  134
107  99
136  91
185  147
169  151
173  152
96  115
118  90
94  105
99  104
131  119
164  153
155  140
166  141
123  107
159  130
120  101
126  126
145  124
106  88
186  150
126  103
81  83
145  129
116  94
96  111
134  94
135  90
134  106
142  120
163  158
128  127
134  123
195  151
171  153
147  131
98  108
126  100
80  77
149  137
111  105
182  149
127  91
91  85
127  117
147  132
196  152
177  140
115  96
127  101
126  116
160  141
96  79
95  115
102  84
134  121
99  108
127  124
175  152
144  122
134  99
117  115
177  144
189  143
99  113
104  100
182  146
103  97
94  84
118  107
94  111
95  105
141  127
132  105
98  85
128  126
152  128
113  113
171  149
162  142
165  154
173  141
165  150
123  115
118  97
139  126
127  90
134  127
95  119
145  122
124  112
100  111
170  140
175  140
124  118
130  102
96  117
170  146
140  114
184  146
118  104
112  111
91  83
106  102
147  124
119  115
189  152
91  86
111  106
170  149
149  132
124  119
131  128
136  94
134  90
162  123
187  148
143  122
183  143
91  95
100  102
101  105
122  115
97  82
108  98
96  88
150  128
88  87
92  79
130  93
146  127
118  110
156  132
121  99
