679
67  123
168  128
68  127
158  135
126  129
98  144
109  120
151  132
138  121
110  119
101  119
95  131
157  125
153  138
140  136
126  131
115  119
140  122
159  128
167  128
99  129
134  125
126  120
123  126
159  132
116  125
93  126
128  126
97  129
96  146
154  132
100  118
175  121
96  120
110  135
73  122
90  120
130  122
128  131
166  124
65  127
90  119
108  114
84  123
105  118
126  119
166  123
152  126
104  114
132  130
96  119
164  126
65  126
67  125
141  129
122  128
162  129
82  127
175  123
124  120
160  123
117  118
151  129
97  147
94  137
66  128
137  124
113  132
127  129
70  122
111  107
88  122
176  123
98  131
162  121
91  121
105  111
109  113
132  125
78  119
98  133
100  137
122  133
95  122
116  117
164  121
120  121
159  140
89  127
114  118
127  137
139  127
140  120
123  121
63  127
94  119
141  121
179  124
115  126
106  119
110  109
110  133
70  123
122  123
160  135
158  137
134  127
146  130
89  133
106  114
116  124
142  125
94  146
125  122
159  133
119  127
142  133
91  123
97  140
129  134
112  125
142  124
166  125
103  111
99  116
103  117
105  116
94  122
74  122
90  141
133  132
128  123
102  125
169  125
142  120
173  122
99  124
103  134
114  122
84  118
145  131
103  118
90  130
133  129
96  133
134  123
117  122
96  152
86  126
75  123
182  123
66  129
70  126
73  121
64  127
171  127
92  128
71  123
73  130
109  117
138  135
138  132
92  120
73  131
127  134
157  133
157  139
129  122
112  133
150  126
96  117
86  130
87  118
139  133
119  130
97  123
110  105
100  134
138  125
105  107
160  140
152  128
161  122
120  126
155  126
143  131
150  128
151  135
116  120
143  128
102  130
105  108
109  131
132  124
99  139
107  117
126  135
141  120
151  127
97  115
102  133
121  122
134  132
120  129
70  121
157  138
107  115
87  128
151  131
124  129
153  129
119  133
78  122
108  117
94  130
99  125
96  149
104  122
67  128
130  121
98  116
92  117
127  124
87  130
113  129
124  128
91  143
127  131
94  116
118  122
106  121
121  132
120  127
124  119
145  129
165  130
96  144
94  131
116  132
97  118
78  125
149  127
87  122
128  133
124  122
155  133
171  126
126  126
140  135
119  118
136  134
124  132
172  121
143  126
121  125
107  121
155  140
101  123
94  123
112  131
80  121
76  127
94  125
104  113
155  136
98  143
96  116
108  128
110  111
126  125
105  113
170  127
130  123
165  126
96  115
154  138
132  131
104  120
159  127
145  124
181  126
112  120
99  131
155  131
85  132
111  127
104  115
95  144
147  131
160  131
138  133
98  140
114  130
108  112
74  123
130  131
147  132
103  110
129  119
121  123
100  136
120  123
160  134
130  125
99  119
92  122
68  125
135  124
101  112
114  116
146  126
93  137
97  121
111  109
93  140
141  133
130  120
144  133
110  124
97  146
158  138
108  111
118  123
165  124
143  127
91  122
108  107
95  119
104  129
108  116
104  123
108  126
93  149
66  126
64  125
101  117
118  118
163  126
102  111
162  123
129  136
143  121
104  118
113  134
121  124
117  130
117  131
172  122
168  129
89  136
73  123
137  121
100  112
69  129
178  122
123  131
62  125
103  135
96  128
105  127
177  123
146  128
105  129
98  118
74  121
82  123
107  125
129  127
94  150
121  135
181  124
164  125
99  126
146  125
101  125
152  127
98  142
151  137
94  129
78  120
130  133
172  124
131  121
104  116
97  119
101  115
105  123
124  125
149  132
69  126
173  121
86  128
112  124
161  131
179  121
72  125
128  135
126  134
98  119
111  105
94  135
141  122
156  132
119  120
107  106
177  122
95  152
92  119
118  126
128  136
76  123
104  110
153  133
179  122
85  120
106  118
90  117
79  119
117  129
93  123
95  126
93  118
167  127
113  133
140  132
75  121
71  128
88  132
94  118
71  127
113  130
147  130
142  129
109  124
93  119
63  124
90  125
76  128
101  114
140  127
86  119
95  150
100  127
98  115
119  122
110  125
95  120
153  128
133  124
134  133
125  131
126  121
111  117
120  119
159  130
108  120
110  114
126  128
112  114
87  123
100  122
114  134
154  133
80  125
148  134
89  118
108  109
146  124
103  109
106  122
123  124
109  121
140  131
125  124
111  124
128  134
119  128
163  127
87  124
173  127
134  120
117  134
69  123
119  129
124  121
108  118
159  135
84  122
115  118
110  132
65  128
145  125
141  127
102  112
145  132
151  133
101  122
174  127
158  128
154  128
83  128
93  128
62  126
124  130
82  121
110  120
85  118
155  134
124  131
83  126
107  116
126  124
82  131
96  145
149  133
129  120
71  130
125  121
142  127
75  127
149  135
146  127
109  126
144  131
96  148
119  123
93  124
130  128
137  122
160  141
141  131
127  130
130  124
120  122
107  107
130  134
144  127
177  124
94  124
121  120
156  138
122  126
77  126
156  135
76  120
106  111
81  125
163  121
89  120
90  131
83  121
104  111
122  124
175  122
104  121
105  112
83  122
93  125
81  123
131  122
63  128
66  127
95  137
107  122
144  126
81  120
154  135
101  116
65  129
142  121
163  124
98  122
148  131
127  121
131  128
101  124
118  127
118  125
80  127
165  123
131  127
136  122
152  133
124  134
113  115
150  133
118  129
114  133
98  129
90  136
168  124
79  131
92  144
106  107
115  122
96  134
98  139
161  128
81  124
124  135
108  135
109  104
79  122
96  124
83  130
107  113
108  125
106  130
127  123
157  134
138  122
158  123
162  126
131  124
149  128
153  134
111  106
85  128
108  127
68  123
164  130
86  120
76  129
116  127
155  137
91  145
159  125
100  117
94  120
133  122
98  134
126  133
132  123
77  128
92  118
103  113
114  121
103  124
92  133
159  131
127  133
83  132
74  127
157  131
128  127
119  125
78  132
70  128
181  123
105  119
83  124
80  122
89  123
87  120
156  136
62  128
96  142
102  129
116  133
88  119
157  136
127  138
110  112
116  128
143  122
134  131
82  124
92  116
139  126
157  137
103  125
137  134
107  120
134  121
103  133
69  130
154  136
127  132
111  123
