575
146  130
83  121
130  128
142  121
134  119
181  134
179  129
119  130
88  122
136  122
174  128
179  130
177  129
112  124
105  129
145  129
83  122
168  124
119  115
128  131
149  127
153  123
117  131
123  118
163  127
111  123
118  123
90  120
105  137
122  126
197  120
192  120
138  132
90  119
145  125
179  119
179  122
147  119
108  138
101  122
83  124
133  129
182  130
185  133
193  119
140  119
104  120
84  123
107  116
161  128
122  128
94  129
113  132
87  128
108  128
189  120
138  122
158  128
133  124
123  131
152  127
121  113
107  125
109  131
94  120
109  120
130  124
109  126
124  112
118  125
192  121
179  124
110  135
114  116
140  118
120  114
134  123
186  125
186  119
87  123
99  124
133  122
163  126
141  129
134  125
181  135
127  121
120  123
108  139
182  118
187  116
162  126
119  122
164  121
166  124
152  128
103  133
149  124
110  124
164  126
121  132
107  120
163  124
80  125
143  131
131  118
146  122
100  117
94  125
141  127
181  128
142  127
105  123
92  122
126  124
177  130
109  117
119  120
112  131
165  123
94  122
118  114
152  123
126  119
124  117
82  121
198  119
161  121
136  119
141  118
189  118
118  127
93  124
146  125
108  116
175  123
126  125
123  124
116  120
118  126
114  121
112  125
102  130
151  129
159  130
126  115
94  119
197  115
126  117
189  122
87  120
143  121
121  111
182  126
129  115
84  122
122  124
167  127
99  125
196  115
119  118
155  121
123  121
99  126
126  116
192  123
144  131
89  123
173  127
101  119
101  117
140  120
146  124
110  137
183  133
126  128
165  124
145  122
89  127
182  133
111  117
105  141
95  122
192  118
175  122
175  127
100  127
127  131
186  123
103  125
116  115
94  118
126  121
168  128
138  121
132  130
140  132
101  123
125  111
93  126
94  123
126  129
194  117
195  122
103  124
110  120
140  127
159  128
120  127
134  121
122  112
95  120
117  130
123  115
107  117
154  128
146  127
116  125
188  124
91  121
132  117
141  121
151  123
106  118
132  125
159  127
149  121
125  131
138  117
131  119
119  128
181  127
127  123
166  123
151  127
184  133
87  122
101  125
115  118
135  124
124  119
121  123
81  124
104  121
170  127
124  130
121  122
110  119
171  127
124  128
96  120
174  127
106  139
109  124
97  119
162  129
105  136
161  122
91  123
191  118
97  123
124  115
120  117
117  118
139  127
106  121
156  119
127  124
110  133
121  125
104  118
121  124
118  122
191  123
139  126
173  129
129  122
143  118
150  126
128  126
150  128
131  117
96  128
108  117
120  126
95  119
87  124
103  135
124  131
126  126
147  130
134  120
155  120
190  115
136  118
142  125
130  119
93  118
103  134
178  133
131  121
189  119
172  124
105  119
107  121
134  118
174  130
130  123
127  116
188  125
166  125
123  126
86  126
129  117
140  122
139  117
194  120
180  129
145  131
130  122
119  129
125  124
130  115
149  128
145  124
144  118
175  121
108  140
97  129
127  132
136  117
115  119
91  122
188  117
106  122
145  132
196  120
125  122
108  127
179  121
130  125
131  124
97  118
124  125
143  126
115  122
160  123
116  124
162  123
101  124
108  135
158  123
144  127
164  125
185  121
119  117
147  121
138  125
105  118
135  119
93  125
114  122
137  122
122  118
98  129
104  137
189  121
144  122
110  132
141  122
144  121
104  122
143  128
152  126
120  121
124  132
176  123
126  118
108  126
140  117
82  124
132  131
131  128
97  121
106  143
127  130
173  122
88  119
155  126
131  127
143  127
94  124
133  118
132  124
190  121
148  122
157  125
191  116
127  112
106  130
116  117
177  124
127  117
119  123
98  119
193  123
130  131
108  120
127  129
92  120
186  120
99  129
124  129
80  122
137  119
130  120
179  128
142  120
102  129
100  122
129  120
106  119
150  120
128  127
189  116
128  123
119  127
104  129
113  129
171  126
120  129
112  133
117  129
159  125
181  126
118  118
112  120
151  119
108  118
110  125
196  122
98  118
122  111
144  126
114  130
93  128
83  126
90  125
109  138
93  119
131  122
162  121
153  122
183  120
163  121
193  120
103  118
117  115
137  124
104  123
140  131
133  119
126  113
123  117
103  136
177  123
105  127
193  115
124  118
137  121
119  125
122  117
111  124
182  123
92  128
89  120
181  130
92  118
151  120
109  121
182  134
122  123
102  133
86  128
141  120
132  123
194  115
81  123
181  123
107  122
193  116
178  122
143  122
121  120
120  119
114  118
109  139
172  122
134  131
134  127
146  120
191  121
153  128
96  119
125  116
86  120
142  129
198  117
177  122
181  124
102  125
108  125
115  126
122  115
181  131
181  132
187  122
190  123
116  127
129  127
125  121
122  113
82  123
104  136
121  116
113  130
93  123
186  124
154  122
191  122
197  113
124  114
116  132
111  127
96  124
193  121
99  119
146  128
158  121
124  122
121  115
116  128
130  121
126  131
179  134
81  125
141  131
165  126
169  125
146  126
142  124
124  121
95  126
103  117
147  124
98  122
191  117
190  118
193  114
167  128
123  113
138  118
195  119
147  131
100  118
92  119
117  122
118  129
129  119
153  129
126  120
124  120
183  125
120  122
196  118
