888
105  81
124  103
93  60
126  117
151  127
149  135
146  124
130  114
101  80
130  93
117  98
160  154
137  124
123  113
142  127
142  133
139  126
140  117
132  100
164  143
90  65
118  109
183  168
103  93
108  100
151  112
148  131
141  121
148  141
101  88
157  133
99  83
147  138
117  81
174  170
109  86
115  82
117  84
104  83
126  94
121  113
134  106
105  75
172  172
126  118
89  72
174  168
166  166
102  71
132  131
172  174
173  167
148  143
109  72
149  128
118  98
123  100
174  175
157  149
135  124
155  136
169  151
151  111
106  75
163  153
179  165
113  94
148  137
127  102
167  150
149  108
169  160
138  133
151  142
112  97
149  133
133  107
147  124
100  66
148  113
169  149
127  91
90  79
83  59
157  146
144  139
111  79
134  102
170  159
127  123
144  133
134  116
142  129
162  142
121  103
102  79
116  82
110  96
113  85
149  132
125  88
86  70
139  117
105  88
112  74
131  109
130  109
155  137
124  101
104  72
96  70
130  97
121  98
93  71
109  93
123  104
172  154
142  106
150  117
131  119
168  159
131  117
168  162
165  155
156  136
148  122
102  93
102  85
134  99
147  119
133  124
92  76
137  101
145  108
136  102
164  152
96  79
134  132
106  95
170  166
145  107
153  128
124  112
165  166
176  160
136  112
120  106
151  135
146  127
113  81
154  138
138  116
146  128
90  62
152  133
175  173
95  69
111  90
175  162
128  101
120  85
158  142
144  131
118  104
114  99
151  120
170  163
140  114
130  115
148  115
95  83
131  110
145  141
146  145
108  70
150  113
102  76
85  67
147  131
124  115
165  156
93  65
143  126
130  110
102  94
146  130
121  81
97  83
100  92
162  154
136  116
155  133
126  97
154  146
150  133
121  82
135  119
138  112
121  95
121  107
145  132
134  100
91  65
123  89
92  67
111  82
156  138
117  89
182  165
122  115
89  71
142  121
147  132
109  77
149  121
125  111
135  103
171  163
140  135
179  168
157  150
122  94
95  80
132  109
151  140
155  144
130  121
150  137
128  113
126  113
97  88
97  75
87  57
122  105
135  110
164  151
107  81
159  145
154  148
82  57
127  117
158  149
138  110
137  106
152  128
154  136
151  137
115  104
155  134
145  129
150  145
165  154
142  112
126  115
157  131
139  104
159  135
130  98
130  123
166  158
122  87
132  98
147  146
120  114
171  168
159  147
109  84
157  138
125  93
168  148
98  81
129  120
83  61
121  91
114  103
103  98
155  140
140  136
122  95
87  65
122  111
151  139
116  80
109  71
129  106
159  148
182  161
121  99
119  92
117  107
144  134
158  147
164  158
118  110
146  122
175  155
127  104
131  97
103  79
112  85
100  79
139  102
120  109
96  65
120  91
142  120
106  92
128  99
149  111
102  96
124  106
129  119
146  115
118  80
119  89
98  85
146  136
92  79
146  126
160  149
165  143
163  157
171  153
159  151
154  144
143  110
116  103
119  81
175  160
172  153
123  105
99  69
101  76
111  77
132  117
143  122
136  118
147  147
107  96
154  128
160  140
140  111
101  68
150  114
107  87
128  126
145  136
121  92
149  137
118  97
134  105
131  128
153  129
143  131
111  100
187  169
132  130
131  121
127  90
81  63
184  168
177  172
131  100
173  155
175  158
166  157
123  92
165  150
97  73
160  141
97  82
118  107
144  111
146  125
134  127
115  84
104  78
144  127
101  70
158  138
148  134
162  153
167  155
158  144
99  78
144  137
93  70
134  109
130  111
121  94
106  98
149  142
130  102
99  86
161  151
133  100
125  97
133  106
132  125
184  164
160  151
149  136
127  96
108  98
161  146
103  67
148  138
107  75
171  154
138  118
119  88
143  127
160  143
137  122
173  158
118  90
149  138
134  123
89  77
140  120
86  67
128  92
129  105
124  94
142  125
100  68
91  69
122  100
148  110
154  145
163  144
133  122
82  66
146  134
148  136
178  157
170  171
188  166
122  109
128  107
85  63
148  117
147  130
98  89
154  135
152  145
129  117
139  115
96  73
127  98
91  64
138  132
103  97
168  153
151  133
95  72
90  72
138  122
139  133
151  123
134  111
143  121
143  118
108  87
132  124
151  131
165  159
104  73
133  118
146  111
172  175
94  66
167  159
174  173
126  101
133  101
127  101
108  97
112  105
125  99
163  142
133  103
179  159
153  148
101  79
126  103
102  70
100  78
152  126
125  103
146  144
179  160
137  102
134  119
141  118
128  110
90  76
162  156
106  84
150  120
115  85
102  84
153  138
122  98
154  114
145  122
140  122
120  101
182  163
114  89
93  69
154  132
168  160
160  152
172  155
122  99
91  74
162  147
163  140
145  113
151  141
142  108
127  116
135  111
98  66
102  66
169  172
160  153
155  149
147  113
138  125
112  82
139  127
167  162
136  122
124  114
167  158
123  98
101  95
113  103
157  148
178  162
165  142
159  140
156  135
100  81
130  122
123  107
118  100
83  57
163  159
181  165
160  135
169  150
129  99
122  86
148  146
152  142
151  143
163  154
142  124
126  116
92  68
130  94
99  81
131  127
84  64
134  118
128  123
171  162
120  107
168  168
146  142
164  153
120  95
100  69
88  64
158  150
183  165
144  117
140  119
89  76
180  161
134  125
163  138
116  83
115  81
122  85
114  95
135  102
176  168
86  63
101  75
122  108
158  135
168  158
167  148
173  153
146  107
127  124
140  115
108  84
124  118
133  132
140  105
166  160
125  116
125  91
155  131
88  66
148  139
170  165
149  124
103  76
163  150
126  120
135  104
94  84
123  117
93  68
126  98
130  119
161  152
100  84
138  117
167  161
168  163
132  115
123  101
134  121
138  105
180  159
130  120
114  76
159  149
151  132
126  99
131  122
153  143
141  131
174  157
132  112
120  82
136  117
97  81
123  97
150  128
162  145
147  115
124  117
149  118
131  96
81  65
107  73
123  95
159  150
171  165
94  77
146  120
157  137
126  100
117  96
131  106
96  80
136  115
85  60
123  94
162  151
116  94
122  117
157  134
114  102
119  87
98  79
168  154
175  170
104  71
157  139
120  99
164  144
158  151
145  124
146  143
111  86
123  93
154  149
185  166
137  115
172  173
121  85
130  128
156  149
124  108
153  134
170  156
85  70
108  96
163  152
112  80
120  110
128  94
126  107
84  68
104  90
158  148
90  71
129  96
105  97
99  77
130  125
127  112
143  140
152  117
129  122
133  115
142  116
176  171
140  127
145  131
97  69
113  101
99  71
154  147
151  119
133  116
150  147
141  133
153  133
177  156
137  119
123  109
144  126
96  75
137  107
174  171
126  93
149  127
150  144
158  137
126  121
113  99
130  96
147  139
147  121
161  153
148  108
126  119
101  81
134  131
166  152
132  105
145  134
172  151
96  78
147  144
151  129
141  105
97  65
102  82
114  84
107  99
122  113
166  154
157  145
151  149
150  118
141  111
94  70
109  95
173  170
174  166
106  88
136  119
137  121
96  81
145  125
167  160
114  104
147  114
124  90
93  77
165  164
162  137
142  117
162  155
144  121
117  106
134  107
86  72
138  121
127  121
131  118
98  91
133  129
141  122
127  100
96  84
96  87
150  126
150  140
90  77
124  96
102  89
103  86
168  166
93  61
126  90
129  102
170  162
154  133
133  119
121  111
161  144
141  120
105  99
133  113
97  68
141  127
134  120
168  155
130  95
121  106
156  132
128  104
141  129
140  132
95  84
105  74
152  127
140  118
121  115
149  117
134  104
132  103
122  112
179  166
143  128
157  136
144  122
121  93
111  101
120  105
150  109
128  108
173  154
92  78
121  109
82  61
131  95
151  147
115  96
166  149
166  162
123  115
106  96
176  162
95  62
113  78
186  169
132  123
132  101
113  89
167  157
188  168
138  106
144  118
134  110
100  88
150  116
129  127
130  124
148  147
94  86
120  90
137  103
89  65
99  70
99  85
167  164
149  109
152  143
129  115
129  95
131  124
140  131
163  158
109  97
99  65
