1063
163  121
143  90
119  67
173  127
125  74
135  87
118  100
176  123
137  93
97  73
180  146
113  62
169  134
179  128
120  85
172  137
127  82
149  96
104  78
99  70
156  119
127  81
114  72
121  79
132  81
186  127
140  101
141  103
153  106
147  87
188  136
176  140
130  94
131  74
146  81
126  82
121  94
117  84
143  93
153  104
194  133
152  88
172  124
180  138
153  107
138  79
127  100
102  57
181  123
151  86
181  130
110  66
114  76
145  107
167  128
150  100
136  88
96  70
90  62
184  146
89  56
170  117
97  58
134  87
138  98
189  135
188  133
122  71
181  139
168  116
169  113
121  72
142  108
170  127
163  107
164  111
183  125
152  111
116  103
182  149
122  70
177  124
127  80
122  74
126  84
115  69
127  79
113  94
132  76
91  50
137  78
116  77
137  91
180  141
102  84
164  115
100  66
181  126
111  86
99  69
178  133
138  112
111  67
140  95
137  100
121  71
182  140
148  80
127  76
148  117
101  70
116  83
95  60
107  59
135  103
120  71
103  67
168  112
134  84
93  69
182  146
146  102
130  76
150  81
165  120
113  99
105  75
138  105
145  105
140  100
100  60
125  91
119  81
123  82
180  147
119  87
140  89
99  61
129  78
186  134
134  104
104  58
140  117
125  88
175  132
113  81
123  80
152  87
147  96
175  143
136  89
163  117
151  84
139  82
123  100
135  96
134  100
173  132
151  103
173  122
112  97
102  70
153  98
102  79
162  117
111  82
168  114
151  82
142  91
134  99
150  114
192  133
110  68
183  143
144  111
162  119
105  66
173  140
139  100
101  53
174  127
156  104
149  111
126  98
171  127
141  94
131  97
124  79
116  80
136  80
117  67
96  56
187  127
140  111
134  107
159  111
123  89
88  64
129  77
115  74
122  75
145  113
118  80
147  103
127  72
127  96
120  95
148  86
114  89
131  85
106  63
112  67
138  91
128  99
104  83
147  92
191  136
85  60
122  87
92  57
177  139
179  146
155  90
177  129
113  89
161  122
114  95
132  100
136  79
180  136
95  54
155  98
128  101
125  80
147  105
175  139
126  94
162  112
181  147
165  108
167  119
112  64
190  134
141  85
135  78
179  142
174  119
196  135
85  51
150  117
149  118
130  87
140  115
117  75
136  91
165  109
160  109
147  94
131  96
137  84
172  136
134  97
166  124
122  94
105  74
133  101
131  88
168  129
128  76
106  75
93  68
195  130
133  90
143  97
191  128
182  148
108  70
152  108
186  135
129  80
121  69
115  72
118  69
103  64
191  129
110  70
158  121
125  97
111  60
129  81
181  135
82  50
115  85
166  111
98  63
113  78
131  84
171  135
165  123
128  90
149  101
105  65
150  84
111  65
122  95
180  149
132  91
122  86
187  133
132  87
143  110
182  134
149  97
155  117
130  93
176  141
177  122
190  136
164  116
98  55
181  124
117  77
138  82
82  57
153  83
129  73
107  73
183  133
150  109
149  87
102  71
172  118
130  86
115  63
130  78
93  71
145  101
150  120
147  101
146  97
164  126
177  133
181  127
133  77
181  128
97  65
143  103
120  80
192  134
86  56
126  83
179  130
93  60
123  78
107  75
135  89
143  86
139  101
131  78
145  89
125  76
142  101
109  72
148  94
179  129
114  99
130  95
147  80
146  111
172  131
143  88
124  101
153  99
95  51
129  76
150  95
119  88
139  102
155  118
86  55
149  107
159  104
101  64
107  81
161  113
156  102
193  129
163  108
137  99
115  84
93  70
181  148
193  132
175  127
195  135
141  118
125  71
129  96
141  86
124  84
145  81
161  110
129  79
107  62
182  130
99  78
94  70
125  77
167  130
91  65
139  115
165  112
142  84
155  95
116  94
180  144
147  102
184  142
143  91
108  84
140  114
137  95
93  61
86  53
137  107
145  84
171  134
135  83
104  73
155  104
161  105
136  78
132  101
132  84
121  82
119  92
98  66
182  123
181  145
184  133
149  85
153  100
160  112
142  95
104  66
180  148
197  136
180  129
143  81
138  83
145  93
140  79
188  131
128  85
131  87
84  54
126  90
120  99
150  118
139  80
87  54
148  81
132  88
174  128
131  81
147  88
120  101
131  77
115  82
116  67
155  121
142  89
115  96
114  70
118  73
139  81
124  70
178  148
122  80
113  67
169  125
115  77
166  115
182  126
144  94
123  98
183  141
139  104
196  133
119  72
142  90
140  78
130  89
89  55
89  65
162  115
109  86
127  90
176  137
149  103
97  59
104  72
199  133
85  54
143  118
108  65
145  99
141  96
123  93
90  65
175  141
155  94
123  101
182  143
159  107
133  83
148  97
99  64
135  81
139  93
156  108
194  132
146  115
169  119
136  86
114  102
146  87
161  121
133  97
152  85
173  121
147  104
97  69
152  96
143  84
149  109
140  98
108  87
132  79
142  79
159  112
163  112
128  92
124  73
101  76
141  102
151  120
149  89
136  96
116  82
122  99
172  133
177  144
181  137
174  131
96  52
121  85
121  99
163  118
190  128
125  82
158  106
111  79
138  87
135  84
112  66
182  139
143  89
120  90
177  123
146  80
177  143
121  93
156  95
199  135
162  111
103  79
141  90
142  117
168  113
140  87
138  99
132  85
151  112
180  143
165  113
143  98
137  106
125  81
136  87
130  102
128  77
131  79
177  137
163  111
133  86
147  119
142  100
113  101
112  82
130  79
150  97
125  99
122  100
164  107
116  69
150  116
175  134
105  58
123  92
134  105
114  84
193  136
90  51
103  76
131  75
150  87
127  102
152  89
148  90
188  127
95  69
130  74
142  112
169  116
91  51
171  133
181  142
163  124
131  100
130  77
123  97
193  131
92  51
131  92
191  132
112  70
131  95
179  139
162  123
116  74
181  131
130  96
161  111
105  64
120  78
138  110
182  133
172  122
155  93
162  116
138  96
128  73
135  104
98  62
112  85
116  76
113  85
95  72
189  127
134  106
144  82
155  120
142  88
138  101
151  111
87  51
91  54
102  60
137  102
145  83
133  103
160  104
111  71
121  103
139  89
135  90
140  102
106  56
134  83
133  78
150  104
133  81
134  96
176  139
174  130
153  101
127  98
128  86
154  96
150  92
96  73
100  55
153  84
114  75
134  89
120  75
131  93
171  132
165  126
140  85
161  118
160  108
162  108
117  98
88  50
146  104
168  124
148  101
130  98
142  87
124  80
148  104
136  99
100  68
129  74
177  140
157  103
129  102
141  105
124  90
139  90
134  82
178  122
109  59
93  65
129  82
101  68
162  106
158  123
137  103
109  65
109  84
171  126
117  81
98  58
126  100
126  93
117  66
171  138
121  95
138  85
99  65
100  81
99  77
102  82
168  128
119  79
139  79
154  114
166  125
141  92
195  134
97  53
147  113
144  83
155  111
120  82
148  108
110  63
145  95
157  109
149  104
126  79
122  76
129  88
106  68
104  64
175  123
148  85
154  90
160  123
102  66
166  123
148  100
123  95
146  85
117  96
176  145
152  82
135  93
164  125
164  110
133  93
115  73
158  115
84  49
107  68
135  102
100  53
134  90
101  81
107  63
194  134
100  69
164  121
148  99
128  84
138  84
143  87
157  102
127  91
118  97
111  90
117  70
175  121
103  63
181  134
90  50
164  109
83  57
108  64
152  117
155  107
176  144
142  85
147  85
149  106
120  91
181  146
162  121
87  57
121  98
156  114
148  115
150  98
112  80
152  110
167  127
143  83
92  68
167  113
127  101
147  83
187  134
173  129
124  77
138  106
150  106
89  51
133  88
182  141
145  102
165  124
128  94
128  89
138  90
146  107
133  100
134  80
84  56
102  65
137  101
91  64
160  116
132  105
132  86
190  129
145  108
133  87
143  94
150  105
90  52
132  90
116  70
96  75
104  71
146  83
146  86
178  147
149  117
122  81
148  110
105  81
91  69
118  90
143  82
167  115
99  81
136  102
140  105
131  76
121  81
188  128
159  114
97  75
139  97
112  68
181  132
138  88
132  98
175  118
148  96
92  53
83  59
133  107
139  83
162  110
109  71
183  147
132  82
136  81
177  130
105  60
147  115
139  84
165  115
172  121
163  120
124  71
149  84
186  128
103  57
174  134
100  78
122  98
142  98
102  76
159  117
159  103
146  106
128  78
94  66
172  135
128  80
138  86
114  63
129  84
95  62
122  78
164  117
137  83
143  79
141  88
170  132
153  103
179  134
145  94
121  92
170  129
191  130
130  83
121  91
101  75
134  94
142  80
141  81
136  82
175  140
129  95
129  87
106  84
137  80
138  81
139  98
132  75
149  108
122  85
136  94
129  83
117  89
190  130
144  118
196  132
136  93
115  70
178  146
152  103
156  109
107  87
109  77
144  117
124  96
175  136
123  72
132  103
127  74
197  133
148  95
142  103
114  66
138  94
142  99
131  91
123  94
120  79
151  88
142  106
164  112
144  101
135  94
126  74
182  144
127  75
140  93
141  89
96  65
142  94
125  72
99  71
200  138
170  137
126  99
127  84
150  113
144  88
101  79
95  56
127  87
144  96
142  116
124  78
124  94
179  124
92  67
115  81
144  98
151  119
148  113
133  106
125  93
129  99
112  74
173  137
108  62
177  142
118  98
133  80
141  111
95  59
121  77
180  139
89  57
140  97
101  80
126  97
100  79
175  122
174  140
144  97
130  92
126  101
82  53
111  77
145  96
185  133
149  88
151  110
134  88
134  102
141  79
193  134
119  89
133  84
130  97
100  59
97  68
147  114
179  122
120  68
152  98
146  98
143  80
