1254
87  89
106  95
169  142
106  98
147  139
127  117
101  122
142  112
126  131
107  113
179  151
132  103
99  105
167  140
122  123
152  123
171  142
124  130
190  140
141  129
106  119
81  94
150  118
133  101
104  120
130  131
153  123
137  134
84  95
126  129
137  99
121  123
99  109
131  128
94  105
140  136
144  117
167  130
142  129
122  105
157  133
108  107
161  111
87  101
136  134
138  132
118  109
141  102
107  116
125  103
118  107
98  107
100  104
120  95
137  103
167  148
87  97
114  99
138  133
117  115
116  120
126  98
126  120
94  107
175  139
177  144
139  101
78  91
143  128
138  142
176  162
135  96
104  110
170  144
88  87
109  126
120  119
136  122
165  136
125  124
159  128
131  96
185  141
148  139
120  109
122  98
127  131
150  137
132  109
126  119
134  104
138  125
133  124
124  117
177  154
111  117
153  129
142  117
148  141
148  115
147  132
134  106
130  125
176  151
166  149
149  137
133  122
131  119
134  105
140  93
141  122
169  143
138  98
143  127
136  141
185  146
109  93
139  97
136  99
108  126
153  122
105  116
136  112
139  143
145  113
151  119
130  110
127  98
90  102
93  101
144  131
139  140
140  114
84  94
98  106
173  158
146  122
103  117
102  107
91  103
91  86
178  152
114  95
128  107
180  146
87  99
151  127
149  133
138  99
174  144
171  153
94  100
146  142
100  112
181  134
81  93
106  92
152  111
146  126
134  102
142  144
137  95
175  152
140  127
128  101
93  103
119  125
147  121
186  138
156  138
168  153
118  118
106  121
165  133
160  131
172  151
101  117
173  154
108  118
106  88
106  104
106  118
154  132
140  101
105  123
129  120
148  136
130  119
94  95
170  145
171  154
139  102
164  130
182  149
97  106
96  84
125  99
151  123
176  140
151  133
121  124
108  127
90  87
148  138
158  137
145  124
127  104
106  111
157  134
106  122
97  94
124  125
143  118
146  145
113  99
108  114
180  149
161  144
143  110
83  93
142  108
177  149
187  145
161  113
108  112
101  88
149  135
100  101
123  107
81  83
194  139
112  114
99  102
157  138
108  97
166  136
130  98
162  129
160  143
101  102
181  135
92  106
116  115
135  103
171  141
132  100
131  121
87  102
159  132
99  85
92  84
95  103
138  121
155  136
176  160
142  120
181  156
175  158
162  121
183  143
121  106
139  104
173  141
109  120
136  115
134  136
182  134
173  137
181  139
147  130
120  106
163  140
138  106
154  133
171  146
99  113
112  111
177  137
108  125
152  126
162  116
171  134
132  131
90  103
130  124
172  133
94  92
146  124
88  97
172  146
136  136
179  146
121  111
140  138
102  130
139  115
160  134
154  136
129  99
109  95
121  113
159  131
138  105
113  101
176  139
131  127
185  137
111  124
174  140
184  137
151  131
134  97
107  107
97  98
109  97
122  115
78  84
99  98
163  142
195  140
115  122
146  143
100  100
117  98
114  116
155  131
101  101
107  122
104  122
100  107
91  92
105  88
123  104
179  159
131  100
120  114
126  125
131  117
134  119
110  109
104  116
182  141
98  109
95  105
118  114
187  143
143  121
96  93
134  96
162  142
118  126
101  124
88  102
136  93
117  113
155  133
155  120
182  143
96  98
147  144
174  148
133  115
128  133
97  103
93  96
98  91
171  150
95  83
103  110
178  154
147  115
118  123
133  106
188  137
140  144
91  99
110  114
132  130
176  141
165  134
112  113
193  143
149  128
182  144
103  107
137  122
136  117
166  152
146  128
150  126
179  153
155  134
104  90
96  108
193  140
174  157
138  122
120  122
113  103
97  88
100  97
138  101
149  136
127  121
141  103
124  112
130  121
172  137
105  107
102  125
104  118
183  138
103  109
84  87
144  139
105  105
100  98
178  146
150  116
110  96
126  103
122  117
142  98
167  131
165  131
139  117
131  106
133  113
157  139
168  138
116  117
144  127
114  118
172  136
176  145
100  88
189  142
93  107
123  101
92  95
133  103
139  126
102  100
172  135
148  137
104  129
151  140
92  103
165  143
123  118
185  147
152  142
106  102
181  148
169  149
104  113
98  113
91  95
130  109
99  96
173  153
180  144
97  107
188  142
111  106
131  118
152  117
102  103
171  133
119  123
102  94
137  100
160  112
112  97
140  147
180  148
149  117
168  139
130  111
168  134
133  129
173  152
137  121
175  160
141  146
114  108
172  140
98  98
173  150
153  134
175  141
106  105
132  117
96  111
180  136
124  103
120  123
99  107
164  143
175  162
140  100
170  146
108  104
88  89
102  96
78  87
146  144
167  134
104  115
137  102
132  112
162  115
175  136
195  143
119  127
108  128
173  155
160  140
108  109
180  138
123  98
85  84
177  151
93  105
139  133
176  144
158  128
109  121
120  126
129  117
122  112
100  92
96  87
138  118
154  138
131  95
134  116
180  159
135  137
127  124
135  119
133  132
120  121
91  105
159  125
142  139
151  139
118  125
132  115
161  118
141  131
104  111
146  120
102  105
158  123
136  137
185  144
174  143
122  100
122  124
102  109
128  104
105  118
158  121
125  131
117  118
170  137
127  129
149  127
134  121
110  112
111  109
128  108
156  114
139  127
103  113
105  108
127  101
91  82
118  110
130  128
152  133
102  111
166  144
145  132
88  82
113  115
123  121
90  85
127  116
133  116
124  128
99  86
161  121
96  97
155  117
155  118
141  133
101  95
109  104
136  94
105  99
108  103
134  118
129  119
166  134
80  95
194  142
109  124
105  111
149  118
155  121
180  139
166  138
113  113
97  102
163  118
131  109
142  95
129  105
172  153
158  142
91  106
140  135
159  114
140  115
161  128
140  122
184  146
103  93
138  135
134  123
138  96
168  146
183  141
100  118
108  96
116  112
132  98
150  140
173  142
179  134
106  107
141  144
138  140
135  102
118  122
107  99
114  102
168  154
133  135
146  134
145  136
162  123
181  137
175  148
180  141
180  152
102  93
166  141
169  136
140  132
165  130
181  145
179  139
124  122
184  140
135  94
148  122
169  147
179  152
85  96
141  121
130  114
154  122
155  137
143  144
87  95
105  97
104  123
121  109
119  118
115  104
108  98
150  133
138  117
112  105
121  116
118  97
150  120
162  112
103  118
134  133
132  124
180  147
125  116
107  115
123  109
107  106
144  121
178  147
131  122
172  149
133  97
161  131
101  98
123  124
147  124
144  111
175  134
162  137
119  128
126  115
118  98
133  136
175  144
179  165
143  131
114  103
181  147
159  133
139  138
98  103
142  121
98  95
153  133
95  108
113  112
149  132
158  135
111  123
147  113
130  133
126  101
91  94
130  123
152  128
190  144
88  100
150  117
127  123
151  112
94  86
135  111
155  126
93  98
101  108
120  101
89  83
195  141
146  127
118  104
141  127
137  93
111  107
141  94
138  139
166  139
187  140
140  105
157  125
134  125
142  140
143  122
144  133
181  146
172  144
93  100
102  89
134  100
163  132
106  96
159  112
168  142
122  113
147  138
140  117
108  100
160  135
175  140
108  116
182  146
110  119
88  90
153  138
95  102
129  134
149  142
145  129
128  113
101  104
165  132
101  125
123  117
141  111
183  147
146  130
89  101
93  86
114  121
182  139
86  87
133  107
150  113
188  146
118  127
94  102
127  130
156  132
116  124
151  129
122  111
169  150
144  126
130  134
148  131
124  106
186  146
140  120
134  107
129  106
130  96
127  133
124  121
103  125
140  119
97  104
182  148
120  110
80  91
96  88
142  116
185  136
99  104
112  124
107  121
145  146
126  113
142  133
126  121
110  120
89  94
111  100
88  94
134  135
127  132
137  124
130  120
140  111
85  99
148  134
114  122
136  119
120  117
127  102
133  118
79  94
100  111
100  117
122  108
120  105
129  127
116  94
104  106
134  132
104  121
131  124
111  101
138  116
126  126
127  112
139  100
136  96
102  129
156  119
106  114
98  108
140  97
141  118
169  134
137  115
171  135
160  116
132  101
108  120
184  142
99  108
117  122
86  81
176  152
168  155
119  117
89  104
98  85
137  107
169  145
151  137
163  135
168  148
156  136
130  97
175  151
158  138
144  134
98  89
89  91
100  99
90  94
103  86
180  154
190  142
128  127
107  117
177  153
138  94
137  119
105  119
181  154
139  93
80  94
145  125
193  138
162  145
133  119
163  117
170  156
190  136
143  140
161  146
144  122
179  166
133  138
139  98
159  111
124  129
100  102
126  107
164  132
121  120
128  126
153  128
84  92
123  113
126  124
169  151
135  136
192  145
177  143
150  128
113  114
136  102
186  143
128  110
178  157
95  100
120  107
128  131
90  99
192  141
171  138
132  105
149  124
164  144
182  140
173  151
122  109
87  87
170  140
135  124
180  150
134  99
135  135
80  81
177  139
172  155
173  140
146  125
149  121
97  112
188  136
133  133
84  81
178  162
171  149
127  100
124  101
148  117
186  140
94  104
176  137
144  118
148  113
191  137
126  118
94  94
134  94
138  110
105  129
159  117
116  125
109  117
142  99
129  115
145  134
90  83
120  127
144  137
135  104
124  118
162  117
98  101
152  127
95  84
140  95
148  143
99  101
175  155
103  98
163  138
131  110
124  115
141  96
110  105
125  121
140  118
138  112
123  105
119  122
167  133
100  122
91  100
105  112
117  96
130  102
142  127
194  143
107  96
146  115
110  111
109  102
181  165
151  135
134  109
119  115
128  123
123  126
101  106
123  115
115  96
120  99
106  130
115  119
137  106
95  106
174  149
151  142
177  140
177  156
147  114
95  107
187  139
154  114
126  100
159  140
98  111
85  91
134  111
131  97
180  143
168  147
186  135
95  95
103  103
155  140
122  126
151  120
139  147
128  99
138  137
87  92
124  120
125  111
134  131
163  127
103  97
140  141
180  153
149  138
125  122
162  119
150  114
121  125
108  111
124  114
133  100
101  119
177  142
175  143
110  125
85  81
159  130
145  122
101  105
135  93
93  95
136  116
176  149
83  96
91  85
181  142
93  102
98  102
170  149
107  125
103  106
189  135
101  115
191  144
108  117
129  102
101  112
101  116
132  125
103  124
101  123
109  113
111  105
142  125
104  114
105  127
160  123
173  145
102  112
157  136
140  131
134  120
124  119
115  118
94  106
130  115
100  109
85  87
122  128
137  101
94  84
187  146
178  156
134  110
113  110
104  100
129  122
155  111
161  122
178  155
154  128
126  128
117  107
147  119
172  154
124  108
147  131
121  122
86  101
126  116
116  103
119  120
103  111
121  98
191  136
87  96
134  127
158  115
186  139
157  131
157  137
126  117
140  102
165  150
156  135
167  150
117  106
141  120
100  108
195  142
92  107
192  143
141  139
145  141
97  111
180  161
97  97
173  149
145  131
123  97
142  142
189  146
142  124
136  118
99  106
135  110
105  113
121  103
88  99
143  126
107  120
126  99
160  141
91  83
146  136
175  153
98  105
101  114
179  160
99  110
159  135
185  142
142  138
165  142
189  143
130  122
176  150
189  141
187  142
154  135
121  107
110  124
121  99
99  100
104  101
114  104
163  144
162  126
137  137
179  142
112  120
151  132
122  99
118  100
82  81
162  147
140  98
151  141
123  100
178  148
174  134
122  118
121  115
91  93
97  109
174  146
113  94
132  123
91  88
159  127
