986
109  97
119  67
86  63
175  72
128  73
183  68
89  77
104  73
184  83
181  76
140  62
177  79
140  71
119  60
94  84
122  74
185  64
138  61
75  75
97  82
114  70
97  81
173  82
159  80
132  87
128  77
88  82
167  78
127  76
93  77
103  64
138  87
128  78
97  68
142  67
125  88
84  80
89  71
134  71
135  68
111  71
131  88
138  84
116  76
150  71
133  80
114  95
156  76
152  82
152  74
180  85
81  69
184  70
137  78
91  74
131  71
142  64
123  82
154  66
159  67
144  75
121  56
135  87
117  70
118  73
144  63
137  67
130  87
88  66
173  80
116  83
179  76
100  79
105  65
129  76
136  78
106  84
124  62
148  86
181  75
109  71
162  78
177  78
119  88
154  68
122  78
138  81
133  64
182  79
116  69
125  80
161  67
155  66
124  78
156  79
179  68
143  86
188  89
175  66
146  73
104  72
133  72
98  66
151  74
133  84
189  61
151  65
140  65
94  66
89  72
136  74
94  70
176  84
126  52
134  87
154  70
109  86
124  67
153  60
119  81
155  77
145  89
84  64
96  65
179  87
105  66
109  72
99  78
118  69
139  74
119  64
73  75
141  89
140  79
116  77
104  64
148  60
142  79
168  77
145  75
80  80
129  80
134  80
149  88
73  67
122  86
143  79
125  76
167  72
183  88
153  75
151  78
101  75
97  75
83  73
130  89
160  78
116  80
114  76
153  81
147  77
117  77
173  65
150  62
122  80
162  72
184  86
103  63
138  76
108  65
124  64
140  75
99  64
150  81
166  83
112  85
164  67
138  86
131  79
117  67
182  72
176  81
178  77
182  82
122  85
82  81
175  86
97  69
138  83
76  74
141  69
172  66
159  68
149  85
145  72
120  80
112  67
156  75
132  86
127  74
132  65
130  78
125  82
112  70
121  81
108  84
165  74
134  84
143  90
146  72
153  78
156  82
174  68
170  81
163  75
178  64
186  62
122  65
143  69
115  82
144  77
159  75
100  81
173  83
88  64
96  81
109  93
175  70
127  59
99  77
92  76
187  64
142  62
173  70
133  88
143  84
142  63
111  65
128  80
184  82
122  76
70  75
150  74
184  88
99  83
112  80
97  83
93  70
175  80
186  85
127  68
77  68
111  90
98  63
158  73
145  67
113  89
129  73
187  88
176  74
115  70
73  73
149  96
72  77
182  89
161  72
153  84
129  78
127  62
116  67
157  76
143  80
122  75
151  59
102  76
104  78
175  83
87  80
185  87
109  95
133  69
139  76
137  72
152  89
147  59
71  70
131  84
79  74
128  86
101  79
143  70
149  69
129  74
107  81
138  82
140  78
148  90
129  61
153  58
141  85
151  68
146  68
117  66
147  69
120  85
184  58
141  81
82  74
75  70
143  81
118  80
145  78
138  79
179  75
185  86
106  68
122  59
151  55
104  71
179  70
86  67
124  60
136  81
181  70
183  64
140  85
143  88
103  86
180  88
92  68
106  63
121  69
188  59
153  70
150  92
101  76
155  67
81  65
168  75
131  85
151  86
69  73
82  68
144  88
140  70
125  72
76  72
187  91
171  74
72  75
151  82
78  79
150  95
135  62
96  70
82  66
181  81
136  75
148  94
102  85
153  83
129  62
183  90
135  73
151  84
111  67
146  87
137  83
112  68
172  76
124  80
176  83
123  80
166  69
77  75
171  81
72  73
169  75
140  69
186  90
143  62
174  84
113  81
180  87
151  88
129  68
174  76
183  83
175  71
113  94
174  80
180  76
85  67
131  81
126  84
147  87
84  81
138  72
128  89
103  67
98  62
155  75
99  71
181  78
120  82
116  94
82  78
127  72
180  78
136  86
133  77
153  73
179  63
83  78
95  80
146  81
142  70
116  82
90  72
121  72
133  87
112  66
125  74
149  76
160  69
114  84
139  81
130  83
182  90
188  90
149  73
187  89
79  78
180  62
144  71
94  77
105  88
140  74
147  92
132  74
141  88
102  84
120  79
136  69
130  76
126  63
172  67
151  58
133  70
136  70
178  84
130  86
98  79
134  75
101  68
115  96
167  74
110  70
167  70
156  66
91  64
138  85
145  81
122  81
103  76
110  66
129  83
132  85
183  65
91  69
132  76
93  65
122  70
110  96
98  81
147  60
127  55
148  85
160  75
121  77
132  63
70  68
171  76
144  78
118  90
137  80
143  87
90  79
130  74
146  85
107  68
152  85
90  76
164  78
117  89
143  66
120  78
92  78
185  58
85  81
163  78
90  65
143  83
136  80
147  75
169  83
154  62
180  77
103  79
151  75
141  78
91  65
124  57
126  82
126  79
183  69
145  66
113  85
127  79
178  88
146  62
132  84
136  76
148  78
173  78
157  70
91  85
140  77
120  71
115  85
138  68
137  71
87  65
92  67
100  68
71  75
153  61
74  78
143  91
182  61
181  83
119  72
135  66
112  97
89  76
150  72
145  83
71  74
135  78
124  70
138  75
171  83
96  84
133  74
182  60
127  67
107  73
78  81
129  69
74  75
155  80
151  57
121  59
99  85
115  73
111  79
182  86
139  77
139  84
83  75
131  76
132  75
176  65
108  87
183  60
148  75
91  82
173  76
134  73
135  75
179  85
184  84
182  74
129  79
174  85
180  83
156  73
146  83
148  80
172  82
112  64
114  63
143  89
180  63
178  70
149  87
147  83
90  83
116  70
135  84
153  57
185  84
175  64
102  82
124  84
155  74
85  63
122  71
150  84
129  82
86  72
152  60
119  89
159  71
74  67
106  92
186  87
148  71
136  82
145  62
121  71
135  77
139  79
168  83
83  74
153  68
129  84
121  82
177  82
135  64
125  54
135  81
171  69
105  75
73  77
163  68
90  77
115  74
152  87
142  80
95  72
137  77
179  89
95  69
114  72
132  88
104  66
156  81
127  80
150  87
133  62
141  71
123  66
177  80
136  68
172  74
189  59
97  65
100  69
114  66
137  68
143  63
133  86
98  85
99  65
147  88
142  88
143  82
149  71
95  84
155  82
90  71
150  58
173  64
143  71
143  61
146  71
132  73
101  70
132  79
152  88
92  84
147  85
121  66
159  69
107  75
86  74
181  62
86  81
185  91
96  79
183  87
164  70
117  84
142  69
147  94
140  76
99  70
170  79
169  70
99  86
167  73
95  83
171  68
129  87
146  86
144  76
102  65
148  79
170  80
176  64
145  84
102  79
123  56
101  80
69  72
142  72
178  65
131  66
130  70
152  75
173  77
145  93
93  68
74  72
126  74
113  67
154  63
124  77
175  81
151  60
148  64
123  89
78  76
176  77
149  84
174  69
167  79
99  61
102  71
124  71
120  61
133  68
91  83
146  80
130  79
131  77
75  74
165  71
175  87
127  84
106  75
180  90
139  83
118  59
134  63
108  62
96  78
142  85
134  72
129  81
130  77
142  78
182  84
167  71
131  75
107  87
100  78
178  83
102  70
184  91
171  80
183  80
113  78
132  81
133  78
115  63
108  64
177  62
143  68
166  71
128  85
134  88
85  76
131  78
108  97
142  87
165  82
185  89
114  75
146  69
165  78
164  77
141  86
148  95
172  78
83  79
151  81
139  80
155  78
169  67
149  89
109  77
80  81
135  83
125  77
85  70
89  83
116  74
124  73
141  73
128  84
150  80
93  71
105  64
130  72
148  81
181  88
162  70
93  69
178  86
170  68
175  84
123  78
96  73
129  63
188  60
181  86
127  75
145  74
121  79
142  66
79  67
138  69
96  80
182  67
86  70
127  81
111  86
128  64
136  79
120  68
96  75
131  87
152  68
149  56
125  81
111  77
146  78
128  70
148  69
144  83
130  71
105  74
161  75
105  81
120  75
142  90
139  72
131  64
117  63
172  64
177  85
115  84
95  62
101  81
124  79
133  83
185  85
135  71
140  87
171  67
180  64
125  71
132  69
147  72
89  65
142  84
119  87
148  74
127  69
106  88
133  76
141  79
147  80
101  64
139  82
110  68
104  83
173  81
115  69
165  81
115  72
154  71
164  73
122  87
75  68
134  82
135  70
99  81
133  73
133  81
134  83
84  68
100  66
129  77
126  60
181  87
176  69
111  82
99  69
132  66
114  89
154  80
164  79
179  64
94  86
161  79
135  65
107  62
167  66
121  85
108  96
150  63
182  88
176  66
97  73
127  82
155  76
126  83
172  68
83  76
177  64
117  81
137  84
144  82
108  70
153  76
138  77
134  69
143  77
102  66
109  65
155  83
127  87
186  92
71  72
145  73
131  74
150  61
128  71
110  63
156  80
132  82
166  79
117  75
179  88
142  89
77  71
129  88
156  67
142  77
92  79
186  88
158  75
152  61
119  79
107  63
136  87
185  83
165  77
112  82
135  72
100  84
157  80
148  73
173  74
80  77
128  76
123  72
135  69
113  62
115  77
112  74
115  81
109  84
