686
182  72
171  68
123  82
121  66
187  76
99  70
129  68
174  61
83  75
138  61
96  75
132  79
135  64
122  74
127  72
153  70
89  76
112  74
92  78
105  64
126  83
128  84
176  74
83  78
183  69
146  72
123  66
129  79
133  62
71  66
183  60
166  63
101  68
179  63
160  66
101  64
169  63
142  64
173  62
93  71
121  59
124  79
141  60
78  63
184  70
128  76
124  62
138  79
136  75
127  84
102  65
154  61
104  64
129  80
117  70
104  78
136  80
135  75
128  78
90  65
130  72
112  66
72  73
122  75
122  80
119  79
179  68
172  68
107  73
130  78
134  75
140  77
83  73
159  75
131  75
148  73
129  62
129  76
146  71
119  72
161  65
140  78
189  61
159  71
142  70
138  76
119  60
186  73
131  84
188  74
124  67
128  70
131  77
183  68
144  78
176  64
132  76
150  74
173  64
94  70
134  80
100  69
84  64
154  66
137  80
82  68
147  72
150  58
135  68
179  76
131  74
106  75
173  70
189  74
90  79
185  70
116  76
148  74
148  60
142  72
74  75
169  67
115  73
131  85
122  78
137  68
132  74
124  84
90  77
103  76
91  74
142  63
144  71
124  57
130  77
135  81
184  75
93  69
185  72
89  77
124  64
180  76
163  63
141  69
77  75
131  79
178  70
132  69
133  78
91  65
155  66
83  74
105  66
150  63
186  62
132  66
135  66
139  76
112  70
132  87
177  64
180  62
151  75
179  75
175  72
93  68
143  62
182  60
151  59
134  69
142  77
137  71
96  79
114  72
114  70
98  66
126  60
97  75
155  75
144  77
151  68
114  66
125  80
149  69
184  58
102  79
144  63
90  72
99  69
131  78
159  65
120  80
69  72
174  68
171  67
126  63
122  65
135  62
128  80
143  70
149  76
105  75
99  77
167  71
156  73
172  67
146  68
89  71
147  60
84  68
147  75
109  77
189  59
133  64
108  62
183  73
130  74
118  59
111  71
161  72
127  76
139  74
68  69
142  78
131  87
183  64
114  63
73  67
86  70
174  69
132  81
155  74
134  82
151  74
121  81
183  58
137  78
152  60
156  75
173  65
125  82
101  79
133  87
126  74
96  65
147  59
85  76
120  68
170  63
154  68
184  76
134  63
132  65
129  78
136  74
107  75
120  75
169  70
158  75
155  67
161  64
92  67
99  71
132  63
79  67
153  61
138  77
137  72
145  73
94  77
104  71
156  67
188  57
163  68
135  78
100  79
185  58
141  78
151  65
130  83
157  70
113  78
158  61
124  60
128  73
188  59
125  72
161  67
133  68
95  72
99  65
73  73
180  63
175  66
131  88
133  77
133  76
131  76
140  71
167  66
132  88
71  70
176  69
143  61
132  75
104  73
129  87
136  70
110  63
129  83
172  63
136  79
129  82
124  78
182  61
99  61
86  74
150  71
133  69
158  73
182  77
89  65
155  61
86  67
134  83
85  67
136  68
153  60
135  65
77  71
121  72
109  65
124  73
130  87
189  72
185  64
105  65
133  80
96  78
129  84
170  68
103  79
149  71
154  62
92  79
133  74
156  66
172  64
109  71
93  77
125  77
125  74
122  76
127  75
154  70
101  80
112  64
115  72
113  67
111  79
186  71
104  72
179  64
116  77
100  78
85  63
152  74
137  67
97  73
96  70
164  70
76  72
146  69
130  86
175  70
134  71
175  64
106  68
175  61
153  73
159  67
70  68
114  76
111  67
118  69
162  72
90  76
183  65
130  76
95  69
79  74
75  75
74  72
113  62
157  63
141  73
103  64
117  67
133  84
103  67
100  68
148  71
153  75
151  60
128  71
127  81
127  69
107  62
132  84
140  74
179  70
123  72
91  64
147  77
80  77
131  71
132  73
75  70
152  61
140  76
138  75
132  82
92  76
156  61
143  69
143  77
133  81
135  83
130  70
181  75
94  66
91  69
143  71
148  64
74  67
168  63
115  70
81  63
102  71
145  72
108  70
116  74
98  62
145  74
86  72
127  68
108  64
132  85
161  63
130  71
189  75
128  86
166  71
101  70
77  68
108  65
152  68
128  85
177  62
135  77
121  77
75  74
153  76
82  78
81  65
178  65
166  69
145  75
167  72
93  61
138  72
116  70
146  73
162  70
131  66
110  68
121  71
159  66
97  65
102  70
124  71
145  62
136  69
178  64
99  78
145  66
106  63
117  66
140  75
129  74
134  73
123  80
176  65
183  75
136  81
135  69
98  63
71  72
183  76
76  64
93  70
144  75
176  66
125  71
107  63
140  65
165  65
146  62
129  69
182  76
172  66
92  68
129  77
112  67
165  66
109  72
87  65
150  61
143  63
119  67
126  82
164  64
154  63
122  70
123  78
159  62
133  70
139  72
166  65
110  70
103  63
127  87
164  67
111  77
78  76
132  86
133  73
117  75
107  68
158  65
160  63
134  84
133  86
133  83
90  71
118  73
142  67
140  62
124  70
181  76
131  64
126  84
119  64
121  79
145  67
122  59
135  72
127  79
134  72
160  69
139  77
100  66
75  68
129  61
125  76
167  73
181  70
127  67
165  71
115  77
142  69
141  71
135  71
129  73
169  64
138  68
127  74
83  76
143  66
104  66
85  70
120  61
89  72
136  78
78  64
115  74
182  67
129  88
175  71
112  68
128  77
171  69
155  76
190  77
82  74
138  69
150  72
120  71
187  57
101  76
180  64
188  76
129  81
167  70
122  81
154  71
181  62
166  64
158  63
86  63
143  68
117  77
182  74
136  82
135  70
72  65
120  79
136  76
90  62
110  66
115  69
96  73
75  63
99  64
116  69
102  76
93  65
97  69
105  74
142  62
165  63
171  63
121  69
142  66
76  74
126  79
69  67
127  80
102  66
164  73
159  69
88  66
115  63
133  72
163  64
95  62
98  79
117  63
101  75
147  69
171  62
131  81
129  63
125  81
127  82
97  68
124  80
81  69
150  62
122  71
111  65
139  79
127  62
188  60
188  72
148  69
128  64
82  66
137  77
158  62
140  70
140  69
152  75
114  75
144  76
88  64
130  79
159  68
153  68
162  64
124  77
116  67
135  73
120  78
148  75
149  73
