1238
106  119
192  120
93  102
89  118
90  106
101  119
195  125
98  118
130  123
102  96
164  112
97  112
108  107
130  122
186  123
101  124
138  96
142  112
86  117
120  109
106  114
178  114
134  102
107  117
87  104
134  110
84  111
191  103
123  118
126  101
133  133
147  103
83  110
98  106
193  103
138  121
104  115
124  108
149  106
128  90
151  110
127  137
103  107
127  138
123  115
85  116
166  111
84  104
88  115
171  110
122  100
130  114
130  95
147  101
186  110
153  99
104  111
179  116
99  109
122  95
121  91
75  109
182  107
150  116
121  113
187  122
163  117
137  107
106  107
180  116
125  124
77  107
146  102
108  125
123  98
81  113
112  105
105  108
95  120
120  107
117  96
132  117
94  112
142  108
121  107
94  104
121  132
100  102
182  111
104  114
144  117
136  102
101  122
128  126
131  119
120  99
120  121
92  118
126  124
186  107
107  113
132  105
97  106
121  116
122  94
124  112
188  102
78  105
160  104
104  110
175  109
148  101
169  111
130  97
90  119
122  126
195  122
166  104
187  109
189  119
124  128
125  121
122  115
123  126
132  112
180  110
95  100
103  113
176  116
101  106
183  120
179  108
166  105
139  115
134  107
126  135
92  115
97  118
127  87
80  116
94  115
98  113
100  98
137  122
97  123
106  122
87  105
113  103
96  120
134  104
182  118
82  106
120  105
84  110
127  112
76  107
182  103
148  117
133  115
141  120
97  121
109  124
90  117
140  118
102  111
149  118
103  117
89  110
124  96
130  86
81  107
118  100
119  117
165  112
141  118
94  113
95  115
104  100
148  113
99  110
123  95
117  98
128  133
126  115
164  110
128  136
131  121
142  117
138  98
191  125
118  122
79  109
155  111
193  121
94  105
182  114
101  102
100  101
179  107
122  112
175  118
142  106
101  114
112  113
191  126
98  103
105  119
126  117
178  106
92  120
108  104
159  112
184  103
103  110
122  98
112  125
131  109
177  105
111  100
183  112
126  113
121  125
173  108
124  117
123  104
124  101
150  105
85  112
138  99
172  118
129  120
168  106
189  120
91  103
139  104
92  107
104  101
165  109
96  111
108  97
136  119
107  96
134  105
138  106
94  118
184  110
127  121
123  100
125  91
137  99
76  108
138  105
95  102
97  111
149  101
146  106
106  98
148  104
128  101
183  104
127  101
145  108
153  104
134  94
127  96
171  107
130  92
173  112
137  95
134  125
86  119
138  122
116  94
130  128
111  107
148  122
120  95
143  122
108  126
162  115
131  88
102  107
136  118
99  98
147  115
179  119
91  110
105  111
86  116
76  106
128  99
85  108
84  108
144  122
121  95
143  97
142  103
164  111
108  111
121  98
109  93
180  114
94  120
123  131
165  108
140  120
140  97
178  112
193  123
162  117
154  114
157  102
82  104
167  105
139  102
133  100
118  98
136  112
137  119
114  103
170  110
150  106
118  97
137  100
129  105
109  120
135  104
150  113
161  101
139  98
193  100
174  113
186  114
129  87
136  99
178  109
93  103
166  108
118  125
127  134
107  116
122  124
133  106
152  108
124  119
100  112
145  101
87  114
155  121
85  102
95  111
122  128
114  122
118  127
110  96
131  100
86  111
106  96
180  108
99  108
134  121
158  99
184  102
90  103
123  117
103  103
83  115
121  111
120  127
166  106
140  119
178  116
77  114
82  113
104  113
174  112
163  107
193  119
141  122
194  101
143  121
137  121
93  109
113  113
103  109
121  99
176  106
105  97
188  103
138  118
99  116
189  118
111  117
95  103
131  118
136  96
192  123
130  133
146  111
85  118
93  118
123  113
98  116
120  117
116  125
108  109
120  123
186  119
92  111
90  116
105  123
78  111
129  95
117  106
170  117
169  113
128  85
152  111
106  104
95  119
125  88
128  127
80  113
116  103
142  100
129  99
79  111
134  132
130  94
92  112
105  112
95  112
187  116
185  112
92  110
92  116
124  135
119  129
177  118
133  107
128  107
135  124
131  92
126  99
91  108
121  115
134  99
138  110
128  94
110  114
159  104
94  114
188  104
111  124
164  109
131  124
123  121
108  103
80  104
116  120
130  87
99  102
96  108
168  107
112  120
146  115
178  115
95  108
103  111
124  118
97  109
149  117
116  124
89  101
130  110
110  119
174  115
135  103
98  109
88  99
188  117
164  117
145  107
155  118
87  115
96  98
152  103
136  94
89  105
106  111
162  116
102  103
142  98
172  107
148  100
125  97
126  90
178  107
77  111
130  115
189  122
120  129
109  117
118  129
104  122
124  106
108  116
91  113
113  110
106  95
115  118
180  115
130  102
141  102
142  99
82  115
182  104
187  111
134  120
130  134
110  125
164  106
159  103
76  112
95  106
115  126
88  119
92  119
86  106
92  103
191  123
114  108
82  109
162  110
168  110
96  115
151  119
108  114
112  124
137  106
105  99
112  114
79  106
133  103
91  106
128  131
81  109
113  115
97  119
101  101
120  106
135  102
90  110
97  103
137  124
93  107
132  98
130  125
140  114
180  117
136  117
128  86
132  123
159  117
150  109
125  111
103  124
122  133
125  93
140  100
135  119
99  113
140  101
126  119
143  103
128  104
138  101
95  113
165  115
114  99
131  91
105  118
91  114
98  111
142  101
92  106
128  92
145  105
191  117
119  120
112  111
109  126
117  118
180  112
181  107
134  116
179  117
115  96
134  118
187  110
126  103
184  109
93  108
172  112
126  97
157  103
115  104
133  93
140  102
94  107
146  107
92  117
133  101
117  107
125  122
128  89
125  99
169  110
141  105
185  106
150  104
114  121
114  118
126  129
97  115
123  107
126  118
173  113
167  106
103  118
132  131
126  107
86  102
194  124
102  112
98  107
132  101
133  124
84  113
101  98
126  125
122  109
183  106
181  108
99  105
122  111
125  103
164  104
149  107
129  106
135  96
126  116
186  113
168  116
124  94
119  115
150  117
81  104
116  117
124  129
113  112
121  93
87  117
88  100
121  109
99  96
122  117
126  94
107  125
111  101
124  120
173  110
127  90
126  134
93  114
130  120
156  108
160  100
136  115
101  104
123  94
164  107
189  121
101  108
164  116
187  105
101  115
122  113
118  118
93  105
104  123
153  106
184  105
140  117
138  94
167  107
180  104
94  100
133  132
153  103
164  102
134  131
183  111
133  113
113  94
102  109
116  115
179  104
107  106
144  97
162  106
91  121
163  118
123  101
130  124
130  96
134  109
88  117
140  115
114  95
143  110
139  100
183  110
85  113
121  103
129  102
131  127
116  112
121  124
88  102
178  108
127  104
185  103
106  121
127  102
156  109
93  101
127  116
105  107
152  110
130  131
112  97
135  94
181  114
181  110
135  111
176  108
136  116
167  111
77  112
109  102
103  106
173  115
104  116
120  122
89  104
192  105
155  117
123  92
167  115
120  101
133  116
157  109
118  107
81  115
104  118
103  97
143  118
119  128
168  112
146  120
129  136
168  105
118  104
80  110
165  105
160  99
127  117
99  100
187  103
153  107
186  108
170  108
189  116
186  120
137  115
129  127
111  105
147  114
124  121
96  97
121  92
108  100
152  117
127  132
129  119
93  113
90  99
98  98
136  122
137  102
150  114
95  107
124  134
188  105
130  121
131  110
124  130
87  103
142  116
161  118
119  123
100  99
88  110
144  111
86  104
134  127
133  97
132  125
190  121
127  123
190  103
126  120
98  119
124  103
161  113
114  104
122  123
106  118
105  116
175  114
113  114
103  93
103  125
148  108
78  113
129  122
175  112
79  115
176  115
86  109
128  110
78  112
156  102
133  118
137  103
102  100
140  111
107  115
133  122
128  108
173  109
181  111
78  115
127  91
82  102
107  121
94  122
91  115
104  120
123  109
158  115
144  98
163  105
107  120
84  102
140  122
139  127
168  114
110  124
114  102
99  104
101  116
110  109
178  111
162  111
170  112
134  97
108  112
121  123
166  115
148  99
120  119
108  98
126  100
98  122
122  118
127  100
147  105
108  96
79  112
155  107
174  110
125  131
83  116
105  105
76  110
145  122
190  107
90  102
115  119
133  119
156  104
98  101
150  120
182  115
116  127
132  103
80  108
130  89
121  94
147  121
106  102
151  112
76  111
155  104
191  109
124  90
117  122
175  117
160  116
131  87
139  101
98  105
122  105
99  107
108  120
118  126
83  113
123  93
82  111
182  105
170  111
91  105
161  110
190  118
142  121
190  106
127  98
100  107
93  100
138  116
111  106
129  117
191  122
96  117
151  120
160  112
117  115
149  108
101  123
161  105
110  112
122  99
153  100
127  131
131  96
147  102
160  108
110  105
87  112
109  113
84  117
131  97
185  108
191  121
140  98
121  120
162  105
109  121
86  115
141  103
159  107
151  103
120  114
130  119
84  112
89  106
159  114
127  130
169  106
100  118
171  109
94  106
138  112
110  111
113  99
175  108
191  118
163  108
87  109
167  113
132  124
149  109
132  100
131  128
101  112
83  106
167  110
169  116
107  99
155  120
103  98
131  93
87  111
96  119
98  115
82  107
99  106
87  101
124  122
97  98
80  115
100  122
97  104
126  98
181  105
100  100
109  95
100  111
179  113
118  109
118  110
101  105
124  131
79  114
193  124
179  106
98  102
94  119
88  114
87  106
94  102
135  110
100  117
163  112
156  114
87  102
189  108
132  115
101  117
90  120
129  115
126  126
123  105
165  113
126  93
143  98
127  124
162  108
162  119
182  108
184  114
100  97
127  129
108  118
124  115
96  116
98  95
140  105
175  116
104  106
175  111
130  109
193  120
86  103
121  106
126  131
131  122
132  109
186  112
130  98
172  108
102  105
100  104
169  107
111  109
102  94
85  104
144  101
124  114
94  116
185  121
105  113
141  121
98  108
97  107
141  111
161  111
91  116
131  95
160  109
117  113
95  105
190  123
134  133
109  104
134  111
87  118
104  121
145  102
126  133
146  122
183  113
126  128
87  120
128  123
123  89
190  108
132  130
147  119
133  129
159  111
95  122
128  135
134  123
163  103
101  95
115  122
93  119
137  101
92  114
93  98
129  96
90  108
188  106
171  114
107  122
171  111
128  134
178  119
120  126
158  106
164  115
120  110
94  111
184  111
192  121
85  107
178  117
78  114
147  104
83  105
129  134
189  107
100  108
134  119
100  109
108  117
119  118
187  114
144  118
97  97
144  121
149  111
145  99
184  115
149  104
150  100
151  111
176  107
149  103
139  117
84  118
118  114
139  126
162  112
75  110
169  105
148  115
148  110
178  118
181  113
153  101
79  105
107  107
150  118
123  97
126  121
131  117
130  93
113  101
122  108
180  109
88  112
118  123
142  120
97  102
89  120
156  119
163  111
162  102
123  124
121  122
168  113
99  119
145  113
131  106
192  118
146  104
162  101
187  102
91  100
119  125
186  105
190  109
190  104
128  113
191  107
125  116
119  127
134  106
119  122
138  125
129  88
127  133
124  125
109  97
181  112
134  96
134  100
99  101
124  132
110  120
130  111
85  117
188  124
139  97
149  121
138  117
185  113
114  116
84  106
147  113
111  123
106  105
179  110
91  99
