870
122  94
132  105
121  92
148  117
171  141
128  85
100  68
176  140
150  117
187  140
125  91
103  64
106  96
171  149
189  142
140  115
135  110
145  101
133  83
194  143
134  107
148  100
147  113
145  108
165  132
148  110
109  72
118  90
170  137
131  87
126  90
172  137
91  65
130  87
148  99
109  86
109  97
201  144
112  68
96  75
102  65
133  86
133  101
177  144
120  71
153  128
193  138
101  64
173  155
134  88
181  147
175  151
115  84
191  144
171  150
102  60
89  57
133  106
171  146
186  138
203  143
92  57
147  119
125  80
175  136
105  75
129  83
181  148
135  103
171  153
206  145
128  104
152  127
149  111
120  91
166  134
167  134
161  122
112  97
101  70
105  81
169  142
149  101
134  105
150  114
153  98
160  135
174  149
183  141
132  98
184  146
178  152
131  106
115  72
97  68
172  151
138  117
114  72
113  85
118  69
127  104
97  69
177  142
203  144
153  104
123  94
177  143
106  63
101  75
205  142
138  94
178  148
142  98
133  93
152  108
152  98
135  111
169  150
133  97
115  73
117  81
126  101
151  120
123  97
169  151
125  81
126  82
123  89
139  100
140  93
177  153
103  63
106  88
138  105
136  116
172  155
126  99
104  78
163  127
130  102
139  90
187  146
185  146
100  78
118  97
102  76
107  96
194  145
158  123
153  106
93  65
142  112
102  66
180  146
180  149
194  139
134  97
139  115
167  130
137  103
185  147
195  142
116  74
157  134
179  142
152  111
140  98
129  79
115  96
145  113
154  122
195  140
109  93
114  95
98  63
159  128
142  95
171  138
111  90
169  136
108  70
153  103
122  95
186  146
148  101
141  111
106  75
184  137
140  118
116  82
121  99
112  70
173  153
93  61
127  91
151  112
130  95
105  88
148  122
122  100
140  102
153  123
157  131
153  107
143  118
132  100
164  132
126  79
166  123
121  81
163  132
133  90
180  148
173  140
147  102
122  78
166  138
150  100
99  64
173  151
122  75
135  90
176  137
140  111
167  133
136  96
93  69
197  140
132  109
134  102
181  146
107  81
130  92
136  112
164  126
157  103
153  99
114  89
162  121
122  99
167  140
174  140
144  101
198  141
176  151
150  116
139  117
124  73
163  135
120  75
142  117
115  81
132  81
130  89
121  72
182  143
165  130
197  142
170  132
139  102
136  87
168  139
147  103
134  87
134  94
182  144
99  70
177  137
135  102
157  102
131  79
131  95
162  126
132  101
127  82
140  97
128  86
150  120
144  97
187  145
111  82
173  141
195  145
127  96
175  155
197  144
120  95
147  124
176  145
154  114
132  82
102  70
149  103
197  139
148  97
175  139
185  142
139  98
121  79
121  85
115  74
145  95
138  91
146  104
177  140
130  83
158  128
144  111
182  141
106  68
198  142
150  104
129  80
139  101
97  59
144  118
146  97
121  98
132  87
130  86
198  143
121  91
177  139
106  98
128  101
131  93
152  110
117  89
142  100
115  70
155  133
115  85
122  71
120  82
119  87
114  76
166  139
132  86
132  90
125  88
186  139
133  107
172  153
195  143
181  137
171  142
110  70
192  146
159  132
93  60
149  97
123  93
99  61
172  144
125  74
153  101
159  130
123  100
141  118
106  92
159  127
142  101
195  144
131  84
111  71
131  97
99  69
101  76
108  87
100  66
116  83
200  145
167  128
141  105
136  94
166  136
179  151
119  81
122  87
187  142
165  134
144  96
190  142
168  134
134  100
147  121
119  88
201  141
115  69
133  87
117  70
183  138
134  116
149  108
156  104
127  102
178  146
173  154
136  88
114  70
168  142
133  84
129  88
121  93
103  67
176  149
162  129
168  129
109  65
126  103
172  149
141  96
175  148
142  94
150  106
131  85
116  76
113  94
110  68
134  99
140  114
123  80
114  84
154  128
171  154
179  146
91  64
192  141
167  131
121  77
128  90
113  89
156  114
174  143
137  102
171  135
95  59
145  96
130  96
152  103
189  141
129  82
177  151
94  70
107  63
137  100
127  101
157  125
93  68
148  113
150  118
129  99
127  84
127  79
153  122
133  100
95  72
132  88
102  79
150  105
143  94
199  141
106  84
166  125
125  82
180  147
134  89
101  79
123  78
117  77
145  102
113  78
184  140
141  103
129  96
124  94
175  141
135  93
105  66
161  128
109  71
135  89
172  146
99  71
126  97
202  141
97  75
180  144
146  98
146  122
124  90
192  143
142  116
144  117
188  137
185  137
138  118
159  131
102  71
130  79
125  93
143  98
111  79
174  148
119  92
188  142
122  86
196  144
137  91
142  99
94  66
170  144
132  85
115  82
130  97
137  93
108  98
133  113
134  110
98  66
104  72
176  150
182  148
128  99
166  124
127  80
117  75
155  131
155  117
180  138
144  98
122  85
127  100
107  68
136  102
132  84
185  141
146  107
107  87
138  106
127  87
134  84
111  65
126  93
176  144
149  107
136  115
173  150
96  65
189  146
138  101
131  91
140  117
165  124
125  103
175  153
172  154
147  104
151  123
129  87
90  62
146  115
143  103
129  105
162  123
170  140
190  140
111  77
183  147
145  107
127  81
175  140
138  99
148  115
105  64
121  82
174  144
109  84
186  143
99  65
165  131
150  97
141  92
172  135
124  77
165  136
123  92
97  58
136  93
164  125
139  104
137  107
115  77
155  121
179  152
185  144
142  108
155  118
170  146
167  127
169  134
125  99
95  62
135  96
134  109
100  60
105  65
156  119
165  133
170  149
133  103
139  97
135  87
110  96
169  143
112  74
128  78
142  103
137  95
112  66
96  73
138  110
131  96
137  101
116  77
133  115
98  62
120  79
155  104
138  116
150  126
177  149
104  73
193  143
152  123
184  142
174  146
124  96
187  139
139  93
92  67
136  89
134  104
155  126
122  81
121  95
131  92
168  138
173  137
137  115
163  126
140  101
97  65
104  64
151  119
92  68
152  117
120  90
165  126
136  117
95  60
152  126
138  98
129  95
160  123
128  77
153  100
165  123
124  79
135  94
190  144
111  86
131  100
125  77
147  105
112  67
195  141
131  88
135  104
130  93
123  95
171  133
173  145
126  83
196  143
181  142
164  130
189  143
107  73
149  118
161  121
143  97
129  84
175  143
121  94
148  108
192  145
119  79
201  143
138  96
156  102
181  139
160  131
149  106
123  82
143  110
128  92
156  132
173  152
104  66
108  96
116  94
129  102
124  78
111  67
125  97
113  81
129  106
134  90
170  145
172  136
113  67
178  147
159  133
127  98
95  69
146  120
176  141
138  90
145  105
117  96
146  102
137  106
100  59
119  72
145  99
149  117
141  102
161  131
120  80
157  133
169  145
127  90
124  101
130  94
147  115
151  110
106  95
108  97
128  84
126  94
103  76
107  75
173  149
116  70
124  84
193  140
117  84
110  66
96  70
128  94
151  103
153  129
150  109
131  81
148  104
147  101
200  141
128  89
188  146
112  80
116  80
163  124
175  144
129  78
155  120
149  124
103  79
182  139
109  95
126  84
149  109
133  88
98  58
101  68
134  106
108  64
146  111
125  76
182  140
140  95
123  101
99  78
104  71
150  113
140  105
136  91
151  111
175  152
168  128
112  82
122  80
119  89
118  73
109  77
122  76
181  145
129  81
116  69
127  76
126  100
194  142
159  117
147  114
141  94
169  149
187  143
172  140
130  98
120  85
108  65
202  142
176  152
150  98
120  78
186  140
136  99
179  139
121  71
180  143
122  98
173  142
99  77
149  104
122  74
114  75
124  80
107  99
183  143
158  121
176  139
155  107
97  73
128  80
123  98
182  146
160  134
126  98
134  96
100  69
180  141
180  139
105  74
137  99
142  106
146  106
169  147
159  125
149  121
123  72
132  91
171  134
132  103
140  100
118  80
134  111
159  135
108  84
112  85
138  112
