1456
142  129
170  163
99  108
85  87
118  114
87  92
146  136
141  151
110  124
158  148
177  172
108  109
147  139
161  144
101  102
114  141
107  121
96  73
118  98
120  119
117  136
101  76
124  117
116  125
168  155
89  83
140  122
141  146
104  111
185  158
102  85
132  98
157  149
158  147
132  141
160  141
113  94
142  103
121  144
144  96
143  157
135  119
128  110
173  155
164  163
81  65
144  111
149  135
135  96
100  98
142  95
84  92
146  150
79  74
162  153
145  146
99  98
122  108
103  106
122  112
127  100
94  104
128  113
86  81
117  107
111  107
140  117
92  95
125  124
152  127
140  118
95  106
179  168
83  79
117  106
162  159
113  114
144  155
147  162
134  116
153  134
131  106
126  100
140  114
186  161
178  162
119  145
138  139
113  112
118  125
118  110
170  166
147  157
163  165
130  97
115  96
122  123
156  155
146  162
120  114
160  149
147  130
91  95
76  72
102  84
137  102
129  134
165  154
126  129
110  135
102  103
111  123
174  180
108  107
173  178
157  156
155  137
110  105
101  75
166  157
188  162
96  81
105  81
124  108
113  139
108  100
101  108
173  152
134  97
119  117
134  118
143  128
157  151
97  98
141  94
142  100
155  155
161  151
134  135
164  168
134  133
107  87
185  157
93  102
148  134
124  125
138  121
127  96
176  160
120  105
121  92
127  101
140  131
121  113
151  141
99  107
139  127
149  148
117  115
133  133
114  102
141  129
149  128
122  140
108  116
106  121
121  124
120  99
132  131
147  131
168  159
119  137
153  156
166  172
118  118
170  176
139  147
112  139
177  156
145  156
117  122
169  178
146  122
124  112
157  148
121  123
92  84
124  131
129  99
186  156
104  90
150  159
135  110
98  107
100  107
142  94
127  124
84  81
166  166
104  114
129  102
150  140
126  103
141  96
148  157
142  142
162  145
178  155
140  120
137  103
140  138
110  109
147  151
113  132
96  93
145  131
119  89
124  129
131  128
118  109
91  85
142  160
189  163
165  166
81  83
167  177
133  116
173  170
120  129
136  102
143  152
120  123
130  111
159  157
122  141
120  90
166  144
173  153
135  137
105  116
109  93
148  141
102  107
121  135
140  97
114  121
86  74
86  72
169  180
173  151
152  142
147  132
90  83
142  138
174  179
133  124
154  128
185  159
135  104
99  86
116  127
106  102
81  69
167  164
175  173
91  86
93  100
117  137
136  118
115  146
160  160
134  100
99  77
83  78
109  84
116  124
103  79
168  153
167  157
82  66
98  89
121  109
160  156
146  156
121  136
160  151
95  102
142  108
128  131
130  128
93  101
82  81
141  120
141  111
157  145
103  98
142  127
162  137
108  96
141  144
163  152
155  156
113  81
115  119
109  139
130  123
172  177
132  100
103  93
140  98
115  118
101  80
162  147
142  112
136  119
122  113
77  75
119  118
146  98
164  144
121  115
146  143
125  121
146  154
144  117
103  113
134  110
102  100
96  97
139  115
169  151
180  159
125  131
87  97
141  105
101  115
154  146
92  79
147  146
98  85
117  113
133  107
130  134
145  101
110  96
153  128
129  140
122  128
88  89
158  152
158  138
145  132
114  122
136  137
165  167
143  126
140  119
124  103
123  109
94  94
120  135
126  121
123  92
108  140
139  102
101  112
109  104
108  87
176  168
123  105
150  144
168  173
139  100
118  144
167  160
158  142
112  124
114  103
174  173
122  99
108  104
114  104
117  139
186  155
149  158
159  145
174  170
174  184
150  128
90  99
159  150
153  129
156  150
170  159
108  120
100  78
100  92
109  102
156  149
151  149
137  122
94  102
171  162
153  150
108  112
169  176
138  105
89  72
94  105
157  136
118  127
170  165
171  163
166  162
130  131
148  158
137  99
117  131
131  124
95  84
113  110
158  156
106  88
156  154
145  99
168  174
135  136
151  140
135  103
149  150
165  143
142  150
159  153
154  153
91  100
138  112
86  70
97  94
172  176
168  163
146  160
159  149
161  153
95  105
168  162
117  130
146  128
97  73
149  142
100  112
103  103
144  139
146  144
156  156
135  135
164  158
102  111
94  100
133  136
156  157
164  152
162  151
145  158
109  95
121  107
108  138
157  131
116  139
121  132
162  154
154  148
98  102
144  154
118  136
117  134
131  97
119  125
140  111
166  170
135  102
145  122
98  105
131  109
142  120
91  94
134  125
94  92
120  117
130  98
172  174
145  150
111  139
132  130
148  153
123  141
116  137
123  126
108  98
166  169
171  184
131  119
134  142
172  179
116  120
123  100
165  155
141  131
98  95
85  91
168  172
120  122
139  97
127  130
125  116
134  102
148  122
162  142
104  116
173  184
128  107
128  126
102  76
128  108
126  119
170  184
133  141
124  121
141  122
112  82
167  161
107  113
138  116
159  151
157  154
146  158
108  118
99  96
91  83
126  107
126  113
172  182
161  146
178  154
157  139
134  119
132  105
138  135
102  89
184  164
123  118
172  154
172  155
143  156
106  84
90  94
128  127
139  117
168  166
119  136
168  154
133  138
149  155
168  158
108  84
172  184
134  96
133  97
94  86
166  152
134  131
151  135
193  160
178  157
181  156
110  120
116  103
83  75
158  150
173  154
127  98
141  102
172  153
138  96
105  99
87  89
163  150
126  125
144  158
84  87
144  97
157  146
139  133
100  79
90  71
128  134
88  94
121  116
134  121
99  104
151  123
121  125
167  169
127  121
137  145
83  73
160  153
115  142
172  181
97  102
98  109
143  110
109  97
162  160
180  161
121  95
78  76
148  154
162  158
119  123
144  131
154  147
112  111
105  118
137  137
79  78
101  114
172  151
112  97
93  98
97  97
171  153
143  103
125  111
152  143
103  107
141  103
141  121
169  150
87  87
127  116
113  85
187  162
165  168
100  109
151  158
113  99
89  77
92  78
142  157
99  85
124  96
124  134
132  123
132  109
132  125
93  77
101  106
123  117
119  122
120  141
102  93
120  110
112  133
138  117
142  125
93  71
156  138
151  127
119  144
104  118
129  119
144  98
127  123
82  78
100  111
99  110
103  86
111  90
124  106
99  102
182  161
152  150
177  154
126  128
120  139
134  127
160  140
140  101
143  158
141  133
156  135
145  96
140  102
145  151
119  115
174  168
144  122
187  163
128  133
91  93
176  176
80  77
126  117
135  124
114  95
155  136
99  81
129  105
189  162
124  122
105  111
138  106
122  105
91  99
171  182
114  116
138  125
90  102
103  110
110  133
118  123
130  121
185  156
97  88
119  127
105  108
142  154
96  80
144  101
156  136
97  75
99  109
111  101
146  120
151  153
145  125
89  76
130  124
109  121
138  122
127  137
131  117
136  115
185  161
165  164
135  111
82  68
136  99
134  139
125  122
142  99
163  154
122  115
102  96
145  147
90  72
146  147
94  95
152  145
126  97
168  148
107  106
144  94
131  110
138  137
90  85
119  128
120  126
99  105
117  129
175  158
100  108
108  103
146  145
106  92
108  114
140  136
104  101
167  150
122  100
143  148
103  109
142  139
151  142
94  84
182  158
183  155
120  109
123  101
101  88
142  124
119  143
114  130
147  119
150  133
163  142
133  103
165  173
150  153
89  71
144  134
151  133
121  99
131  100
169  182
168  177
104  106
96  98
150  147
121  120
134  109
112  140
143  161
133  100
151  152
140  144
95  107
148  137
161  160
137  100
77  71
162  156
126  126
131  118
178  156
115  84
163  144
134  120
118  100
119  129
187  161
175  170
182  163
116  115
145  102
175  160
167  174
175  162
126  135
151  159
100  104
76  74
142  155
128  135
143  131
158  149
166  160
119  92
130  119
109  120
119  130
142  144
144  133
138  98
122  109
105  119
119  88
100  81
153  148
147  149
123  138
107  96
138  142
116  133
139  101
128  136
126  133
99  83
128  101
97  104
106  96
121  94
130  114
136  143
174  175
145  134
96  87
145  153
114  89
121  140
156  132
112  85
172  175
168  160
117  118
101  98
112  105
93  103
164  143
104  100
168  168
113  101
125  103
77  68
134  123
104  113
152  159
123  104
147  138
109  124
95  103
149  133
160  154
151  147
116  132
106  114
114  108
187  157
188  161
161  152
124  101
137  119
148  146
139  143
129  122
125  93
123  131
129  96
124  132
80  81
147  121
109  86
166  171
160  152
149  132
179  160
157  150
122  95
118  129
148  136
129  117
133  132
111  124
105  88
138  146
118  126
85  76
114  118
91  103
95  72
140  141
148  131
113  113
134  132
154  133
173  158
110  140
133  135
126  99
126  101
123  113
143  98
155  154
111  106
115  104
100  100
138  118
179  165
141  149
122  111
130  133
96  84
105  113
97  107
112  125
96  88
127  138
107  116
127  133
159  140
126  124
172  173
130  115
127  134
114  99
100  97
171  177
110  112
114  142
173  180
150  151
144  162
115  122
106  95
102  79
167  148
163  153
130  125
130  102
133  122
144  127
152  152
115  126
140  135
152  157
147  144
150  126
90  79
149  138
124  130
148  147
171  168
133  118
121  91
111  100
172  183
111  86
144  151
165  156
151  139
134  136
108  139
160  135
121  111
142  140
145  95
111  105
129  115
120  101
121  93
101  105
127  112
163  157
100  102
153  138
103  76
143  155
160  143
123  115
91  82
105  112
144  161
163  166
143  94
152  155
137  121
105  105
88  82
122  98
153  143
176  162
106  107
83  74
110  114
140  127
103  97
101  104
147  147
130  120
139  126
112  120
129  136
123  124
128  99
122  133
123  94
140  115
98  108
90  87
120  121
136  141
126  94
140  100
154  144
109  117
130  110
95  80
154  145
149  151
115  143
136  112
103  111
158  154
102  112
121  103
133  142
188  160
166  158
124  118
100  99
112  136
123  93
142  101
92  76
125  99
152  126
158  144
158  135
155  134
99  106
95  83
124  94
120  145
97  81
79  67
121  137
109  113
98  101
143  118
113  103
173  167
118  97
78  79
126  98
163  158
136  116
124  115
91  74
189  158
101  79
157  137
116  140
159  147
133  115
151  129
171  154
141  118
85  70
151  137
116  128
179  166
102  105
126  115
121  122
148  148
152  128
166  154
105  107
98  111
163  140
154  135
91  88
95  95
99  78
132  103
185  166
98  103
133  106
123  95
107  107
168  179
102  94
181  165
119  133
85  84
174  166
115  85
172  172
165  150
146  127
149  137
104  115
162  161
164  162
116  94
126  131
166  149
155  133
91  92
124  128
157  134
129  120
182  165
113  115
110  111
100  101
113  134
96  108
82  74
170  162
112  114
167  155
166  141
137  124
89  91
170  156
131  127
120  95
97  106
128  104
124  135
154  151
97  103
128  123
107  81
109  138
118  122
98  79
124  120
146  126
169  160
88  90
150  154
147  124
164  151
167  159
89  94
155  140
136  122
96  78
174  171
101  95
144  118
171  165
101  81
167  172
140  132
170  171
134  104
188  158
143  97
120  138
89  101
122  117
145  136
174  157
152  133
134  99
98  106
142  98
124  119
126  116
149  124
133  113
84  80
85  81
146  97
143  122
108  97
116  117
154  149
107  120
143  127
118  90
179  159
153  151
134  105
140  105
168  176
139  138
138  132
136  117
106  98
164  167
96  79
165  142
151  156
121  106
131  122
142  121
106  104
92  103
150  152
132  112
105  97
104  83
112  113
90  76
110  137
165  159
133  119
127  102
95  100
113  133
137  106
106  118
193  159
107  117
141  127
98  81
120  127
98  91
167  158
169  172
108  117
126  134
83  76
117  89
149  127
118  104
145  129
108  111
169  149
120  140
146  134
111  82
121  139
87  80
159  155
107  99
138  99
157  138
136  136
111  142
111  117
144  121
129  127
97  83
114  84
99  100
134  106
114  133
117  144
135  143
107  122
138  140
97  82
183  165
154  136
149  149
123  97
129  106
127  132
158  151
80  80
155  131
98  98
123  107
139  98
113  129
101  101
102  82
163  159
147  152
106  111
111  109
167  162
175  179
100  88
142  117
184  160
106  105
155  158
148  139
132  101
90  77
138  110
112  131
122  124
143  121
93  96
122  126
120  91
102  109
143  144
132  117
175  153
151  143
117  135
126  120
162  155
154  138
153  133
155  144
155  153
122  94
122  118
148  138
141  139
88  87
106  119
134  107
84  68
175  155
155  149
136  134
120  106
146  125
93  86
134  111
107  115
137  107
127  104
140  147
136  96
118  107
139  104
133  101
132  124
150  145
142  133
146  130
125  97
142  116
116  112
121  98
159  148
139  140
103  117
93  95
145  141
157  133
114  138
96  75
145  124
151  131
159  135
113  130
163  163
99  101
142  106
137  101
88  97
150  137
143  140
104  78
146  124
117  96
159  156
123  98
138  133
130  122
123  121
158  137
94  77
115  144
114  134
133  129
119  138
137  134
144  137
148  143
104  110
86  87
127  117
149  136
191  163
130  109
87  96
155  150
164  153
152  156
138  101
110  119
117  98
119  120
144  126
154  132
100  84
131  121
151  132
127  131
137  115
126  118
145  162
176  171
132  115
146  142
94  106
170  183
124  114
120  107
127  129
87  95
113  89
151  155
